T_above,diff_above,T_bellow,diff_bellow
33.78318228121087,-0.21681771878913025,20.232868620495058,0.23286862049505785
33.57344885597563,-0.20973342523524252,20.458493181501378,0.22562456100632033
33.370987232608556,-0.2024616233670713,20.677511460105457,0.21901827860407863
33.175530968231996,-0.19545626437655983,20.89009326982708,0.21258180972162322
32.98682426664824,-0.18870670158375447,21.096405673769343,0.20631240394226324
32.80462150440548,-0.18220276224275977,21.296612908469026,0.2002072346996826
32.62868677616277,-0.17593472824270862,21.490876315526688,0.19426340705766165
32.45879346324409,-0.16989331291868126,21.67935428529308,0.1884779697663923
32.294723824041604,-0.16406963920248785,21.8622022116119,0.1828479263188214
32.13626860501602,-0.15845521902558346,22.0395724566893,0.17737024507739818
31.983226671118775,-0.15304193389724574,22.211614325227355,0.1720418685380558
31.835404654537296,-0.14782201658147898,22.378474047023236,0.1668597217958805
31.692616620732625,-0.14278803380467053,22.54029476728929,0.16182072026605354
31.55468375080351,-0.13793286992911646,22.697216544007507,0.1569217767182174
31.421434039271908,-0.13324971153160092,22.84937635167719,0.1521598076696833
31.29270200643902,-0.1287320328328896,22.99690809086405,0.14753173918686002
31.168328424514673,-0.12437358192434544,23.139942603000787,0.14303451213673668
31.048160056770232,-0.12016836774444073,23.278607689928435,0.13866508692764867
30.93204940901343,-0.11611064775680191,23.413028137706924,0.1344204477784885
30.81985449272179,-0.11219491629163869,23.543325744257697,0.13029760655077283
30.711438599213654,-0.10841589350813763,23.66961935043129,0.12629360617359353
30.60667008427439,-0.10476851493926276,23.792024874127335,0.12240552369604529
30.50542216268522,-0.10124792158917018,23.910655347118134,0.1186304729907981
30.40757271213881,-0.0978494505464127,24.02562095425646,0.11496560713832693
30.31300408605385,-0.09456862608495697,24.13702907477194,0.1114081205154811
30.221602934830756,-0.09140115122309567,24.24498432538184,0.10795525060989775
30.13326003511485,-0.08834289971590437,24.349588604965216,0.10460427958337704
30.047870126660307,-0.08538990845454464,24.450941140567956,0.10135253560273938
29.965331756411725,-0.08253837024858157,24.54913853452634,0.09819739395838312
29.88554712943908,-0.07978462697264632,24.644274812511664,0.09513627798532553
29.808421966386074,-0.07712516305300454,24.736441472316084,0.09216665980441974
29.733865367107192,-0.07455659927888192,24.82572753321501,0.08928606089892455
29.661789680192065,-0.07207568691512733,24.912219585754517,0.08649205253950853
29.59211037808486,-0.06967930210720397,24.99600184182426,0.08378225606974254
29.524745937531275,-0.06736444055358604,25.077156184892296,0.08115434306803593
29.45961772509319,-0.06512821243808631,25.155762220284394,0.07860603539209876
29.396649887489744,-0.06296783760344482,25.231897325403057,0.07613510511866295
29.335769246532912,-0.060880640956831655,25.305636699793755,0.07373937439069778
29.276905198442485,-0.058864048090427445,25.377053414969655,0.07141671517589998
29.21998961733334,-0.05691558110914485,25.446218463918346,0.06916504894869036
29.164956762679733,-0.05503285465360719,25.5132008102205,0.06698234630215438
29.111743190572696,-0.05321357210703681,25.578067436717845,0.06486662649734498
29.060287668595834,-0.05145552197686243,25.640883393675676,0.06281595695783082
29.010531094151677,-0.0497565744441566,25.701711846385336,0.06082845270966075
28.962416416085414,-0.048114678066262684,25.760614122168445,0.05890227578310814
28.915888559452203,-0.046527856633211684,25.81764975673977,0.05703563457132432
28.87089435328959,-0.04499420616261318,25.872876539896062,0.055226783156292925
28.827382461260243,-0.04351189202934691,25.926350560500588,0.05347402060452566
28.785303315035698,-0.04207914622454467,25.97812625073832,0.051775690237732874
28.744609050304046,-0.04069426473165194,26.028256429619866,0.05013017888154536
28.70525344528093,-0.03935560502311475,26.076792345716125,0.04853591609625951
28.667191861620005,-0.0380615836609266,26.12378371910798,0.04699137339185455
28.63038118761477,-0.036810674005234745,26.16927878253982,0.045495063431840066
28.594779783595076,-0.035601404019693916,26.21332432176684,0.044045539227020924
28.560347429423903,-0.034432354171173074,26.25596571508874,0.04264139332190098
28.527045274004575,-0.03330215541932802,26.29724697206824,0.04128125697949869
28.49483578671355,-0.032209487291023464,26.33721077142758,0.039963799359338026
28.463682710676615,-0.03115307603693651,26.375898498124425,0.03868772669684617
28.433551017813638,-0.030131692862976678,26.413350279609993,0.0374517814855686
28.404406865575343,-0.029144152238295362,26.449605021267796,0.03625474165780318
28.376217555303757,-0.028189310271585555,26.484700441041653,0.03509541977385666
28.348951492149258,-0.02726606315449942,26.518673103254102,0.03397266221244877
28.322578146478982,-0.02637334567027594,26.551558451625308,0.032885348371205936
28.29706801671883,-0.025510129760153433,26.583390841496513,0.03183238987120518
28.27239259356715,-0.024675423151677478,26.614203571269336,0.030812729772822678
28.248524325527708,-0.023868268039443308,26.644028913068126,0.029825341798790816
28.225436585707047,-0.023087739820660147,26.672898142636026,0.02886922956789917
28.203103639827056,-0.022332945879991684,26.700841568475205,0.027943425839179525
28.181500615403994,-0.021603024423061612,26.727888560242356,0.02704699176715053
28.160603472046816,-0.020897143357178294,26.754067576410705,0.02617901616834928
28.140388972832444,-0.02021449921437224,26.779406191211333,0.025338614800627823
28.120834656714578,-0.01955431611786551,26.80393112086477,0.02452492965343822
28.10191881192612,-0.018915844788459424,26.82766824911666,0.023737128251887896
28.083620450336408,-0.018298361589710765,26.850642652090226,0.02297440297356701
28.065919282727005,-0.017701167609402546,26.872878622468033,0.02223597037780678
28.04879569494944,-0.017123587777565064,26.89439969301612,0.021521070548086385
28.032230724932482,-0.016564970016958114,26.915228659465352,0.020828966449233377
28.016206040505143,-0.01602468442733951,26.93538760276084,0.020158943295488285
28.000703918005833,-0.015502122499309934,26.95489791069522,0.0195103079343788
27.98570722164661,-0.014996696359222739,26.973780298937907,0.018882388242687398
27.971199383605484,-0.01450783804112632,26.992054831473908,0.018274532536000976
27.957164384816924,-0.01403499878855996,27.00974094046635,0.01768610899244294
27.9435867364384,-0.013577648378522156,27.026857445554825,0.017116505088473843
27.93045146196316,-0.013135274475242653,27.043422572602076,0.016565127047250883
27.917744079959093,-0.012707382004066403,27.05945397190613,0.016031399304054617
27.9054505874083,-0.012293492550792706,27.074968735885566,0.015514763979435742
27.89355744362588,-0.011893143782419457,27.08998341625435,0.015014680368782507
27.882051554736993,-0.011505888888887483,27.104514040697403,0.014530624443054307
27.870920258690745,-0.01113129604624774,27.118576129059637,0.014062088362233993
27.860151310792645,-0.010768947898100123,27.132184709061605,0.013608580001967852
27.849732869735593,-0.010418441057051808,27.145354331552138,0.013169622490533328
27.839653484111853,-0.010079385623740222,27.158099085311985,0.012744753759847072
27.829902079389008,-0.00975140472284508,27.17043261141867,0.012333526106683479
27.820467945332393,-0.009434134056615306,27.18236811718545,0.011935505766782484
27.81134072385766,-0.009127221474731328,27.193918389683972,0.011550272498521252
27.802510397299667,-0.008830326557994539,27.205095808863284,0.011177419179311698
27.793967277081382,-0.008543120218284628,27.215912360275915,0.01081655141263127
27.785701992769155,-0.00826528431222684,27.22637964742127,0.010467287145353055
27.777705481500284,-0.007996511268871132,27.236508903716697,0.01012925629542849
27.76996897776978,-0.007736503730505717,27.246311004107366,0.009802100390668755
27.762484003563866,-0.007484974205912209,27.255796476324107,0.009485472216741897
27.75524235882831,-0.007241644735557884,27.264975511798777,0.009179035474669917
27.74823611225779,-0.007006246570519181,27.273857976249207,0.00888246445042995
27.741457592398596,-0.006778519859192755,27.282453419939458,0.008595443690250448
27.734899379049875,-0.006558213348721864,27.290771087627157,0.008317667687698815
27.728554294955444,-0.006345084094430575,27.298819928206374,0.008048840579217398
27.72241539777571,-0.006138897179734926,27.306608604054222,0.007788675847848481
27.71647597232948,-0.005939425446229052,27.314145500089786,0.007536896035563956
27.71072952309539,-0.005746449234088402,27.32143873255475,0.007293232464963495
27.705169766966332,-0.005559756129059679,27.328496157522693,0.007057424967943149
27.699790626245516,-0.0053791407208159114,27.335325379144308,0.006829221621615034
27.69458622187849,-0.005204404367024296,27.341933757639225,0.006608378494917133
27.689550866910306,-0.005035354968185857,27.34832841703847,0.006394659399244773
27.684679060161702,-0.0048718067486035466,27.354516252686974,0.006187835648503892
27.679965480117172,-0.004713580044530374,27.36050393851275,0.0059876858257759125
27.67540497901535,-0.004560501101821046,27.36629793406923,0.0057939955564805246
27.6709925771384,-0.004412401876951577,27.371904491358688,0.00560655728945747
27.666723457289365,-0.004269119849034553,27.377329661442086,0.0054251700833987115
27.662592959454877,-0.004130497834488267,27.38257930084177,0.005249639399682593
27.658596575644875,-0.003996383810001447,27.387659077744367,0.005079776902597644
27.65472994490327,-0.0038666307416050927,27.39257447800907,0.004915400264703607
27.650988848484694,-0.0037410964185760065,27.397330810987047,0.004756332977976285
27.647369205191662,-0.0036196432930317712,27.401933215158376,0.0046024041713295105
27.643867066865035,-0.003502138326627602,27.406386663591515,0.004453448433139329
27.64047861402474,-0.0033884528402943204,27.410695969230765,0.004309305639250027
27.637200151654927,-0.0032784623698134396,27.414865790017227,0.004169820786461997
27.634028105127793,-0.003172046527133432,27.41890063384851,0.004034843831281165
27.630959016262597,-0.003069088865196079,27.422804863381145,0.003904229532636805
27.62798953951469,-0.0029694767479071515,27.426582700681962,0.0037778373008166
27.625116438291574,-0.0028731012231162367,27.43023823173176,0.0036555310497980997
27.622336581388204,-0.002779856903369904,27.433775410786694,0.0035371790549341142
27.619646939541653,-0.002689641846551183,27.43719806460137,0.0034226538146739927
27.6170445820987,-0.002602357442953007,27.440509896518275,0.003311831916906982
27.6145266737934,-0.002517908305300409,27.443714490427222,0.0032045939089471176
27.6120904716306,-0.0024362021627979402,27.446815314599384,0.0031008241721615093
27.609733321872145,-0.002357149758456245,27.449815725398686,0.0030004107993022444
27.607452657122,-0.0022806647501454336,27.452718970876454,0.0029032454777677685
27.6052459935075,-0.002206663614501281,27.455528194250462,0.0028092233740082406
27.603110927953054,-0.0021350655544445374,27.458246437274262,0.002718243023799971
27.601045135543558,-0.0020657924094962254,27.460876643498214,0.0026302062239516033
27.599046366974402,-0.0019987685691553736,27.463421661427226,0.0025450179290125163
27.59711244608473,-0.0019339208896731463,27.46588424757801,0.0024625861507843183
27.59524126747215,-0.0018711786125784613,27.468267069437612,0.0023828218596015915
27.59343079418552,-0.001810473286631975,27.47057270832895,0.002305638891339612
27.591679055493678,-0.001751738691840643,27.472803662183928,0.002230953854976292
27.589984144726216,-0.0016949107674619768,27.474962348228072,0.0021586860441438205
27.5883442171867,-0.0016399275395144741,27.477051105579687,0.002088757351614845
27.5867574881327,-0.0015867290540008128,27.4790721977649,0.0020210921852132913
27.585222230822648,-0.0015352573100528843,27.481027815153595,0.0019556173886954298
27.583736774626598,-0.0014854561960504498,27.482920077316326,0.0018922621627304181
27.58229950319885,-0.0014372714277470777,27.484751035306168,0.001830957989842119
