T_above,diff_above,T_bellow,diff_bellow
22.80889825609275,-0.1911017439072502,19.111174469947393,0.1111744699473931
22.63200268928592,-0.17689556680683083,19.213619388023865,0.10244491807647194
22.468827736402954,-0.16317495288296513,19.308544863988466,0.09492547596460099
22.31827851393025,-0.15054922247270497,19.396491182687342,0.08794631869887581
22.17935186347136,-0.1389266504588882,19.4779615113782,0.0814703286908589
22.051128061207528,-0.12822380226383245,19.553424196176415,0.0754626847982145
21.93276335812572,-0.11836470308180935,19.623314955717472,0.06989075954105672
21.823483257394365,-0.10928010073135397,19.68803896991114,0.06472401419366847
21.722576447067087,-0.10090681032727744,19.747972863199625,0.059933893288484086
21.629389316441877,-0.09318713062521056,19.80346658296798,0.05549371976835715
21.54332099319213,-0.08606832324974789,19.854845174730247,0.05137859176226556
21.46381884597182,-0.07950214722031035,19.902410456471127,0.04756528174088004
21.390374403787295,-0.07344444218452395,19.9464425951065,0.04403213863537303
21.32251964914012,-0.0678547546471755,19.987201588452987,0.04075899334648625
21.259823646925447,-0.06269600221467186,20.024928656403436,0.03772706795044911
21.201889475406297,-0.05793417151915037,20.059847545208285,0.0349188888048495
21.14835142937105,-0.05353804603524637,20.09216574888638,0.0323182036780949
21.09887246889523,-0.049478960475820344,20.122075651840035,0.02990990295365492
21.05314189003752,-0.045730578857710924,20.1497555967475,0.02767994490746517
21.01087319634327,-0.04226869369425046,20.175370881765883,0.025615285018382394
20.971802152280667,-0.03907104406260231,20.199074690996373,0.02370380923048998
20.935685001706876,-0.036117150573790724,20.221008962062047,0.021934271065674693
20.90229683620876,-0.03338816549811696,20.241305194522507,0.020296232460459862
20.871430099708107,-0.03086673650065208,20.26008520271615,0.01878000819364445
20.842893217086516,-0.02853688262159082,20.27746181646812,0.017376613751967085
20.816509335803804,-0.02638388128271174,20.293539532954703,0.016077716486584848
20.792115170560123,-0.024394165243680987,20.308415122849183,0.014875589894479901
20.76955994201148,-0.02255522854864367,20.3221781937258,0.013763070876617434
20.748704401414226,-0.020855540597253253,20.33491171353147,0.012733519805667726
20.72941993382998,-0.019284467584245846,20.346692496789135,0.011780783257666627
20.71158773321627,-0.017832200613710825,20.357591656038014,0.010899159248879187
20.695098043341925,-0.016489689874344293,20.367675020873282,0.010083364835267616
20.67984945901448,-0.015248584327444803,20.37700352680547,0.009328505932188591
20.665748282609183,-0.014101176405297622,20.38563357602203,0.008630049216559854
20.65270793133068,-0.01304035127850156,20.393617372005657,0.007983795983626862
20.640648391045108,-0.012059540285573433,20.401003229835215,0.007385857829557807
20.629495712886165,-0.011152678158943274,20.40783586388366,0.0068326340484432535
20.61918154916233,-0.010314163723833758,20.41415665451047,0.006320790626812567
20.60964272539534,-0.009538823766991555,20.420003895240036,0.005847240729565328
20.60082084558951,-0.008821879805829269,20.425413021820038,0.005409126580001811
20.592661928074172,-0.00815891751533826,20.43041682445712,0.005003802637080668
20.58511606948844,-0.0075458585857326455,20.435045644442205,0.004628819985086352
20.578137134676382,-0.006978934812057247,20.439327556288713,0.0042819118465082795
20.571682470447467,-0.0064546642289151634,20.443288536435162,0.003960980146448634
20.56571264132517,-0.005969829122296488,20.4469526194846,0.0036640830494363286
20.560191185558498,-0.00552145576667229,20.450342042890362,0.0033894234057640915
20.555084389815047,-0.005106795743451187,20.453477380930455,0.0031353380400922504
20.550361081097602,-0.004723308717444752,20.456377668751593,0.002900287821137937
