T_above,diff_above,T_bellow,diff_bellow
33.8211610415794,-0.17883895842059871,20.215456491975036,0.21545649197503636
33.64720730510828,-0.17395373647111967,20.424836788848843,0.20938029687380677
33.478546377290314,-0.16866092781796738,20.628845890301466,0.2040091014526233
33.31500851617436,-0.16353786111595525,20.827603575423122,0.19875768512165592
33.15642988352652,-0.15857863264783845,21.021228029739973,0.1936244543168506
33.00265233228236,-0.15377755124416126,21.209835809171192,0.1886077794312193
32.85352318482379,-0.14912914745856654,21.39354179138845,0.18370598221725842
32.70889502111563,-0.14462816370816256,21.57245913373729,0.17891734234883927
32.56862547620022,-0.14026954491541233,21.746699237250162,0.17424010351287222
32.4325770465846,-0.13604842961562014,21.916371716306944,0.16967247905678207
32.30061690507608,-0.13196014150851454,22.08158437353124,0.1652126572242949
32.17261672364737,-0.1280001814287104,22.242443179530625,0.16085880599938562
32.04845250393645,-0.12416421971092007,22.399052257121298,0.156609077590673
31.928004415005383,-0.12044808893107017,22.551513869694926,0.152461612573628
31.811156638011276,-0.11684777699410631,22.699928413410323,0.14841454371539697
31.697797217445064,-0.11335942056621207,22.8443944129098,0.14446599949947725
31.58781791862918,-0.1099792988158832,22.985008520283287,0.14061410737348723
31.481114091173787,-0.10670382745539442,23.121865517018136,0.1368569967348492
31.377584538106706,-0.10352955306708012,23.255058318687936,0.13319280166980008
31.277131390411164,-0.10045314769554281,23.384677982153846,0.1296196634659097
31.179659986714558,-0.09747140369660556,23.510813715063115,0.12613573290926894
31.08507875789047,-0.0945812288240866,23.6335528874437,0.12273917238058374
30.993299116343962,-0.09177964154650908,23.75298104520902,0.11942815776532001
30.904235349763873,-0.08906376658008952,23.86918192539556,0.11620088018653973
30.81780451913981,-0.08643083062406376,23.982237472971615,0.11305554757605663
30.733926360845913,-0.08387815829389567,24.092227859063435,0.10999038609181966
30.65252319260841,-0.08140316823750382,24.19923150045521,0.1070036413917741
30.57351982318257,-0.07900336942584119,24.303325080231808,0.10409357977659894
30.496843465572546,-0.07667635761002245,24.40458356943743,0.10125848920562319
30.422423653634432,-0.07441981193811387,24.503080249636586,0.0984966801991547
30.350192161915555,-0.07223149171887755,24.598886736268593,0.09580648663200719
30.280082928585443,-0.07010923333011121,24.692073002695032,0.09318626642643935
30.212031981323484,-0.06805094726195904,24.782707404847553,0.09063440215252072
30.145977366035602,-0.06605461528788226,24.870856706389414,0.08814930154186129
30.081859078275993,-0.0641182877596087,24.956586104308013,0.08572939791859824
30.019618997258203,-0.06224008101779077,25.039959254867963,0.0833731505599502
29.9592008223459,-0.06041817491230361,25.121038299851307,0.08107904498334406
29.900550011915907,-0.05865081042999165,25.199883893022125,0.07884559317081852
29.84361372449421,-0.05693628742169565,25.276555226757925,0.07667133373579915
29.788340762069414,-0.05527296242479807,25.351110058790436,0.07455483203251134
29.734681515492383,-0.05365924657703047,25.423604739007313,0.07249468021687733
29.682587911876396,-0.052093603615986694,25.49409423626782,0.0704894972605068
29.632013363912453,-0.05057454796394367,25.562632165187456,0.0685379289196355
29.582912721024194,-0.049100642888259216,25.62927081285627,0.06663864766881389
29.53524222228497,-0.04767049873922247,25.69406116545224,0.06479035259597055
29.48895945102734,-0.04628277125762992,25.75705293471537,0.06299176926313166
29.444023291074412,-0.04493615995292899,25.818294584257394,0.061241649542022714
29.40039388452929,-0.04362940654512215,25.87783335567425,0.05953877141685737
29.358032591060926,-0.042361293468363925,25.935715294439927,0.057881938765675045
29.316901948624672,-0.041130642436254305,25.99198527555799,0.05626998111806358
29.276965635563638,-0.03993631306103396,26.04668702894966,0.05470175339166872
29.238188434033923,-0.0387772015297152,26.099863164563146,0.05317613561348722
29.20053619470392,-0.03765223933000428,26.151555197183548,0.05169203262040156
29.16397580267725,-0.03656039202666861,26.20180357093306,0.05024837374951119
29.12847514459131,-0.03550065808594027,26.250647683445834,0.048844112512774984
29.0940030768488,-0.03447206774250944,26.298125909706865,0.04747822626103115
29.06052939493534,-0.033473681913459785,26.34427562554472,0.04614971583785632
29.02802480378379,-0.032504591151550244,26.389133230771364,0.044857605226642505
28.99646088914613,-0.031563914637658286,26.432734171958774,0.043600941187410314
28.965810089933818,-0.03065079921231373,26.47511296484967,0.04237879289089719
28.936045671490273,-0.029764418443544827,26.516303216392945,0.041190251543273604
28.907141699761382,-0.02890397172889081,26.556337646404586,0.040034430011640865
28.879073016330967,-0.028068683430415575,26.595248108847027,0.03891046244244123
28.851815214287175,-0.027257802043791912,26.63306561272649,0.03781750387946303
28.825344614892163,-0.026470599395011618,26.669820342607427,0.03675472988093631
28.7996382450238,-0.025706369868363055,26.705541678740563,0.035721336133136106
28.77467381536135,-0.02496442966245027,26.740258216806815,0.03471653806625241
28.750429699289334,-0.024244116072015487,26.773997787277747,0.03373957047093157
28.726884912491904,-0.023544786797430106,26.806787474391747,0.03278968711400054
28.70401909321465,-0.022865819277253507,26.838653634748145,0.031866160356397444
28.681812483169768,-0.02220661004488278,26.869621915523304,0.03096828077515923
28.660245909059764,-0.021566574110003955,26.899717272307907,0.030095356784602956
28.639300764700376,-0.02094514435938777,26.928963986569507,0.02924671426159975
28.61895899371965,-0.02034177098072476,26.957385682745954,0.028421696176447853
28.59920307281474,-0.019755920904913182,26.98500534496935,0.02761966222339396
28.580015995544848,-0.01918707726989055,27.011845333426823,0.026839988457474817
28.56138125664342,-0.018634738901429415,27.037927400361035,0.026082066934211667
28.543282836830436,-0.01809841981298277,27.063272705716315,0.025345305355280345
28.52570518810814,-0.017577648722294725,27.08790183243294,0.02462912671662565
28.508633219523908,-0.017071968584232877,27.111834801395208,0.023932968962267154
28.492052283382623,-0.016580936141284752,27.13509108603759,0.023256284642382496
28.475948161895552,-0.01610412148707141,27.157689626616012,0.022598540578421478
28.46030705424928,-0.015641107646271024,27.17964884414706,0.021959217531048125
28.4451155640798,-0.015191490169481625,27.20098665402023,0.021337809873170244
28.430360687341835,-0.01475487673796394,27.221720479290656,0.02073382527042611
28.416029800554565,-0.014330886787270458,27.241867263655866,0.02014678436520967
28.402110649416294,-0.013919151138271246,27.261443484122683,0.019576220466817063
28.388591337772386,-0.013519311643907628,27.280465163369566,0.01902167924688314
28.37546031692597,-0.013131020846415709,27.29894788180999,0.01848271844042415
28.362706375280474,-0.012753941645495814,27.316906789362033,0.017958907552042547
28.350318628301487,-0.01238774697898748,27.334356616930837,0.017449827568803755
28.33828650878986,-0.01203211951162686,27.35131168760748,0.016955070676644368
28.326599757453693,-0.011686751336167589,27.367785927592767,0.01647423998528552
28.31524841376999,-0.011351343683703163,27.383792876847394,0.016006949254627756
28.304222807126955,-0.011025606643034536,27.39934569947812,0.015552822630723995
28.293513548238156,-0.0107092588887987,27.414457193862354,0.015111494384235868
28.283111520818714,-0.01040202741944185,27.42913980251795,0.01468260865559401
28.273007873514832,-0.010103647303882468,27.443405621723805,0.0142658192058569
28.263194012080582,-0.00981386143424956,27.457266410896175,0.013860789172369437
28.253661591792206,-0.009532420288376642,27.470733601725332,0.01346719082915726
28.24440251009205,-0.009259081700154326,27.483818307078767,0.01308470535343531
28.235408899456225,-0.008993610635826599,27.49653132967526,0.012713022596493317
28.226673120478065,-0.008735778978159914,27.508883170536667,0.01235184086140606
28.218187755160816,-0.00848536531724875,27.520884037219435,0.012000866682768674
28.209945600412176,-0.008242154748639763,27.53254385183433,0.011659814614894515
28.20193966173514,-0.00800593867703725,27.543872258855863,0.011328407021533593
28.19416314710873,-0.007776514626410602,27.554878632729007,0.01100637387314407
28.18660946105366,-0.007553686055068454,27.565572085276127,0.01069345254711962
28.179272198873722,-0.007337262179937909,27.5759614729103,0.01038938763417363
28.172145141071724,-0.007127057801998404,27.586055403657863,0.010093930747562041
28.165222247931926,-0.006922893139797992,27.595862243995978,0.009806840338114853
28.158497654264288,-0.00672459366763789,27.605390125509224,0.009527881513246683
28.151965664306346,-0.00653198995794213,27.614646951370613,0.009256825861388762
28.145620746775933,-0.006344917530412886,27.623640402648736,0.008993451278122677
28.139457530072455,-0.006163216703477303,27.632377944447803,0.008737541799067827
28.133470797619868,-0.005986732452587518,27.6408668318839,0.00848888743609777
28.127655483348967,-0.005815314270900984,27.64911411590074,0.008247284016839274
28.12200666731359,-0.005648816035378701,27.65712664893051,0.008012533029770452
28.116519571436708,-0.0054870958768802325,27.66491109040134,0.007784441470828796
28.11118955538233,-0.00533001605437633,27.672473912097395,0.007562821696055266
28.106012112549642,-0.005177442832689394,27.67982140337448,0.007347491277084117
28.10098286618629,-0.005029246363353224,27.68695967623422,0.007138272859741335
28.096097565615313,-0.0048853005709759145,27.693894670261706,0.0069349940274854305
28.091352082574414,-0.004745483040899501,27.700632157428057,0.0067374871663510305
28.0867424076629,-0.00460967491151365,27.70717774676446,0.006545589336404589
28.08226464689322,-0.004477760769681538,27.71353688890765,0.006359142143189445
28.077915018343873,-0.004349628549345397,27.719714880522336,0.006177991614684686
28.07368984891092,-0.004225169432952924,27.725716868602408,0.006001988080072351
28.069585571155105,-0.004104277755814678,27.73154785465565,0.0058309860532403945
28.065598720241553,-0.003986850913552331,27.73721269877304,0.005664844117390544
28.06172593096829,-0.0038727892732630664,27.742716123586927,0.0055034248138881026
28.0579639348843,-0.0037619960839911926,27.748062718121634,0.005346594534707094
28.05430955748896,-0.0036543773953390257,27.75325694153699,0.005194223415355026
28.050759715515635,-0.003549841973324419,27.75830312676973,0.005046185232739475
28.047311414294278,-0.0034483012213577524,27.76320548407443,0.0049023573047008995
28.04396174519065,-0.0033496691036276616,27.767968104467318,0.00476262039288855
28.040707883120785,-0.003253862069865221,27.77259496307452,0.004626858607203133
28.037547084138208,-0.003160798982577262,27.77708992238815,0.004494959313628755
28.03447668309081,-0.003070401047398974,27.78145673543303,0.004366813044878626
28.031494091347096,-0.002982591743712959,27.785699048844908,0.004242313411879195
28.028596794587465,-0.0028972967596310184,27.78982040586373,0.0041213570188212145
28.025782350661387,-0.0028144439260771037,27.79382424924459,0.004003843380861127
28.023048387505558,-0.002733963155829855,27.797713924086505,0.0038896748419148253
28.020392601123596,-0.0026557863819611782,27.801492680584563,0.0037787564980575894
28.017812753623875,-0.0025798474997209553,27.805163676703977,0.003670996119414127
28.01530667131471,-0.0025060823091642703,27.808729980780775,0.0035663040767985876
28.012872242855035,-0.002434428459675786,27.812194574049737,0.0034645932689620906
28.010507417458392,-0.0023648253966435107,27.815560353101432,0.0033657790516947728
28.00821020314958,-0.002297214308811135,27.81883013227243,0.003269779170999243
28.005978665071105,-0.002231538078476092,27.82200664596679,0.003176513694359784
28.00381092383966,-0.00216774123144603,27.825092550913826,0.0030859049470350897
28.00170515394922,-0.0021057698904378697,27.82809042836305,0.0029978774492249727
27.999659582222133,-0.002045571727087747,27.831002786217216,0.002912357854164327
27.99767248630253,-0.001987095919602666,27.833832061105657,0.002829274888441091
27.995742193196122,-0.001930293106408243,27.836580620400493,0.002748559294836639
27.993867077850265,-0.001875115345857381,27.83925076417515,0.002670143774658129
27.992045561775452,-0.0018215160748127346,27.84184472710867,0.002593962933516991
27.99027611170782,-0.001769450067630629,27.844364680336934,0.0025199532282655923
27.988557238309,-0.0017188733988220406,27.84681273325109,0.002448052914157728
27.986887494904433,-0.0016697434045660486,27.84919093524667,0.0023782019955795874
27.985265476257048,-0.0016220186473852038,27.851501277422468,0.0023103421757966203
27.98368981737786,-0.0015756588791866477,27.853745694232195,0.002244416809727312
27.982159192369956,-0.0015306250079056838,27.855926065090056,0.002180370857860936
27.980672313305995,-0.0014868790639610552,27.85804421593094,0.0021181508408822936
27.979227929137604,-0.0014443841683906555,27.86010192072564,0.002057704794701465
27.977824824637764,-0.0014031044998397135,27.86210090295558,0.0019989822299386617
27.976461819371913,-0.0013630052658513137,27.864042837043964,0.0019419340883857217
27.97513776669998,-0.0013240526719329182,27.865929349748107,0.001886512704142973
27.97385155280624,-0.0012862138937386192,27.867762021511243,0.0018326717631360623
27.972602095758194,-0.0012494570480470202,27.86954238777803,0.0017803662667859044
27.971388344591787,-0.0012137511664072065,27.871271940270624,0.0017295524925948769
27.97020927842274,-0.0011790661690476156,27.87295212823064,0.0016801879600158998
