T_above,diff_above,T_bellow,diff_bellow
33.49226033358853,-0.5077396664114673,20.269142185859522,0.269142185859522
33.014963845621374,-0.47729648796715907,20.524749007698695,0.25560682183917294
32.56609241245497,-0.44887143316640277,20.767388285203563,0.24263927750486758
32.14383140276461,-0.4222610096903594,20.997668388797074,0.23028010359351114
31.746494461404897,-0.39733694135971476,21.216174624752107,0.21850623595503293
31.37251321942113,-0.3739812419837669,21.423469458664833,0.20729483391272652
31.020427944123437,-0.35208527529769285,21.62009283196773,0.19662337330289859
30.68887903291401,-0.33154891120942764,21.806562555776004,0.18646972380827265
30.376599265394397,-0.3122797675196125,21.983374768289995,0.17681221251399037
30.082406737810626,-0.2941925275837711,22.151004443687153,0.16762967539715845
29.80519841226067,-0.27720832554995667,22.30990594196347,0.15890149827631816
29.5439442204648,-0.2612541917958673,22.460513590532337,0.15060764856886522
29.29768166840189,-0.24626255206291248,22.60324228959191,0.14272869905957464
29.065510893847605,-0.2321707745542838,22.738488134332545,0.13524584474063417
28.84659013393136,-0.21892075991624438,22.86662904800439,0.12814091367184588
28.64013156431665,-0.20645856961471054,22.9880254206946,0.12139637269021009
28.445397475589935,-0.19473408872671527,23.103020749406898,0.1149953287122969
28.261696755977358,-0.1837007196125775,23.211942275689037,0.10892152628213836
28.088381652646525,-0.17331510333083244,23.315101617627942,0.10315934193890541
27.924844786640026,-0.16353686600649908,23.412795393543245,0.09769377591530315
27.770516398977783,-0.15432838766224322,23.50530583515465,0.09251044161140598
27.62486180767602,-0.1456545913017635,23.59290138839243,0.08759555323777946
27.487379057412685,-0.13748275026333445,23.675837300362552,0.08293591197012162
27.35759674533316,-0.12978231207952362,23.75435619128166,0.07851889091910635
27.235072008071295,-0.12252473726186608,23.828688610455174,0.07433241917351552
27.119388656477394,-0.1156833515939013,23.899053575605798,0.07036496515062396
27.010155445809108,-0.10923321066828606,23.96565909505083,0.06660551944503368
26.90700447028211,-0.10315097552699726,24.028702672402375,0.06304357735154298
26.809589671895196,-0.09741479838691447,24.08837179361048,0.05966912120810619
26.717585454367534,-0.09200421752766275,24.14484439629494,0.056472602684458195
26.630685393846544,-0.08690006052098909,24.198289321416436,0.05344492512149657
26.54860103879069,-0.08208435505585499,24.24886674743481,0.050577426018374894
26.471060792103135,-0.07754024668755477,24.296728607170998,0.047861859736187284
26.39780886920421,-0.07325192289892613,24.34201898765894,0.045290380487941206
26.328604326258244,-0.06920454294596468,24.38487451332144,0.042855525662499616
26.263220153283097,-0.06538417297514698,24.42542471285204,0.040550199530599684
26.20144242731132,-0.06177772597177622,24.463792370212644,0.03836765736060599
26.1430695211755,-0.058372906135819136,24.500093860188677,0.036301489976033
26.08791136385908,-0.05515815731641993,24.534439468960652,0.03434560877197512
26.035788748688958,-0.05212261517012351,24.566933700165603,0.0324942312049501
25.9865326859449,-0.049256062744056806,24.59767556693365,0.030741866768046577
25.93998379674076,-0.046548889204142796,24.626758870388326,0.029083303454676468
25.895991745278348,-0.043992051462410586,24.654272465100856,0.027513594712530676
25.854414706807308,-0.041577038471039884,24.680300511989767,0.026028046888910694
25.81511886882938,-0.039295837977928016,24.704922719151085,0.024622207161318244
25.777977963276296,-0.037140905553084025,24.728214571099524,0.0232918519484393
25.742872827564888,-0.03510513571140805,24.750247546892922,0.02203297579339747
25.709690992589504,-0.03318183497538385,24.77108932760357,0.02084178071064713
25.678326295858493,-0.03136469673101061,24.790803993590064,0.01971466598649485
25.648678518115553,-0.029647777742940917,24.809452212008548,0.018648218418483964
25.620653041904355,-0.028025476211197997,24.827091414995465,0.017639202986917013
25.594160530650722,-0.0264925112536325,24.843775968936882,0.01668455394141688
25.56911662693968,-0.02504390371104037,24.85955733522741,0.015781366290529064
25.545441668754346,-0.02367495818533527,24.874484222909665,0.01492688768225392
25.5230604225351,-0.022381246219246975,24.888602733570856,0.014118510661191408
25.501901831996552,-0.021158590538547628,24.901956498857736,0.013353765286879593
25.481898781711656,-0.020003050284895352,24.914586810960422,0.012630312102686503
25.462987874542165,-0.01891090716949151,24.926532746399808,0.01194593543938538
25.44510922205661,-0.017878652485553204,24.93783128344184,0.011298537042033985
25.42820624713436,-0.016902974922253122,24.948517413447053,0.01068613000521168
25.412225498010454,-0.015980749123905014,24.958624246451357,0.01010683300430415
25.3971164730629,-0.015109024947552285,24.968183111262505,0.009558864811147316
25.38283145568973,-0.014285017373172337,24.977223650342868,0.009040539080363175
25.36932535866926,-0.013506097020467678,24.98577390973883,0.008550259395960325
25.35655557743303,-0.01276978123622996,24.99386042430399,0.00808651456516074
25.34448185171843,-0.012073725714600414,25.001508298452713,0.007647874148723588
25.333066135103252,-0.01141571661517915,25.008741282670364,0.007232984217651506
25.322272471954808,-0.01079366314844421,25.0155818459947,0.006840563324335136
25.31206688135698,-0.010205590597827552,25.022051244675488,0.006469398680788885
25.302417247604318,-0.009649633752662368,25.02816958720545,0.006118342529962462
25.29329321687883,-0.009124030725487842,25.03395589590965,0.005786308704198717
25.28466609974937,-0.008627117129460515,25.039428165272096,0.005472269362446269
25.27650877915582,-0.008157320593550565,25.044603417165728,0.005175251893632549
25.26879562355807,-0.0077131555977487665,25.04949775314761,0.004894335981880715
25.261502404953966,-0.007293218604104368,25.054126403971175,0.004628650823566005
25.25460622148531,-0.006896183468654726,25.058503776462057,0.004377372490882436
25.248085424367723,-0.0065207971175880175,25.062643497892285,0.004139721430227894
25.241919548896913,-0.006165875470809823,25.06655845798655,0.00391496009426362
25.236089249300424,-0.005830299596489397,25.07026084868304,0.0037023906964925857
25.230576237213036,-0.0055130120873876365,25.073762201768176,0.00350135308513444
25.22536322357238,-0.005213013640656072,25.077073424495662,0.003311222727486296
25.220433863739384,-0.0049293598329960275,25.080204833296754,0.003131408801092306
25.215772705661863,-0.004661158077521321,25.08316618568432,0.0029613523875653414
25.211365140909376,-0.004407564752487048,25.085966710443298,0.0028005247589781845
25.207197358417165,-0.004167782492210392,25.088615136200577,0.0026484257572789716
25.203256300787267,-0.003941057629898381,25.091119718459606,0.0025045822590286093
25.19952962300321,-0.003726677784054999,25.093488265180895,0.0023685467212892775
25.19600565342236,-0.003523969580850661,25.09572816098673,0.0022398958058360563
25.19267335692027,-0.0033322965020907702,25.097846390062433,0.002118229075701805
