T_above,diff_above,T_bellow,diff_bellow
33.49226033358711,-0.5077396664128884,20.269142185858676,0.26914218585867644
33.01496384561869,-0.47729648796842383,20.524749007697043,0.25560682183836647
32.566092412451056,-0.448871433167632,20.767388285201143,0.2426392775041002
32.14383140275958,-0.42226100969147495,20.997668388793908,0.23028010359276507
31.746494461398818,-0.3973369413607628,21.21617462474821,0.21850623595430108
31.372513219414063,-0.3739812419847546,21.423469458660218,0.20729483391200887
31.020427944115465,-0.3520852752985988,21.620092831962467,0.19662337330224844
30.68887903290518,-0.33154891121028385,21.80656255577012,0.18646972380765447
30.37659926538486,-0.3122797675203195,21.983374768283475,0.17681221251335444
30.082406737800387,-0.29419252758447456,22.151004443680062,0.16762967539658646
29.805198412249748,-0.2772083255506388,22.309905941955815,0.15890149827575328
29.543944220453216,-0.26125419179653164,22.460513590524133,0.1506076485683181
29.29768166838978,-0.24626255206343473,22.603242289583214,0.1427286990590808
29.065510893834993,-0.2321707745547883,22.738488134323326,0.13524584474011192
28.84659013391826,-0.21892075991673465,22.866629047994696,0.12814091367136982
28.64013156430308,-0.2064585696151795,22.98802542068447,0.1213963726897731
28.445397475575977,-0.19473408872710252,23.103020749396336,0.11499532871186702
28.26169675596294,-0.1837007196130358,23.211942275678066,0.1089215262817298
28.088381652631742,-0.17331510333119837,23.315101617616573,0.10315934193850751
27.92484478662493,-0.16353686600681172,23.412795393531507,0.09769377591493367
27.770516398962354,-0.15432838766257717,23.505305835142543,0.0925104416110365
27.62486180766027,-0.14565459130208325,23.592901388379993,0.08759555323744905
27.487379057396677,-0.1374827502635938,23.675837300349826,0.08293591196983385
27.357596745316915,-0.12978231207976165,23.754356191268624,0.07851889091879727
27.235072008054825,-0.1225247372620899,23.828688610441837,0.07433241917321354
27.11938865646068,-0.11568335159414644,23.899053575592173,0.07036496515033619
27.010155445792215,-0.1092332106684637,23.96565909503693,0.06660551944475657
26.90700447026502,-0.10315097552719621,24.028702672388217,0.06304357735128718
26.80958967187797,-0.09741479838704947,24.088371793596064,0.05966912120784684
26.717585454350118,-0.09200421752785104,24.144844396280302,0.05647260268423793
26.630685393829,-0.08690006052111698,24.19828932140157,0.05344492512126919
26.54860103877303,-0.08208435505597222,24.248866747419743,0.05057742601817239
26.47106079208533,-0.07754024668770043,24.296728607155746,0.04786185973600254
26.397808869186314,-0.07325192289901494,24.342018987643534,0.04529038048778844
26.32860432624023,-0.06920454294608192,24.384874513305792,0.04285552566225803
26.263220153264946,-0.06538417297528554,24.42542471283622,0.040550199530429154
26.20144242729307,-0.0617777259718757,24.463792370196693,0.038367657360470986
26.143069521157177,-0.05837290613589374,24.500093860172537,0.0363014899758447
26.087911363840675,-0.055158157316501644,24.53443946894438,0.03434560877184367
26.035788748670495,-0.05212261517018035,24.566933700149175,0.03249423120479378
25.986532685926367,-0.04925606274412786,24.597675566917083,0.03074186676790802
25.939983796722146,-0.046548889204220956,24.62675887037161,0.029083303454527254
25.895991745259646,-0.043992051462499404,24.65427246508401,0.027513594712399225
25.854414706788557,-0.04157703847108962,24.68030051197278,0.02602804688877214
25.815118868810565,-0.039295837977991965,24.704922719133965,0.02462220716118324
25.777977963257438,-0.03714090555312666,24.728214571082308,0.02329185194834338
25.742872827546016,-0.035105135711422264,24.750247546875595,0.022032975793287335
25.709690992570604,-0.03318183497541227,24.771089327586164,0.02084178071056897
25.67832629583956,-0.031364696731042585,24.790803993572535,0.019714665986370505
25.648678518096578,-0.02964777774298355,24.80945221199087,0.01864821841833475
25.62065304188536,-0.02802547621121576,24.827091414977723,0.017639202986853064
25.594160530631708,-0.026492511253653817,24.84377596891906,0.01668455394133872
25.569116626920646,-0.025043903711061688,24.859557335209495,0.01578136629043314
25.54544166873527,-0.023674958185377903,24.87448422289174,0.014926887682246814
25.52306042251599,-0.02238124621927895,24.888602733552858,0.014118510661116801
25.501901831977396,-0.021158590538593813,24.901956498839635,0.013353765286776564
25.481898781692536,-0.020003050284859825,24.91458681094226,0.012630312102626107
25.46298787452304,-0.01891090716949506,24.92653274638161,0.011945935439349853
25.445109222037456,-0.017878652485585178,24.937831283423527,0.011298537041916745
25.428206247115202,-0.016902974922253122,24.94851741342872,0.010686130005193917
25.412225497991273,-0.015980749123929883,24.95862424643303,0.010106833004307703
25.397116473043695,-0.015109024947577154,24.968183111244105,0.009558864811076262
25.38283145567051,-0.014285017373186548,24.977223650324436,0.0090405390803312
25.369325358650027,-0.013506097020481889,24.985773909720336,0.008550259395899928
25.35655557741378,-0.012769781236247724,24.99386042428548,0.008086514565142977
25.34448185169915,-0.012073725714628836,25.00150829843417,0.0076478741486916135
25.333066135083964,-0.011415716615186255,25.008741282651762,0.00723298421759111
25.322272471935484,-0.010793663148479737,25.015581845976094,0.006840563324331583
25.31206688133766,-0.010205590597824,25.02205124465689,0.00646939868079599
25.30241724758499,-0.009649633752669473,25.02816958718676,0.006118342529870091
25.293293216859514,-0.009124030725477184,25.033955895890927,0.005786308704166743
25.284666099730053,-0.008627117129460515,25.039428165253387,0.00547226936246048
25.276508779136513,-0.008157320593539907,25.044603417147016,0.005175251893628996
25.26879562353875,-0.007713155597762977,25.049497753128886,0.004894335981870057
25.261502404934628,-0.007293218604122131,25.054126403952445,0.0046286508235589
25.25460622146601,-0.006896183468619199,25.05850377644325,0.004377372490804277
25.248085424348375,-0.006520797117634203,25.062643497873456,0.004139721430206578
25.241919548877572,-0.0061658754708027175,25.066558457967677,0.003914960094220987
25.236089249281076,-0.005830299596496502,25.070260848664123,0.0037023906964464004
25.230576237193674,-0.005513012087401847,25.073762201749265,0.0035013530851415453
25.225363223553025,-0.005213013640648967,25.077073424476726,0.003311222727461427
25.220433863720043,-0.004929359832981817,25.080204833277794,0.003131408801067437
25.215772705642504,-0.004661158077539085,25.083166185665384,0.0029613523875902104
25.211365140890045,-0.004407564752458626,25.085966710424337,0.0028005247589533155
25.207197358397842,-0.004167782492203287,25.088615136181613,0.002648425757275419
25.203256300767958,-0.00394105762988417,25.091119718440588,0.0025045822589753186
25.199529622983864,-0.003726677784094079,25.09348826516188,0.00236854672129283
25.196005653403056,-0.0035239695808080285,25.095728160967695,0.00223989580581474
25.192673356900936,-0.003332296502119192,25.097846390043397,0.002118229075701805
