T_above,diff_above,T_bellow,diff_bellow
23.750188181096952,-0.24981181890304782,20.057365185863755,0.057365185863755386
23.51933122061626,-0.23085696048069337,20.10977577669464,0.05241059083088473
23.30662774449409,-0.21270347612216867,20.15827633750411,0.04850056080946885
23.1105994993173,-0.19602824517679096,20.203155626796608,0.04487928929249918
22.929895823546687,-0.1807036757706122,20.244681508013034,0.041525881216426086
22.76328163296143,-0.16661419058525695,20.28310239823679,0.03842089022375461
22.609626670976258,-0.15365496198517192,20.3186486259432,0.035546227706412026
22.46789587385019,-0.14173079712606906,20.351533702020742,0.03288507607754099
22.33714072059056,-0.13075515325962783,20.381955508359912,0.030421806339170132
22.216491454296072,-0.12064926629448891,20.410097408292284,0.028141899932371928
22.10515007622154,-0.11134137807453115,20.436129283122344,0.02603187483006053
22.002384026341133,-0.10276604988040816,20.46020849891036,0.024079215788017194
21.907520474948107,-0.0948635513930256,20.482480807553,0.02227230864263774
21.819941159119125,-0.08757931582898237,20.503081186078294,0.020600378525294616
21.739077705903153,-0.08086345321597221,20.522134617926575,0.01905343184828112
21.664407391047067,-0.07467031485608544,20.53975681982842,0.017622201901843937
21.59544928811346,-0.06895810293360682,20.55605491773313,0.016298097904712705
21.531760768092226,-0.06368852002123404,20.57112807507013,0.015073157336999543
21.47293431418111,-0.058826453911116516,20.585068076465078,0.013940001394946222
21.418594620403123,-0.05433969377798675,20.597959869852712,0.012891793387634465
21.368395946217507,-0.050198674185615744,20.609882069782678,0.011922199929966126
21.322019702335638,-0.04637624388186978,20.620907424541176,0.011025354758498196
21.27917224564197,-0.04284745669366785,20.631103249561374,0.010195825020197447
21.239582863467536,-0.03958938217443375,20.640531829448058,0.009428579886684219
21.203001929554905,-0.03658093391263151,20.64925079079248,0.008718961344420961
21.169199215875363,-0.033802713679541796,20.657313447822684,0.008062657030205145
21.13796234607944,-0.031236869795922217,20.664769122799402,0.007455674976718285
21.109095377806337,-0.02886696827310331,20.67166344294486,0.006894320145455879
21.082417502341066,-0.026677875465271228,20.678038615572376,0.0063751726275178555
21.057761851241025,-0.024655651100040643,20.68393368298022,0.005895067407845289
21.034974400566103,-0.022787450674922383,20.68938475855107,0.005451075570849895
21.01391296423654,-0.02106143632956403,20.694425245424,0.0050404868729287955
20.99444626884571,-0.019466695390828903,20.699086038993514,0.004660793569513544
20.97645310298316,-0.017993165862549176,20.703395714408803,0.004309675415289149
20.959821534749928,-0.016631568233233196,20.707380700166,0.003984985757195858
20.944448191739216,-0.015373343010711693,20.711065438809722,0.0036847386437237617
20.930237598260167,-0.014210593479049294,20.71447253568433,0.003407096874607163
20.917101565068215,-0.013136033191951668,20.71762289661547,0.003150360931140739
20.904958627265874,-0.012142937802341436,20.720535855331022,0.002912958715551639
20.893733526431486,-0.011225100834387547,20.723229291382275,0.002693436051252718
20.883356733372374,-0.010376793059112543,20.725719739262225,0.0024904478799498975
20.87376400821042,-0.009592725161954974,20.728022489373686,0.0023027501114611937
20.86489599478671,-0.008868013423708021,20.730151681448817,0.002129192075130959
20.856697846632862,-0.00819814815384845,20.73212039098311,0.001968709534292401
20.849118881987412,-0.00757896464545027,20.733940709197963,0.0018203182148539554
20.842112265538464,-0.007006616448947511,20.735623817017146,0.0016831078191827942
20.83563471477989,-0.006477550758575035,20.73718005349745,0.0015562364803045625
