T_above,diff_above,T_bellow,diff_bellow
33.869241584712995,-0.13075841528700494,20.18558853189027,0.18558853189027147
33.74093810192708,-0.12830348278591686,20.366626034650224,0.18103750275995267
33.61577011137767,-0.1251679905494072,20.543942185861894,0.1773161512116701
33.49365725551616,-0.12211285586150922,20.717602628563863,0.17366044270196923
33.3745212846009,-0.11913597091525929,20.88767226649793,0.17006963793406626
33.258286116897025,-0.1162351677038771,21.054215368756346,0.16654310225841584
33.14487777156153,-0.11340834533549327,21.217295546391398,0.16308017763505234
33.03422430385903,-0.11065346770250528,21.376975731208077,0.15968018481667912
32.92625574265463,-0.10796856120439458,21.53331815664824,0.15634242544016175
32.82090403009544,-0.10535171255919096,21.686384340649848,0.15306618400160943
32.71810296338925,-0.10280106670619205,21.83623507036497,0.1498507297151228
32.61778813860052,-0.10031482478873244,21.982930388629562,0.14669531826459092
32.519896896383884,-0.09789124221663315,22.126529582080025,0.1435991934504628
32.4243682695777,-0.09552862680618546,22.26709117082163,0.14056158874160474
32.331142932586246,-0.09322533699145197,22.404672899555298,0.13758172873366803
32.240163152481514,-0.09097978010473184,22.53933173007485,0.13465883051955174
32.15137274175664,-0.08879041072487581,22.671123835051212,0.13179210497636262
32.06471701266916,-0.08665572908747521,22.800104593027925,0.12898075797671282
31.98014273311237,-0.08457427955679364,22.92632858454772,0.1262239915197938
31.897598083955458,-0.08254464915691173,23.049849589344873,0.12352100479715489
31.81703261779709,-0.08056546615836879,23.17072058453305,0.12087099518817723
31.73839721908411,-0.07863539871297931,23.288993743725065,0.11827315919201453
31.661644065535963,-0.07675315354814671,23.40472043702518,0.11572669330011465
31.586726590830597,-0.0749174747053658,23.517951231834154,0.11323079480897391
31.513599448504813,-0.07312714232578443,23.628735894418547,0.11078466258439335
31.442218477023477,-0.07138097148133582,23.73712339218399,0.10838749776544176
31.372540665974203,-0.0696778110492744,23.843161896611726,0.10603850442773677
31.30452412334671,-0.06801654262749324,23.946898786806795,0.10373689019506926
31.23812804385724,-0.06639607948946846,24.048380653616128,0.10148186680933335
31.173312678279153,-0.06481536557808809,24.147653304276318,0.09927265066018975
31.110039303745673,-0.06327337453348036,24.24476176754725,0.09710846327093137
31.04827019498718,-0.06176910875849373,24.339750299299677,0.09498853175242772
30.987968596469983,-0.06030159851719574,24.432662388518636,0.09291208921895944
30.92909869540712,-0.05886990106286305,24.523540763688466,0.09087837516982944
30.871625595605718,-0.05747309980140258,24.61242739953017,0.08888663584170331
30.815515292126033,-0.056110303479684376,24.699363524059866,0.08693612452969646
30.760734646720756,-0.05478064540527683,24.784389625940374,0.08502610188050852
30.70725136402683,-0.053483282693925105,24.867545462098683,0.08315583615830846
30.65503396848714,-0.05221739553969229,24.94887006558608,0.08132460348739556
30.604051781971556,-0.05098218651558284,25.028401753654396,0.07953168806831812
30.554274902077704,-0.0497768798938516,25.106178136027815,0.07777638237341833
30.505674181087326,-0.04860072099037893,25.182236123348925,0.07605798732111069
30.458221205553095,-0.047452975534231,25.256611935777904,0.07437581242897906
30.41188827649674,-0.046332929056355,25.3293411117268,0.07272917594889705
30.366648390198876,-0.04523988629786402,25.400458516711655,0.07111740498485375
30.322475219556214,-0.044173170642661574,25.469998352305446,0.0695398355937904
30.279343095992953,-0.043132123563260905,25.537994165174908,0.06799581286946221
30.23722699190304,-0.04211610408991362,25.604478856188216,0.0664846910133079
30.196102503608138,-0.04112448829490134,25.66948468957915,0.06500583339093424
30.155945834812982,-0.04015666879515578,25.73304330215463,0.06355861257548057
30.116733780543395,-0.03921205426958707,25.795185712532547,0.062142410377916235
30.078443711548793,-0.03829006899460197,25.855942330400243,0.06075661786769615
30.04105355915662,-0.0373901523921738,25.915342965781104,0.05940063538086093
30.004541800560826,-0.03651175859579325,25.973416838301628,0.05807387252052365
29.96888744453472,-0.03565435602610734,26.03019258644617,0.05677574814454189
29.93407001754968,-0.034817426985039646,26.08569827679379,0.05550569034761921
29.90006955029104,-0.03400046725863959,26.139961413228004,0.05426313643421565
29.866866564554396,-0.0332029857366436,26.193008946111338,0.053047532883333304
29.83444206051394,-0.03242450404045627,26.24486728141725,0.05185833530591211
29.80277750434889,-0.03166455616505104,26.295562289815066,0.05069500839781682
29.771854816217196,-0.03092268813169241,26.34511931569998,0.049557025884912065
29.741656358565702,-0.030198457651493982,26.393563186162133,0.04844387046215459
29.712164924767738,-0.029491433797964817,26.440918219891884,0.04735503372975103
29.68336372807273,-0.02880119669500658,26.487208236014315,0.046290016122430444
29.655236390866012,-0.028127337206719005,26.532456562848328,0.04524832683401314
29.627766934222976,-0.02746945664303624,26.576686046590183,0.04422948374185509
29.600939767751395,-0.026827166471580455,26.619919059911044,0.0432330133208616
29.574739679711712,-0.026200088039683322,26.662177510472986,0.042258450561941885
29.549151827408437,-0.02558785230327487,26.703482849352987,0.041305338880000875
29.52416172784314,-0.024990099565297186,26.74385607937912,0.04037323002613391
29.499755248621316,-0.02440647922182393,26.78331776336968,0.03946168399055949
29.47591859910615,-0.02383664951516451,26.821888032278892,0.038570268909211336
29.45263832181149,-0.023280277294659868,26.859586593243147,0.03769856096425528
29.429901284025235,-0.02273703778625702,26.89643273752835,0.03684614428520305
29.407694669659847,-0.022206614365387622,26.932445348376547,0.0360126108481964
29.386005971319516,-0.021688698340330603,26.96764290874797,0.0351975603714223
29.364822982580698,-0.02118298873881841,27.002043508961712,0.03440060021374336
29.344133790477265,-0.020689192103432674,27.035664854230554,0.033621345268841196
29.323926768185498,-0.02020702229176763,27.068524272091288,0.03285941786073465
29.304190567902797,-0.019736200282700622,27.100638719727442,0.0321144476361539
29.284914113915775,-0.019276453987021824,27.13202479118673,0.031386071459287734
29.266086595849718,-0.018827518066057536,27.16269872449215,0.0306739333054189
29.247697462096017,-0.01838913375370055,27.19267640864401,0.02997768415186286
29.22973641341193,-0.017961048684085767,27.221973390517366,0.02929698187335461
29.21219339668791,-0.01754301672402292,27.250604881651324,0.028631491133957354
29.195058598878177,-0.017134797809731594,27.27858576492948,0.02798088327815762
29.17832244108776,-0.016736157790415263,27.30593060115728,0.027344836227797487
29.16197557281513,-0.0163468682726311,27.33265363553041,0.026723034373130616
29.146008866342193,-0.01596670647293763,27.358768803998515,0.02611516846810602
29.13041341127111,-0.015595455071082398,27.384289739521083,0.025520935522568067
29.115180509200332,-0.01523290207077821,27.409229778222933,0.024940038701849687
29.100301668538474,-0.01487884066185785,27.43360196544189,0.024372187218958175
29.08576859945233,-0.014533069086144934,27.457419061672987,0.02381709623109529
29.071573208942418,-0.014195390509911476,27.480693548412237,0.023274486739250477
29.05770759604613,-0.013865612896289292,27.503437633897317,0.02274408548507978
29.044164047162486,-0.013543548883642842,27.525663258745823,0.022225624848505987
29.030935031497553,-0.013229015664933286,27.547382101495998,0.021718842750175327
29.018013196622555,-0.012921834874997984,27.568605584045986,0.021223482549988404
29.00539136414695,-0.012621832475605999,27.589344876996854,0.02073929295086785
28.993062525501273,-0.012328838645675688,27.609610904896794,0.020266027899939587
28.981019837825407,-0.012042687675865693,27.629414351390867,0.019803446494073285
28.969256619961385,-0.011763217864022124,27.648765664274055,0.019351312883188143
28.957766348546418,-0.011490271414967168,27.667675060451835,0.018909396177779314
28.946542654205103,-0.011223694341314427,27.686152530808894,0.018477470357058934
28.93557931783674,-0.010963336368362775,27.70420784498277,0.018055314173874848
28.92487026699498,-0.010709050841761325,27.721850556050413,0.017642711067644257
28.914409572358647,-0.01046069463633259,27.739090005125565,0.01723944907515218
28.904191444291147,-0.010218128067499777,27.75593532586626,0.016845320740696224
28.89421022948465,-0.009981214806497718,27.772395448895704,0.016460123029442997
28.884460407688472,-0.009749821796177116,27.78847910614009,0.016083657244386984
28.87493658851862,-0.009523819169853454,27.804194835078924,0.015715728938832996
28.865633508345972,-0.00930308017264636,27.81955098291515,0.015356147836225631
28.85654602726253,-0.009087481083440707,27.834555710661117,0.015004727745967728
28.8476691261213,-0.008876901141231741,27.84921699714514,0.014661286484024316
28.838997903651524,-0.008671222469775586,27.86354264293869,0.014325645793547892
28.830527573642033,-0.008470330009490823,27.87754027420538,0.013997631266690291
28.822253462196947,-0.008274111445086163,27.89121734647294,0.013677072267558543
28.81417100505623,-0.008082457140716315,27.90458114832937,0.013363801856431934
28.806275744984553,-0.007895260071677512,27.917638805044884,0.013057656715513843
28.798563329222354,-0.007712415762199498,27.93039728212224,0.012758477077355224
28.791029506999934,-0.007533822222420383,27.94286338877128,0.012466106649039688
28.783670127112792,-0.007359379887141415,27.95504378131655,0.012180392545271701
28.77648113555515,-0.007188991557640634,27.966944966533333,0.011901185216782295
28.76945857321305,-0.007022562342100969,27.978573304916544,0.0116283383832112
28.762598573611125,-0.006859999601925182,27.989935013881414,0.011361708964869877
28.755897360716027,-0.006701212895098507,28.001036170897798,0.011101157016383922
28.749351246794248,-0.00654611392177884,28.01188271656238,0.010846545664580987
28.742956630318467,-0.006394616475780879,28.02248045760301,0.010597741040630382
28.736709993928454,-0.006246636390013549,28.032835069824962,0.010354612221952664
28.730607902438834,-0.00610209148961971,28.042952100991876,0.010117031166913648
28.724647000896464,-0.005960901542369612,28.05283697364953,0.009884872657654142
28.718824012683893,-0.005822988212571545,28.062494987887995,0.009658014238464574
28.713135737670367,-0.0056882750135258675,28.071931324048272,0.009436336160277392
28.707579050404274,-0.005556687266093263,28.081151045369342,0.009219721321070296
28.702150898353096,-0.005428152051177193,28.090159100581374,0.009008055212031962
28.69684830018164,-0.005302598171457618,28.098960326442374,0.008801225860999295
28.69166834407627,-0.005179956105369143,28.107559450222464,0.008599123780090423
28.686608186104948,-0.005060157971321644,28.115961092134903,0.008401641912438862
28.681665048619216,-0.004943137485732052,28.124169767714633,0.008208675579730595
28.676836218694827,-0.0048288299243886,28.132189890147437,0.00802012243280359
28.672119046608096,-0.004717172086731836,28.14002577254756,0.007835882400122784
28.667510944350173,-0.0046081022579222974,28.147681630188156,0.007655857640596508
28.663009384176103,-0.004501560174070107,28.155161582683135,0.007479952494978903
28.658611897189097,-0.0043974869870062605,28.162469656121242,0.007308073438107243
28.654316071958142,-0.00429582523095462,28.169609785156172,0.007140129034929998
28.650119553168505,-0.004196518789637338,28.176585815050082,0.006976029893909441
28.646020040305896,-0.004099512862609345,28.18340150367302,0.006815688622939575
28.642015286369887,-0.0040047539360088535,28.19006052345948,0.006659019786457776
28.63810309661953,-0.003912189750355566,28.19656646332299,0.006505939863512111
28.634281327348,-0.003821769271532105,28.20292283052757,0.006356367204578106
28.63054788468739,-0.003733442660607267,28.20913305251968,0.00621022199210941
28.62690072344087,-0.0036471612465227565,28.215200478720476,0.0060674262007971436
28.623337845942807,-0.003562877498062278,28.221128382277957,0.0059279035574810734
28.61985730094619,-0.0034805449966164304,28.226919961782286,0.005791579504329292
28.61645718253659,-0.003400118409601305,28.232578342941554,0.005658381159268089
28.613135629072158,-0.003321553464431304,28.238106580222535,0.005528237280980619
28.609890822147484,-0.003244806924673327,28.243507658454515,0.005401078231979994
28.6067209855838,-0.003169836563685635,28.24878449439927,0.005276835944755476
28.603624384440575,-0.0030966011432234097,28.2539399382842,0.005155443884930833
28.600599324053576,-0.0030250603869994563,28.258976775304536,0.005036837020334417
28.597644149093348,-0.00295517496022768,28.263897727089706,0.004920951785170047
28.594757242647038,-0.002886906446310178,28.268705453139265,0.004807726049559591
28.591937025321148,-0.0028202173258904395,28.273402552226507,0.004697099087241696
28.58918195436616,-0.002755070954986394,28.27799156377036,0.004589011543853161
28.586490522822334,-0.0026914315438268943,28.282474969178313,0.004483405407953001
28.583861258683395,-0.002629264138938936,28.286855193158427,0.00438022398011384
28.58129272408298,-0.002568534600413841,28.291134605002622,0.004279411844194669
28.578783514497644,-0.002509209585337402,28.295315519841846,0.00418091483922467
28.57633225796978,-0.0024512565278627108,28.299400199872984,0.004084680031137822
28.5739376143494,-0.0023946436203807764,28.30339085555833,0.003990655685345956
28.57159827455269,-0.0023393397967090834,28.30728964679902,0.003898791240690258
28.56931295983807,-0.002285314714622899,28.31109868408135,0.0038090372823305074
28.567080421100105,-0.0022325387379638073,28.314820029597733,0.0037213455163822573
28.564899438179864,-0.002180982920240382,28.31845569834427,0.0036356687465364246
28.562768819190335,-0.002130618989529154,28.322007659191524,0.0035519608472540654
28.560687399858992,-0.002081419331343426,28.325477835932027,0.003470176740503206
28.558654042885014,-0.0020333569739783286,28.328868108306025,0.003390272373998471
28.556667637311953,-0.0019864055730600683,28.332180313001555,0.003312204695529175
28.55472709791517,-0.001940539396784402,28.33541624463443,0.0032359316328758325
28.552831364603236,-0.0018957333119331565,28.338577656704683,0.003161412070252112
28.55097940183385,-0.0018519627693862617,28.341666262532875,0.003088605828192925
28.549170198042745,-0.0018092037911046077,28.34468373617387,0.0030174736409946945
28.547402765086833,-0.001767432955912085,28.34763171331118,0.0029479771373104313
28.545676137699953,-0.0017266273868798976,28.350511792131506,0.0028800788203255934
28.54398937296108,-0.0016867647388743023,28.353325534178754,0.002813742047248269
28.542341549775337,-0.00164782318574197,28.356074465189053,0.0027489310102986053
28.54073176836729,-0.0016097814080460182,28.35876007590666,0.0026856107176058686
28.539159149785753,-0.001572618581537455,28.36138382288274,0.0026237469760808096
28.537622835420027,-0.0015363143657260991,28.36394712925488,0.0025633063721386407
28.53612198652791,-0.0015008488921175456,28.366451385509535,0.002504256254656667
28.534655783774777,-0.0014662027531322508,28.36889795022658,0.002446564717043742
28.533223426782815,-0.0014323569919625356,28.371288150808223,0.002390200581643853
28.531824133690858,-0.0013992930919570767,28.3736232841908,0.0023351333825765153
28.530457140725527,-0.0013669929653303825,28.375904617540712,0.002281333349912984
28.529121701781005,-0.0013354389445225934,28.378133388934085,0.0022287713933728526
28.52781708800971,-0.0013046137712962036,28.38031080802164,0.002177419087555421
28.52654258742162,-0.001274500588088756,28.382438056678474,0.002127248656833558
28.525297504493253,-0.001245082928367225,28.384516289638547,0.0020782329600734784
28.524081159786167,-0.001216344707085426,28.386546635114957,0.0020303454764096784
28.52289288957406,-0.001188270212107767,28.38853019540795,0.0019835602929916263
28.52173204547838,-0.001160844095679181,28.39046804749605,0.0019378520881012662
28.520597994112542,-0.0011340513658382179,28.392361243616012,0.0018931961199619707
28.5194901167346,-0.0011078773779402695,28.39421081182856,0.001849568212549002
28.518407808907973,-0.001082307826628437,28.396017756572267,0.0018069447437056851
28.5173504801695,-0.0010573287384723074,28.397783059203757,0.0017653026314903286
28.516317553706248,-0.0010329264632531476,28.399507678526252,0.0017246193224949025
28.515308466039002,-0.0010090876672457227,28.401192551306252,0.0016848727800002905
28.514322666713348,-0.0009857993256545683,28.402838592778195,0.0016460414719432492
28.51335961799814,-0.0009630487152065825,28.404446697137335,0.001608104359139162
28.51241879459073,-0.0009408234074115285,28.40601773802189,0.0015710408845563961
28.511499683329326,-0.0009191112614033159,28.407552568984038,0.0015348309621465717
28.510601782911383,-0.0008979004179430206,28.40905202395043,0.0014994549663924772
28.50972460361952,-0.0008771792918622623,28.410516917671735,0.001464893721305316
