T_above,diff_above,T_bellow,diff_bellow
18.891489799369474,-0.1085102006305263,15.170447797318511,0.170447797318511
18.790847104625833,-0.10064269474364096,15.329520204426949,0.15907240710843773
18.697469181129705,-0.09337792349612783,15.47788230955288,0.14836210512593162
18.610820242894054,-0.08664893823565123,15.616222030091613,0.1383397205387329
18.530405547058372,-0.08041469583568173,15.745187740633238,0.12896571054162465
18.455768047918788,-0.07463749913958395,15.865389869748052,0.12020212911481387
18.38648534965525,-0.06928269826353883,15.977402541656192,0.1120126719081398
18.322166927915188,-0.06431842174006164,16.081765238981927,0.104362697325735
18.26245159376041,-0.059715334154777366,16.178984467148442,0.09721922816651585
18.20700517641462,-0.05544641734579159,16.26953540466545,0.09055093751700838
18.15551840382057,-0.05148677259404977,16.35386352671065,0.0843281220451999
18.10770496227712,-0.04781344154345035,16.432386192061966,0.07852266535131491
18.063299718417085,-0.04440524386003375,16.50549418568289,0.07310799362092268
18.022057088541487,-0.04124262987559746,16.573553211151673,0.06805902546878428
17.983749541875667,-0.038307546665819814,16.636905328704575,0.0633521175529026
17.948166225684798,-0.03558331619086985,16.695870335982736,0.0589650072781609
17.91511170140026,-0.03305452428453748,16.75074708966394,0.05487675368120293
17.88440478198684,-0.030706919413418632,16.8018147670614,0.05106767739746232
17.85587746173936,-0.028527320247480503,16.849334067507876,0.04751930044647423
17.82937393055003,-0.026503531189330687,16.893548353939742,0.04421428643186687
17.804749665447737,-0.024624265102293208,16.934684735574663,0.04113638163492084
17.78187059289185,-0.022879072555888058,16.97295509295306,0.03827035737839779
17.76061231590735,-0.021258276984500668,17.00855704690828,0.03560195395521859
17.740859400695236,-0.019752915212112754,17.041674873251868,0.033117826343588064
17.722504717838987,-0.018354682856248417,17.072480365122598,0.030805491870729895
17.705448833665216,-0.017055884173771574,17.10113364506162,0.02865327993902156
17.689599447713743,-0.015849385951472783,17.12778392894786,0.0266502838862408
17.674870872625295,-0.014728575088447826,17.152570243965656,0.0247863150177956
17.66118355307753,-0.013687319547763366,17.175622102786523,0.023051858820867466
17.648463620688695,-0.012719932388836952,17.197060136135352,0.021438033348829322
17.636642482070844,-0.011821138617850835,17.216996685881753,0.0199365497464008
17.625656437452314,-0.010986044618530144,17.23553636075048,0.018539674868726763
17.615446327503673,-0.010210109948641133,17.252776556692456,0.017240195941976566
17.60595720619783,-0.009489121305843895,17.268807943891193,0.01603138719873698
17.597138037712465,-0.008819168485363349,17.28371492231144,0.01490697842024602
17.58894141554528,-0.008196622167186973,17.297576047621305,0.01386112530986594
17.581323302158737,-0.007618113386541836,17.31046442924204,0.012888381620733469
17.574242787606995,-0.007080514551741857,17.322448102200873,0.01198367295883429
17.567661865721263,-0.006580921885731783,17.333590374383657,0.011142272182784296
17.561545226538616,-0.006116639182646821,17.34395015070509,0.010359776321433145
17.555860063767266,-0.005685162771349894,17.353582235635074,0.00963208492998291
17.550575896170713,-0.0052841675965531465,17.362537615445568,0.008955379810494435
17.54566440184224,-0.0049114943284713775,17.370863721467195,0.00832610602162731
17.54109926441984,-0.004565137422400056,17.37860467557218,0.00774095410498532
17.536856030364152,-0.004243234055689271,17.3858015190315,0.0071968434593188135
17.532911976487707,-0.003944053876445253,17.392492425827683,0.006690906796183782
17.52924598698754,-0.003665989500166944,17.398712901439463,0.006220475611780074
17.525838439287785,-0.0034075476997550425,17.40449596805532,0.005783066615855148
17.522671098051276,-0.003167341236508747,17.4098723371126,0.005376369057280783
17.51972701676732,-0.0029440812839567343,17.414870570004997,0.004998232892397425
17.51699044636724,-0.002736570400077909,17.41951722774827,0.004646657743272442
