T_above,diff_above,T_bellow,diff_bellow
33.84860777097132,-0.15139222902868,20.19965595108727,0.1996559510872693
33.700661604093355,-0.1479461668779649,20.39410322775391,0.19444727666664008
33.55672569355141,-0.14393591054194843,20.584112519820838,0.19000929206692874
33.416685733366435,-0.14003996018497133,20.769771213911152,0.1856586940903142
33.28043090143274,-0.13625483193369803,20.95116568516396,0.1813944712528084
33.14785379209364,-0.1325771093390955,21.128381315174703,0.1772156300107426
33.018850298224024,-0.12900349386961807,21.30150245828853,0.17312114311382842
32.8933194979498,-0.1255308002742268,21.470612411625602,0.16910995333707035
32.77116354580387,-0.12215595214592412,21.635793388605958,0.1651809769803556
32.65228756812064,-0.11887597768323133,21.797126495750277,0.16133310714431914
32.53659956248121,-0.11568800563943427,21.954691712545323,0.15756521679504587
32.42401030103434,-0.11258926144686399,22.10856787417266,0.15387616162733764
32.31443323751852,-0.10957706351582175,22.258832656912794,0.150264782740134
32.20778441782734,-0.10664881969118056,22.405562566048385,0.14672990913559047
32.10398239396372,-0.10380202386362214,22.548832926098036,0.14327036004965166
32.00294814123758,-0.1010342527261372,22.688717873223045,0.1398849471250081
31.904604978565647,-0.09834316267193444,22.82529034965836,0.13657247643531534
31.808878491744448,-0.09572648682119933,22.95862210002793,0.133331750369571
31.715696459568157,-0.09318203217629062,23.08878366941092,0.13016156938298806
31.624988782671178,-0.09070767689697945,23.215844403033962,0.12706073362304338
31.53668741498355,-0.08830136768762742,23.339872447473383,0.12402804443942017
31.450726297685176,-0.08596111729837475,23.46093475325455,0.12106230578116595
31.367041295561634,-0.08368500212354135,23.57909707874441,0.1181623254898625
31.28557013565744,-0.08147115990419351,23.694423995239443,0.11532691649503235
31.206252348133123,-0.0793177875243174,23.80697889315384,0.11255489791439643
31.129029209237384,-0.0772231388957394,23.916823989224465,0.1098450960706252
31.053843686308397,-0.07518552292898661,24.024020334644774,0.10719634542030931
30.980640384720303,-0.0732033015880944,24.12862782405569,0.1046074894109168
30.90936549669829,-0.07127488802201398,24.230705205316198,0.10207738126050714
30.839966751926955,-0.06939874477133401,24.330310089986614,0.09960488467041628
30.772393369880206,-0.06757338204674923,24.427498964460625,0.09718887447401059
30.706596013805445,-0.06579735607476067,24.522327201684757,0.09482823722413158
30.6425267462953,-0.06406926751014552,24.61484907340721,0.09252187172245385
30.580138986386274,-0.062387759909025675,24.705117762904358,0.09026868949714739
30.51938746812381,-0.06075151826246383,24.793185378132833,0.08806761522847495
30.460228200537255,-0.059159267586554876,24.879102965261925,0.08591758712909225
30.402618428969696,-0.05760977156755942,24.96292052253986,0.0838175572779356
30.346516597711684,-0.056101831258011714,25.04468701445487,0.08176649191500829
30.29188231388846,-0.05463428382322277,25.12445038614918,0.07976337169431247
30.238676312552723,-0.05320600133573805,25.202257578052933,0.07780719190375152
30.186860422937755,-0.05181588961496786,25.278154540702005,0.07589696264907175
30.136397535827665,-0.05046288711008984,25.352186249708847,0.0740317090068423
30.087251572001712,-0.04914596382595349,25.424396720854578,0.07221047114573054
30.039387451714074,-0.0478641202876382,25.494829025279135,0.07043230442455695
29.992771065170363,-0.04661638654371103,25.563525304738942,0.06869627945980739
29.947369243962857,-0.04540182120750558,25.630526786911094,0.0670014821721523
29.903149733431945,-0.044219510530911776,25.695873800719795,0.0653470138087009
29.86008116591635,-0.04306856751559707,25.759605791666708,0.06373199094691273
29.81813303486448,-0.041948131051867676,25.821761337142416,0.062155545475707896
29.777275669770603,-0.04085736509387772,25.8823781617063,0.0606168245638834
29.737480211910484,-0.0397954578601194,25.941493152312717,0.05911499060641745
29.69871859084645,-0.038761621064033136,25.999142373471923,0.05764922115920612
29.660963501672843,-0.037755089173607814,26.055361082330922,0.05621870885899938
29.624188382978087,-0.036775118694755804,26.110183743660738,0.0548226613298155
29.58836739549697,-0.03582098748111662,26.163644044738376,0.05346030107763866
29.55347540142936,-0.034891994067610455,26.215774910112838,0.05213086537446188
29.51948794440149,-0.03398745702786954,26.26660851624473,0.05083360613189214
29.486381230047602,-0.03310671435388812,26.316176306012338,0.04956778976760745
29.454132107191352,-0.03224912285624981,26.36450900307265,0.048332697060313734
29.422718049604654,-0.03141405758669791,26.411636626072312,0.047127622999660446
29.39211713832685,-0.030600911277804954,26.457588502701274,0.04595187662896194
29.362308044521654,-0.02980909380519492,26.502393283582585,0.04480478088131079
29.333270012856865,-0.0290380316647898,26.5460789559928,0.04368567241021637
29.30498284538709,-0.028287167469773777,26.588672857409268,0.042593901416466906
29.27742688592382,-0.02755595946327105,26.630201688879893,0.04152883147062525
29.25058300487541,-0.026843881048410623,26.670691528209318,0.040489839329424626
29.22443258454183,-0.02615042033357895,26.710167842962278,0.03947631475296021
29.198957504849947,-0.02547507969188345,26.748655503277288,0.03848766031500972
29.174140129513056,-0.02481737533689099,26.786178794491708,0.037523291214419885
29.149963292602664,-0.024176836910392296,26.8227614295744,0.03658263508269144
29.126410285517228,-0.02355300708543595,26.858426561364944,0.035665131790544535
29.103464844335765,-0.02294544118146291,26.89319679461842,0.03477023325347517
29.08111113754425,-0.02235370679151316,26.92709419785427,0.03389740323585144
29.059333754121905,-0.021777383422346475,26.96014031500998,0.03304611715570971
29.038117691976122,-0.021216062145782644,26.99235617689667,0.03221586188669079
29.017448346714726,-0.020669345261396188,27.023762312460647,0.031406135563976534
28.99731150074632,-0.02013684596840548,27.05437875984822,0.03061644738757252
28.977693312695244,-0.0196181880510764,27.084225077273796,0.02984631742557653
28.958580307123565,-0.019113005571679054,27.113320353694764,0.029095276420967764
28.9399593645495,-0.018620942574063548,27.14168321929112,0.028362865596356812
28.92181771175372,-0.01814165279578006,27.169331855753533,0.027648636462412668
28.90414291236395,-0.017674799389769902,27.19628400637779,0.026952150624257598
28.886922857707674,-0.01722005465627774,27.222556985971302,0.026272979593510826
28.870145757929116,-0.016777099778558124,27.248167690569442,0.025610704598140188
28.85380013335623,-0.016345624572885242,27.273132606964424,0.024964916394981884
28.837874806114836,-0.01592532724139417,27.29746782204904,0.02433521508461567
28.822358891981256,-0.015515914133580111,27.321189031977916,0.023721209928876164
28.80724179246311,-0.01511709951814666,27.34431155114642,0.02312251916850272
28.79251318710599,-0.014728605357120728,27.36685032098931,0.022538769842892492
28.778163026015847,-0.014350161090142421,27.388819918603573,0.021969597614262426
28.764181522591358,-0.013981503424489006,27.41023456519393,0.02141464659035819
28.750559146460862,-0.01362237613049544,27.431108134347845,0.020873569153913252
28.737286616616473,-0.013272529844389425,27.45145416013751,0.020346025789663713
28.724354894739545,-0.012931721876928037,27.471285845055004,0.019831684917495096
28.711755178712888,-0.012599716026656438,27.490616067780817,0.019330222725812973
28.699478896313778,-0.012276282399110272,27.509457390789414,0.018841323008597755
28.687517699080708,-0.011961197233070209,27.527822067791817,0.01836467700240263
28.675863456351014,-0.011654242729694175,27.545722051022512,0.01789998323069497
28.664508249464102,-0.011355206886911162,27.56316899836746,0.017446947344947006
28.653444366123068,-0.011063883341034142,27.58017428034077,0.017005281973311526
28.64266429491249,-0.010780071210579223,27.596748986907556,0.016574706566785835
28.632160719967768,-0.010503574944721095,27.612903934160947,0.016154947253390617
28.621926515789447,-0.010234204178320994,27.62864967085134,0.015745736690391254
28.611954742200858,-0.009971773588588917,27.64399648477164,0.015346813920302793
28.60223863944311,-0.00971610275774637,27.658954409003382,0.014957924231740805
28.59277162340461,-0.009467016038502862,27.67353322802267,0.014578819019288147
28.583547280980483,-0.009224342424126064,27.687742483669666,0.014209255646996155
28.57455936555792,-0.008987915422562054,27.70159148098628,0.013848997316614486
28.565801792625386,-0.00875757293253443,27.715089293921167,0.01349781293488661
28.5572686354997,-0.008533157125686586,27.72824477090697,0.013155476985801329
28.548954121170606,-0.00831451432909347,27.741066540310516,0.012821769403547734
28.540852626256985,-0.00810149491362111,27.75356301576035,0.0124964754498329
28.53295867307208,-0.00789395318490449,27.765742401350728,0.0121793855903789
28.525266925795172,-0.007691747276908245,27.777612696729513,0.01187029537878459
28.517772186747365,-0.007494739047807286,27.789181702067314,0.01156900533780103
28.510469392766765,-0.007302793980599631,27.800457022912685,0.011275320845371084
28.503353611681142,-0.007115781085623496,27.81144607493532,0.010989052022633672
28.496420038876227,-0.006933572804914689,27.822156088559247,0.010710013623928205
28.489663993954586,-0.006756044921640836,27.832594113488806,0.010438024929559475
28.48308091748637,-0.006583076468217541,27.842767023129124,0.010172909640317584
28.47666636784442,-0.006414549641949208,27.852681518903683,0.009914495774559384
28.47041601812612,-0.0062503497183001855,27.86234413446964,0.009662615565957822
28.464325653155363,-0.006090364970756212,27.87176123983613,0.009417105366487988
28.458391166567452,-0.005934486587911181,27.88093904538439,0.009177805548262086
28.452608557969043,-0.005782608598408956,27.889883605793,0.008944560408608027
28.446973930174156,-0.005634627794886882,27.898600823871398,0.008717218078398759
28.441483486514784,-0.005490443659372346,27.90709645430248,0.00849563043108148
28.436133528222744,-0.005349958292040213,27.915376107295106,0.008279652992627007
28.430920451879498,-0.005213076343245859,27.92344525215121,0.00806914485610477
28.42584074693606,-0.0050797049434372354,27.93130922074706,0.007863968595849258
28.420890993296567,-0.0049497536394937924,27.93897321093237,0.00766399018531061
28.416067858966844,-0.004823134329722478,27.94644228984711,0.0074690789147382475
28.4113680977643,-0.004699761202545005,27.953721397159548,0.007279107312438526
28.40678854708961,-0.004579550674687738,27.960815348226113,0.007093951066565296
28.402326125756296,-0.004462421333315092,27.967728837176047,0.0069134889499338215
28.39797783187763,-0.00434829387866742,27.974466439920253,0.006737602744205873
28.393740740809434,-0.004237091068194587,27.981032617089177,0.00656617716892427
28.389612003148017,-0.004128737661417858,27.98743171689935,0.006399099810174391
28.3855888427782,-0.004023160369815315,27.99366797795016,0.006236261050808878
28.381668554975132,-0.0039202878030693,27.999745531953312,0.00607755400315213
28.377848504555615,-0.0038200504195167184,28.005668406395433,0.005922874442120474
28.3741261240768,-0.003722380478816234,28.011440527136457,0.005772120741024622
28.37049891208308,-0.0036272119937201808,28.017065720945034,0.005625193808576512
28.366964431399094,-0.0035344806839852083,28.022547717971694,0.005481997026659968
28.363520307466686,-0.00344412393240745,28.027890154161852,0.005342436190158395
28.36016422672601,-0.0033560807406765036,28.033096573610187,0.005206419448334998
28.356893935039377,-0.0032702916866327314,28.038170430857015,0.005073857246827629
28.353707236154598,-0.003186698884778849,28.043115093128012,0.004944662270997213
28.35060199021109,-0.0031052459435088053,28.047933842520997,0.004818749392985211
28.347576112282493,-0.003025877928596543,28.052629878136404,0.004696035615406657
28.34462757095959,-0.0029485413229011215,28.057206318157828,0.004576440021423878
28.341754386968088,-0.002873183991503936,28.0616662018796,0.004459883721771973
28.338954631824024,-0.0027997551440641644,28.066012491685402,0.004346289805802428
28.336226426523112,-0.002728205300911668,28.070248074978394,0.004235583292992118
28.33356794026614,-0.0026584862569727363,28.07437576606311,0.004127691084715224
28.330977389214386,-0.0025905510517532093,28.078398307980784,0.0040225419176742605
28.328453035280372,-0.0025243539340138454,28.082318374300485,0.003920066319700766
28.325993184948878,-0.0024598503314940956,28.086138570864396,0.0038201965639110824
28.323596188128256,-0.0023969968206216663,28.08986143749086,0.0037228666264645938
28.321260437032425,-0.0023357510958312844,28.093489449635282,0.003628012144421433
28.31898436509124,-0.00227607194118562,28.097025020009745,0.0035355703744635036
28.3167664458896,-0.002217919201640939,28.100470500162224,0.003445480152478808
28.3146051921338,-0.0021612537557977873,28.103828182016606,0.003357681854382122
28.312499154644733,-0.0021060374890673472,28.10710029937514,0.0032721173585343877
28.31044692137775,-0.0020522332669834498,28.110289029382166,0.0031887300070252422
28.30844711646715,-0.0019998049106000337,28.11339649395324,0.0031074645710731374
28.30649839929584,-0.0019487171713095108,28.11642476116713,0.003028267213892377
28.304599463588612,-0.0018989357072278779,28.11937584662414,0.002951085457009839
28.30274903652996,-0.0018504270586525706,28.122251714769394,0.00287586814525298
28.300945877903615,-0.0018031586263447252,28.125054280185097,0.0028025654157026736
28.2991887792547,-0.0017570986489161555,28.12778540884829,0.0027311286631928056
28.297476563074028,-0.0017122161806710778,28.13044691935844,0.002661510510151288
28.295808082002967,-0.0016684810710607678,28.133040584134914,0.002593664776473048
28.294182218059316,-0.0016258639436514954,28.135568130582566,0.0025275464476521847
28.292597881882116,-0.0015843361771992193,28.138031242230777,0.0024631116482112247
28.291054011997296,-0.001543869884820026,28.14043155984135,0.0024003176105722446
28.28954957410194,-0.0015044378953561477,28.14277068249068,0.002339122649331671
28.28808356036604,-0.0014660137359001624,28.145050168624017,0.0022794861333359506
28.286654988753735,-0.0014285716123048076,28.14727153708282,0.00222136845880172
28.285262902361136,-0.0013920863925989124,28.14943626810735,0.002164731024532074
28.283906368771444,-0.0013565335896927877,28.151545804313734,0.0021095362063832113
28.28258447942703,-0.0013218893444140178,28.153601551645675,0.002055747331940694
28.281296349016984,-0.0012881304100460511,28.155604880303827,0.0020033286581515597
28.28004111488112,-0.0012552341358649244,28.157557125650694,0.0019522453468674428
28.27881793642888,-0.001223178452239182,28.15945958909249,0.0019024634417945663
28.27762599457355,-0.0011919418553283379,28.161313538940473,0.0018539498479839267
28.276464491181233,-0.0011615033923177975,28.16312021124896,0.0018066723084864122
28.275332648533237,-0.0011318426479967059,28.164880810633143,0.0017605993841840473
28.274229708802814,-0.0011029397304227473,28.16659651106572,0.0017157004325767389
28.273154933545708,-0.0010747752571056424,28.1682684566541,0.0016719455883809076
28.272107603202752,-0.001047330342956343,28.169897762397678,0.0016293057435774472
28.271087016616605,-0.0010205865861472319,28.171485514925667,0.0015877525279890392
