T_above,diff_above,T_bellow,diff_bellow
24.6856674547455,-0.3143325452545014,20.997540274045814,-0.002459725954185643
24.395631361343113,-0.2900360934023851,20.99450390794478,-0.003036366101035526
24.12869852847451,-0.2669328328686049,20.99169753701132,-0.00280637093345959
23.88295068942432,-0.24574783905018904,20.98910373026684,-0.0025938067444783997
23.656639936074523,-0.22631075334979656,20.986706379191098,-0.002397351075742904
23.44817205610771,-0.2084678799668147,20.984490597190636,-0.002215782000462241
23.25609170291596,-0.19208035319174854,20.98244262673359,-0.0020479704570455226
23.079069171276238,-0.1770225316397216,20.980549753568738,-0.0018928731648522046
22.91588858297435,-0.16318058830188775,20.97880022748119,-0.001749526087547082
22.765437313077282,-0.15045126989706858,20.977183189093317,-0.0016170383878737482
22.6266965101268,-0.1387408029504833,20.9756886022282,-0.0014945868651174976
22.49873258287105,-0.1279639272557489,20.9743071914308,-0.0013814107973999512
22.380689542660498,-0.11804304021055145,20.973030384238765,-0.0012768071920348234
22.271782104860694,-0.10890743779980383,20.971850257842497,-0.0011801263962674113
22.171289464820926,-0.10049264003976788,20.970759489806802,-0.0010907680356950777
22.078549674458014,-0.0927397903629128,20.96975131253079,-0.0010081772760131003
21.992954554605948,-0.0855951198520657,20.968819471173447,-0.0009318413573424777
21.913945086109305,-0.07900946849664336,20.967958184769444,-0.0008612864040031809
21.841007229460953,-0.07293785664835184,20.96716211030636,-0.0007960744630821637
21.773668128688183,-0.06733910077277017,20.966426309517285,-0.000735800789076535
21.711492660314473,-0.062175468373709464,20.965746218205744,-0.0006800913115405649
21.65408029271561,-0.05741236759886448,20.96511761789339,-0.0006286003123534556
21.601062225084757,-0.05301806763085182,20.964536609619472,-0.000581008273918826
21.552098778653917,-0.0489634464308395,20.96399958972573,-0.0005370198937413306
21.506877015790966,-0.04522176286295121,20.963503227482473,-0.0004963622432576642
21.465108565244556,-0.04176845054641021,20.963044444409153,-0.0004587830733200349
21.426527634105465,-0.03858093113909078,20.962620395161384,-0.00042404924776917596
21.390889189090775,-0.03563844501469049,20.96222844987171,-0.00039194528967456677
21.357967291576646,-0.03292189751412877,20.9618661778236,-0.0003622720481075703
21.327553572355868,-0.03041371922077829,20.961531332367734,-0.00033484545586759396
21.29945583355253,-0.02809773880333921,20.961221836976947,-0.00030949539078761745
21.273496766331565,-0.025959067220963306,20.96093577236557,-0.0002860646113767018
21.24951277418999,-0.02398399214157365,20.960671364571947,-0.0002644077936224676
21.22735289257718,-0.02215988161281146,20.960426973960512,-0.000244390611435108
21.2068777965003,-0.02047509607687914,20.96020108504312,-0.00022588891739161454
21.187958888533764,-0.018918907966536835,20.959992297079477,-0.00020878796364343088
21.170477460382248,-0.0174814281515161,20.959799315386242,-0.00019298169323533898
21.15432392176599,-0.016153538616258345,20.959620943306298,-0.00017837207994375603
21.13939709096204,-0.014926830803950963,20.95945607478523,-0.0001648685210682288
21.12560354186431,-0.01379354909772701,20.95930368750974,-0.00015238727549160558
21.112857002864686,-0.012746538999625301,20.959162836568424,-0.00014085094131388587
21.10107780328083,-0.01177919958385587,20.95903264858897,-0.00013018797945463234
21.090192363448836,-0.010885439831994859,20.958912316324362,-0.00012033226460772539
21.080132724891918,-0.010059638556917605,20.958801093643196,-0.00011122268116636747
21.070836117338565,-0.009296607553352487,20.95869829090175,-0.00010280274144491841
21.062244559608047,-0.008591557730518673,20.958603270668192,-9.502023355878464e-05
21.054304491629114,-0.00794006797893232,20.958515443770374,-8.782689781838826e-05
