T_above,diff_above,T_bellow,diff_bellow
18.891497251020336,-0.10850274897966372,15.170454523728026,0.17045452372802572
18.790862397495864,-0.10063485352447188,15.329534109076128,0.15907958534810263
18.697491729673047,-0.09337066782281767,15.4779029376015,0.14836882852537236
18.610849507053082,-0.08664222261996457,15.616248952521191,0.13834601491969067
18.53044102849593,-0.08040847855715327,15.745220553212922,0.12897160069173097
18.455809286593198,-0.07463174190273136,15.86542819197296,0.12020763876003748
18.38653192070222,-0.06927736589097577,15.977446015672903,0.11201782369994362
18.32221843880637,-0.06431348189585151,16.08181352851346,0.10436751284055745
18.26250768171124,-0.05971075709512874,16.17903725642847,0.09722372791500788
18.20706550601687,-0.05544217569437038,16.269592397389406,0.09055514096093731
18.155582664878292,-0.05148284113857926,16.35392444501052,0.08433204762111401
18.10777286782653,-0.04780979705176236,16.43245077550909,0.07852633049856905
18.063371002913076,-0.04440186491345344,16.505562190322713,0.07311141481362426
18.022131506195283,-0.041239496717793145,16.573624408572996,0.06806221825028302
17.983826865130137,-0.03830464106514597,16.636979505145337,0.06335509657234084
17.948246243814523,-0.03558062131561357,16.69594729147334,0.058967786328000926
17.915194219225445,-0.033052024589078854,16.75082663720886,0.05487934573552167
17.884489618690846,-0.030704600534598114,16.801896731859063,0.0510700946502034
17.855964449781172,-0.028525168909673937,16.849418286208937,0.04752155434987415
17.829462914662916,-0.026501535118256925,16.893634673942586,0.04421638773364833
17.80484050171714,-0.024622412945774386,16.934773014358008,0.04113834041542219
17.781963147905437,-0.022877353811704637,16.9730451974445,0.03827218308649094
17.760706465971495,-0.02125668193394148,17.008648852887504,0.03560365544300481
17.740955031112332,-0.019751434859163197,17.041768264787358,0.0331194118998539
17.722601722240306,-0.01835330887202602,17.07257523404075,0.0308069692533941
17.705547113395063,-0.01705460884524257,17.10122989044667,0.028654656405919354
17.689698911260713,-0.01584820213435023,17.127881456671595,0.02665156622492404
17.674971435096445,-0.014727476164267728,17.15266896624507,0.024787509573474864
17.661285135712763,-0.013686299383682154,17.17572193776843,0.02305297152335939
17.648566150411597,-0.012718985301166441,17.19716100750669,0.021439069738260486
17.636745891073023,-0.01182025933857389,17.217098522503722,0.019937514997032224
17.625760662809213,-0.010985228263809432,17.23563909631586,0.018540573812138916
17.61555131081879,-0.010209351990422277,17.252880129404208,0.01724103308834657
17.60606289327343,-0.00948841754535934,17.268912296161776,0.01603216675756869
17.59724437824485,-0.008818515028583107,17.283820000481263,0.01490770431948718
17.58904836284231,-0.008196015402539558,17.297681801695294,0.013861801214030578
17.58143081287847,-0.007617549963839565,17.31057081264321,0.012889010947915835
17.57435082151529,-0.0070799913631809375,17.32255507154004,0.01198425889683108
17.567770385467387,-0.006580436047901372,17.333697889244153,0.011142817704111962
17.561654197447147,-0.006116188020239832,17.34405817344176,0.010360284197606262
17.555969453645236,-0.005684743801911196,17.35369073118618,0.009632557744421177
17.550685675128904,-0.00528377851633266,17.36264655115759,0.008955819971408374
17.5457745421294,-0.004911132999502854,17.370973066930976,0.008326515773386944
17.54120974026888,-0.004564801860521328,17.37871440247016,0.007741335539183325
17.536966817849674,-0.0042429224192055415,17.385911600995037,0.00719719852487799
17.5330230533938,-0.003943764455872412,17.392602838303848,0.006691237308810827
17.529357332685244,-0.0036657207085575294,17.398823621567164,0.006220783263316321
17.525950034620962,-0.0034072980642818607,17.404606974549502,0.005783352982337675
17.522782925231425,-0.003167109389536904,17.409983610156047,0.0053766356065452214
17.51983905927546,-0.002943865955966629,17.414982091147994,0.004998480991947218
17.51710268886302,-0.0027363704124390154,17.41962897981464,0.00464688866664531
