T_above,diff_above,T_bellow,diff_bellow
23.750027578540724,-0.249972421459276,20.057211381723967,0.05721138172396678
23.519019854353925,-0.23100772418679938,20.109476477850126,0.052265096126159705
23.30617782582447,-0.21284202852945455,20.15784232415805,0.04836584630792373
23.1100221833985,-0.19615564242597117,20.202596896676013,0.044754572517963
22.92920130992723,-0.1808208734712693,20.24400733076634,0.041410434090327186
22.762479255339535,-0.1667220545876944,20.282321366410244,0.038314035643903566
22.60872497749255,-0.1537542778469856,20.31776870269234,0.03544733628209684
22.466902699037973,-0.14182227845457618,20.350562265723564,0.03279356303122327
22.33606324996181,-0.13083944907616285,20.380899394287443,0.030337128563878935
22.215336282415826,-0.12072696754598411,20.408962947500076,0.02806355321263254
22.1039232590072,-0.1114130234086268,20.4349223387181,0.025959391218023598
22.001091128238613,-0.10283213076858644,20.458934499849555,0.024012161131455656
21.906166611544403,-0.09492451669420987,20.48114478011183,0.022210280262275006
21.81853103569267,-0.08763557585173487,20.501687783144277,0.02054300303244716
21.737615652343138,-0.08091538334953086,20.520688146243668,0.019000363099390682
21.66289739352753,-0.0747182588156079,20.53826126532715,0.017573119083483135
21.593895017858177,-0.06900237566935274,20.554513969069006,0.016252703741855612
21.53016560752858,-0.06372941032959645,20.569545145487748,0.01503117641874141
21.47130138074596,-0.05886422678262093,20.58344632409869,0.013901178610943532
21.416926788237422,-0.05437459250853749,20.59630221656982,0.012855892471129948
21.3666958659542,-0.05023092228322312,20.608191218667773,0.011889002097952073
21.320289819167034,-0.04640604678716542,20.61918587611429,0.010994657446516953
21.277414815829584,-0.04287500333744987,20.629353316818356,0.010167440704066166
21.237799969445355,-0.03961484638422874,20.63875565180484,0.009402334986482686
21.20119549375341,-0.036604475691945026,20.647450347009748,0.008694695204908953
21.167371013382652,-0.03382448037075747,20.655490567981705,0.008040220971956558
21.136114016252343,-0.03125699713030983,20.66292549940023,0.007434931418526247
21.10722843492074,-0.028885581331604016,20.669800641184434,0.006875141784203009
21.0805333453671,-0.02669508955363753,20.676158082867023,0.0063574416825886715
21.055861772823178,-0.024671572543923048,20.682036757779798,0.0058786749127754945
21.033059595273933,-0.022802177549245073,20.687472678503745,0.005435920723947163
21.011984536149097,-0.021075059124836315,20.692499154935028,0.005026476431282845
20.992505238534537,-0.019479297614559243,20.697146996220877,0.004647841285848386
20.974500413933363,-0.018004824601174363,20.701444697737546,0.004297701516669861
20.957858059274713,-0.01664235465865005,20.705418614200862,0.0039739164633161295
20.942474736425293,-0.015383322849420011,20.70909311992087,0.0036745057200064934
20.92825490898841,-0.014219827436882326,20.71249075713936,0.0033976372184909565
20.915110331640125,-0.013144577348285225,20.71563237332618,0.003141616186820073
20.902959487667516,-0.012150843972609238,20.71853724824723,0.0029048749210502933
20.891727070767015,-0.011232416900501363,20.721223211555202,0.0026859633079716616
20.881343507495135,-0.010383563271879837,20.72370675160263,0.0024835400474287894
20.87174451707014,-0.009598990424994014,20.726003116128126,0.00229636452549542
20.86287070552144,-0.008873811548699706,20.728126405417466,0.0021232892893401356
20.854667191422703,-0.008203514098738651,20.730089658493007,0.001963253075540905
20.847083260688922,-0.007583930733780164,20.731904932854302,0.0018152743612951383
20.840072048118966,-0.007011212569956626,20.73358337824686,0.0016784453925566822
20.833590243566103,-0.0064818045528625134,20.735135304902517,0.0015519266556580646
