T_above,diff_above,T_bellow,diff_bellow
21.85944186847848,-0.1405581315215194,18.156566873230087,0.1565668732300871
21.729106763288453,-0.1303351051900279,18.301398572614854,0.14483169938476692
21.60873264260981,-0.12037412067864395,18.435785293154414,0.1343867205395597
21.497541068008736,-0.11119157460107232,18.56045617749838,0.124670884343967
21.3948168641667,-0.10272420384203684,18.676092997757284,0.11563682025890287
21.299902639213965,-0.09491422495273483,18.7833327022596,0.1072397045023159
21.212193825441524,-0.08770881377244066,18.882769910660897,0.099437208401298
21.131134185076412,-0.08105964036511182,18.974959341993348,0.09218943133245006
21.05621173240009,-0.07492245267632214,19.0604181640492,0.08545882205585187
20.986955029215267,-0.06925670318482346,19.139628255653445,0.07921009160424575
20.922929815644707,-0.06402521357055946,19.21303837599346,0.07341012034001437
20.86373594259192,-0.05919387305278789,19.28106623731653,0.06802786132307048
20.809004575984616,-0.054731366607303045,19.344100479061602,0.063034241745072
20.758395646236544,-0.05060892974807274,19.40250254290611,0.058402063844507524
20.71159551927686,-0.04680012695968472,19.456608449347314,0.05410590644120461
20.66831486804419,-0.04328065123266711,19.506730477337012,0.05012202798969767
20.62828672558818,-0.040028142456012716,19.553158749190636,0.046428271853624636
20.591264702903832,-0.03702202268434718,19.59616272352875,0.04300397433811298
20.557021356365652,-0.03424334653817951,19.635992599407277,0.03982987587852804
20.525346691176633,-0.03167466518901918,19.672880635078688,0.03688803567141008
20.496046788611824,-0.029299902564808633,19.7070423850153,0.034161749936611585
20.468942546053107,-0.027104242558717573,19.738677858944456,0.03163547392915689
20.44386851988874,-0.02507402616436849,19.767972606691533,0.029294747747076855
20.420671862312762,-0.02319665757597633,19.79509873263229,0.027126125940757362
20.399211343915976,-0.0214605183967862,19.820215843515655,0.025117110883364546
20.379356454724746,-0.019854889191229574,19.843471933349612,0.023256089833957105
20.360986577031532,-0.018369877693213965,19.86500420894431,0.021532275594697836
20.343990223971225,-0.016996353060307,19.884939859599474,0.019935650655163784
20.328264338350888,-0.01572588562033772,19.903396774290364,0.018456914690890613
20.3137136467345,-0.014550691616388889,19.92048420957687,0.01708743528650558
20.300250064231516,-0.013463582502982518,19.936303411311922,0.015819201735052246
20.28779214583938,-0.012457918392136946,19.950948193086305,0.014644781774382665
20.27626458055131,-0.011527565288069752,19.964505474196436,0.013557281110131214
20.265597724772643,-0.010666855778666218,19.977055779778162,0.012550305581726207
20.25572717188241,-0.009870552890234308,19.988673705603393,0.011617925825230913
20.24659335504885,-0.009133816833557518,19.999428349899972,0.01075464429657913
20.23814118065002,-0.008452174398829726,20.009383714414707,0.009955364514734555
20.23031968987185,-0.007821490778173512,20.018599076809267,0.00921536239455989
20.22308174626148,-0.0072379436103666706,20.02712933635265,0.008530259543384489
20.216383747194225,-0.006697999067256433,20.035025334749378,0.007895998396726611
20.210185357379956,-0.006198389814269234,20.042334153831042,0.007308819081664808
20.204449262689415,-0.005736094690540483,20.049099391723114,0.006765237892071951
20.199140942719605,-0.005308319969810071,20.05536141900046,0.006262027277344373
20.19422846064381,-0.00491248207579531,20.061157616238948,0.005796197238488787
20.189682269010234,-0.004546191633576058,20.066522594283914,0.005364978044966051
20.185475030259045,-0.004207238751188669,20.07148839845992,0.004965804176006117
20.1815814508229,-0.0038935794361449894,20.07608469787192,0.004596299412000349
20.17797812777243,-0.003603323050469953,20.08033896086307,0.004254262991150171
