T_above,diff_above,T_bellow,diff_bellow
19.91542162466248,-0.08457837533752155,16.201100558407077,0.2011005584070773
19.836885076894198,-0.07853654776828023,16.38818740061778,0.1870868422107037
19.764145971041952,-0.07273910585224641,16.56233298757472,0.17414558695693927
19.696769684065867,-0.067376286976085,16.724388786025845,0.1620557984511244
19.634355099273392,-0.062414584792474415,16.875156539562052,0.15076775353620775
19.576531896728365,-0.05782320254502693,17.0153902237581,0.14023368419604765
19.52295807972873,-0.05357381699963426,17.14579808433986,0.13040786058175868
19.473317714600213,-0.04964036512851777,17.26704472204313,0.1212466377032726
19.427318863510635,-0.04599885108957835,17.379753194504985,0.11270847246185411
19.384691692174744,-0.04262717133589078,17.48450711118532,0.10475391668033396
19.345186736224242,-0.03950495595050185,17.58185270210621,0.09734559092089157
19.308573311700552,-0.036613424523689986,17.67230084522865,0.09044814312244043
19.274638056615665,-0.03393525508488793,17.7563290406827,0.08402819545404938
19.24318359184284,-0.031454464772824764,17.834383322910835,0.07805428222813404
19.214027290767852,-0.029156301074987567,17.90688010415946,0.07249678124862413
19.187000148172018,-0.027027142595834164,17.97420794472128,0.06732784056181984
19.1619457397373,-0.025054408434719733,18.036729246966612,0.06252130224533303
19.13871926439338,-0.023226475343918196,18.09478187153599,0.05805262456937754
19.117186662458874,-0.021532601934506346,18.148680675157657,0.05389880362166721
19.09722380318717,-0.019962859271704048,18.19871897043535,0.050038295277694544
19.07871573591895,-0.018508067268218298,18.245169908653615,0.04645093821826407
19.061555999568192,-0.017159736350759403,18.2882877872037,0.043117878550084754
19.045645985647084,-0.01591001392110769,18.328309283659546,0.04002149645584652
19.03089435046202,-0.01475163518506406,18.36545461886039,0.03714533520084373
19.01721647249597,-0.013677877966049579,18.399928651588567,0.03447403272817695
19.004533951342744,-0.0126825211532271,18.431921907598838,0.0319932560102707
18.99277414487087,-0.011759806471872025,18.46161154585673,0.02968963825789217
18.981869741580145,-0.01090440329072706,18.4891622648983,0.027550719041570915
18.971758365370988,-0.010111376209156475,18.51472715224159,0.025564887343289655
18.962382210179992,-0.00937615519099566,18.53844847975897,0.023721327517378654
18.953687702147498,-0.008694508032494497,18.560458447879743,0.022009968120773493
18.94562518717584,-0.008062514971658885,18.580879881428807,0.020421433549064005
18.93814864191303,-0.007476545262807832,18.599826879828115,0.0189469983993078
18.931215406355907,-0.006933235557124107,18.617405424300454,0.01757854447233953
18.924785936411308,-0.006429469944599475,18.633713944613287,0.016308520312833252
18.918823574891686,-0.005962361519621595,18.64884384780004,0.01512990318675378
18.913294339537778,-0.005529235353908035,18.66288001118633,0.014036163386290212
18.908166726776194,-0.005127612761583578,18.675901241941233,0.01302123075490158
18.903411530019657,-0.004755196756537572,18.687980705261552,0.01207946332031895
18.89900167141319,-0.004409858606468475,18.699186323191697,0.01120561793014474
18.894912046012077,-0.004089625401110908,18.70958114597154,0.010394822779844048
18.891119377460093,-0.003792668551984235,18.71922369770322,0.009642551731680271
18.88760208430417,-0.0035172931559230847,18.728168298023228,0.008944600320006657
18.884340156152295,-0.003261928151875537,18.73646536137041,0.008297063347182387
18.88131503893951,-0.003025117212786199,18.744161675344767,0.007696313974356883
18.878509528623116,-0.0028055103163922013,18.751300659563267,0.0071389842184999
18.875907672682626,-0.0026018559404903385,18.757922606330105,0.006621946766838249
18.873494678843425,-0.0024129938392007944,18.764064904358065,0.00614229802796018
18.87125683049051,-0.002237848352915961,18.769762246700473,0.0056973423424082625
18.869181408276187,-0.002075422214321776,18.77504682397575,0.005284577275276092
