T_above,diff_above,T_bellow,diff_bellow
21.859585765046674,-0.14041423495332594,18.156704601416585,0.15670460141658538
21.729386606582786,-0.1301991584638884,18.30166743235059,0.14496283093400564
21.609137860005323,-0.1202487465774631,18.436176013035556,0.1345085806849653
21.498061945170715,-0.11107591483460766,18.560960098444472,0.1247840854089155
21.395444470388103,-0.10261747478261185,18.676702039079593,0.11574194063512167
21.300628759915025,-0.09481571047307824,18.78403932856525,0.10733728948565613
21.213010901059192,-0.08761785885583251,18.883567099771287,0.09952777120603784
21.13203525566581,-0.08097564539338364,18.97584055400752,0.09227345423623134
21.057190387350186,-0.07484486831562265,19.06137731164472,0.08553675763720037
20.98800536155105,-0.06918502579913621,19.140659675686038,0.07928236404131894
20.92404638044969,-0.06395898110136145,19.214136802428428,0.07347712674238949
20.86491371913792,-0.059132661311767976,19.282226775507095,0.06808997307866704
20.810238933201276,-0.0546747859366441,19.345318581369334,0.06309180586223917
20.75968231119665,-0.05055662200462763,19.403773985646875,0.05845540427754159
20.71293054840552,-0.04675176279112847,19.45792931103557,0.054155325388695275
20.669694620793337,-0.043235927612183644,19.50809711819233,0.05016780715676106
20.629707840345684,-0.03998678044765214,19.554567791864724,0.04647067367239188
20.592724074929677,-0.03698376541600723,19.5976110350078,0.04304324314307806
20.558516117569667,-0.034207957360010255,19.637477274039416,0.039866239031614015
20.526874191570705,-0.03164192599896154,19.67439897867545,0.036921704636032615
20.497604579287295,-0.02926961228341085,19.708591899976845,0.03419292130139695
20.47052836354791,-0.02707621573938468,19.74025623035411,0.03166433037726435
20.445480271822127,-0.025048091725782484,19.76957768932961,0.02932145897549887
20.422307614178166,-0.02317265764396126,19.796728538857792,0.027150849528183585
20.4008693069328,-0.021438307245364996,19.82186853196618,0.025139993108389547
20.38103497465704,-0.019834332275760147,19.845145798411153,0.02327726644497119
20.362684123894386,-0.018350850762654858,19.86669767094493,0.021551872533777328
20.345705382548612,-0.01697874134577404,19.88665145568149,0.019953784736561175
20.329995799458413,-0.01570958309019943,19.90512514992011,0.018473694238618776
20.315460199165578,-0.014535600292834516,19.922228110648458,0.017102960728347938
20.3020105873308,-0.013449611834779773,19.938061676809685,0.015833566161226997
20.289565602651937,-0.01244498467886146,19.952719748266748,0.014658071457063215
20.278050011502803,-0.011515591149134252,19.96628932425723,0.013569575990480587
20.267394241834555,-0.010655769668247217,19.97885100397858,0.012561679721351027
20.25753395318765,-0.009860288646905246,19.990479451809314,0.011628447830734245
20.24840963991902,-0.009124313268628725,20.00124382952109,0.010764377711776518
20.239966265001765,-0.008443374917256108,20.011208197708324,0.009964368187233674
20.232152921974805,-0.00781334302696024,20.02043188852549,0.009223690817165675
20.22492252281841,-0.0072303991563948955,20.028969851696203,0.008537963170713425
20.218231509717675,-0.006691013100734722,20.03687297563606,0.007903123939858148
20.21203958884408,-0.006191920873597212,20.04418838541846,0.007315409782400195
20.206309484434673,-0.005730104409405357,20.050959719196065,0.006771333777603417
20.201006711591106,-0.005302772843567283,20.05722738459166,0.00626766539559398
20.196099366345354,-0.004907345245751316,20.063028796470263,0.005801411878604057
20.19155793165685,-0.004541434688505319,20.068398597408994,0.005369800938730407
20.18735509811364,-0.0042028335432107156,20.073368862097876,0.004970264688882509
20.18346559820309,-0.003889499910549432,20.077969286815037,0.004600424717160934
20.179866053113347,-0.003599545089741696,20.08222736504687,0.0042580782318317745
