T_above,diff_above,T_bellow,diff_bellow
33.72785145268626,-0.2721485473137406,20.25101625046315,0.2510162504631488
33.46638779661118,-0.2614636560750796,20.49319804735013,0.24218179688698172
33.21545835820795,-0.250929438403233,20.727122448512983,0.2339244011628523
32.97461313138389,-0.24084522682405662,20.953039756868375,0.2259173083553918
32.7434231606535,-0.23118997073039083,21.171195141116584,0.21815538424820957
32.521479431107934,-0.22194372954556485,21.38182852641789,0.21063338530130693
32.30839182432361,-0.21308760678432748,21.585174509647782,0.20334598322989095
32.10378813665479,-0.20460368766881487,21.78146229775239,0.196287788104609
31.90731315570026,-0.19647498095453386,21.970915666924448,0.1894533691720568
31.718627791042575,-0.18868536465768315,22.15375294050958,0.18283727358513246
31.537408255654416,-0.18121953538815916,22.330186983723973,0.1764340432143925
31.363345294626924,-0.17406296102749153,22.50042521342683,0.17023822970285707
31.196143458124546,-0.16720183650237885,22.66466962133505,0.16424440790822104
31.035520415690165,-0.16062304243438064,22.82311680920447,0.15844718786942025
30.881206309238546,-0.15431410645161847,22.975958034625208,0.15284122542073675
30.732943142260527,-0.148263166978019,23.123379266193353,0.14742123156814557
30.59048420294152,-0.1424589393190061,23.2655612469273,0.14218198073394817
30.45359351905731,-0.13689068388421077,23.40267956489304,0.13711831796574003
30.32204534266088,-0.13154817639643213,23.53490473009379,0.13222516520074734
30.195623662713416,-0.12642167994746245,23.66240225676127,0.12749752666747938
30.074121743938868,-0.1215019187745483,23.785332750262246,0.12293049350097718
29.957341690300876,-0.11678005363799215,23.903851997904287,0.11851924764204114
29.84509403161067,-0.11224765869020459,24.01811106298897,0.11425906508468486
29.7371973318727,-0.10789669973797089,24.128256381522615,0.11014531853364318
29.633477818072997,-0.10371951379970312,24.234429861045562,0.10617347952294764
29.533769028198588,-0.09970878987440912,24.336768981096455,0.10233912005089252
29.437911477357652,-0.09585755084093606,24.435406894869807,0.09863791377335218
29.34575234094521,-0.092159136412441,24.530472531673087,0.09506563680328028
29.257145153867512,-0.08860718707769877,24.622090699824188,0.09161816815110058
29.171949524903116,-0.08519562896439581,24.710382189670035,0.08829148984584734
29.09003086533688,-0.08191865956623445,24.7954638764387,0.0850816867686639
29.011260131061615,-0.07877073427526682,24.877448822668015,0.08198494622931563
28.93551357738867,-0.07574655367294625,24.956446379982523,0.07899755731450853
28.862672525860898,-0.07284105152777087,25.032562290016262,0.07611591003373874
28.792623142404832,-0.07004938345606604,25.105898784301417,0.07333649428515443
28.725256226198177,-0.06736691620665525,25.176554682966394,0.07065589866497746
28.660467008669514,-0.06478921752866285,25.244625492103253,0.06807080913685937
28.598154962083125,-0.06231204658638845,25.31020349968809,0.06557800758483623
28.538223617193047,-0.05993134489007801,25.373377869948474,0.0631743702603842
28.480580389484356,-0.05764322770869157,25.434234736090655,0.06085686614218133
28.425136413547275,-0.055443975937080836,25.492857291311687,0.05862255522103155
28.371806385155494,-0.05333002839178036,25.549325878034754,0.056468586723067205
28.320508410650255,-0.0512979745052391,25.603718075316973,0.054392197282219
28.271163863248834,-0.04934454740142158,25.656108784388245,0.05239070907127186
28.2236972459235,-0.04746661732533397,25.70657031229122,0.05046152790297498
28.178036060515247,-0.04566118540825315,25.755172453598004,0.048602141306783864
28.13411068276564,-0.04392537774960559,25.801982570190045,0.046810116592041595
28.091854242969966,-0.042256439795675504,25.847065669091098,0.045083098901052665
28.05120251197054,-0.040651730999424984,25.89048447835186,0.04341880926076058
28.01209379222393,-0.03910871974661134,25.932299520989407,0.041815042637548316
27.974468813693797,-0.03762497853013258,25.97256918698793,0.04026966599852244
27.938270634331207,-0.0361981793625894,26.011349803376465,0.038780616388535805
27.903444544920312,-0.03482608941089538,26.048695702395396,0.037345899018930595
27.86993797807785,-0.03350656684246189,26.084659287775196,0.03596358537980038
27.837700421206748,-0.03223755687110241,26.11929109914812,0.03463181137292537
27.806683333215545,-0.031017087991202175,26.152639874617954,0.0333487754698325
27.776840064824427,-0.029843268391118727,26.184752611516366,0.03211273689841221
27.748125782289282,-0.02871428253514452,26.21567462537458,0.030922013858212694
27.72049739438344,-0.027628387905842544,26.245449607141953,0.029774981767374697
27.693913482483953,-0.026583911899486168,26.274119678683476,0.0286700715415229
27.668334233621483,-0.02557924886247065,26.301725446590176,0.02760576790669944
27.643721376354325,-0.024612857267158006,26.32830605433715,0.02658060774697546
27.620038119338897,-0.023683257015427728,26.35389923282522,0.025593178488069412
27.597249092473408,-0.022789026865488893,26.378541349341017,0.024642116515796175
27.575320290497825,-0.021928801975583667,26.402267454972684,0.023726105631666883
27.554219018940323,-0.021101271557501633,26.425111330518373,0.02284387554568923
27.533913842304337,-0.0203051766359863,26.447105530923587,0.021994200405213604
27.514374534395962,-0.019539307908374326,26.468281428284453,0.021175897360866003
27.49557203069783,-0.018802503698132966,26.488669253454578,0.020387825170125495
27.47747838269768,-0.018093648000149898,26.508298136291096,0.019628882836517647
27.460066714087798,-0.017411668609881303,26.527196144577125,0.01889800828602972
27.443311178750285,-0.01675553533751284,26.54539032165653,0.01819417707940474
27.427186920454,-0.0161242582962835,26.56290672281677,0.01751640116023978
27.41167003418679,-0.015516886267210594,26.57977045045561,0.01686372763883881
27.39673752905213,-0.014932505134662932,26.596005688065212,0.016235237609603104
27.382367292665194,-0.014370236386934465,26.6116357330703,0.015630045005089244
27.368538056981702,-0.013829235683491703,26.626683028551273,0.015047295480972167
27.355229365499433,-0.013308691482269097,26.641169193888093,0.014486165336819568
27.342421541774986,-0.012807823724447331,26.65511505435583,0.013945860467735827
27.330095659199227,-0.01232588257575884,26.668540669704644,0.013425615348815256
27.318233511978395,-0.011862147220831787,26.68146536175445,0.012924692049807618
27.306817587270483,-0.011415924707911529,26.693907741036426,0.01244237928197478
27.295831038429167,-0.010986548841316335,26.705885732509497,0.01197799147307066
27.28525765930761,-0.010573379121556314,26.717416600382943,0.011530867873446482
27.275081859579974,-0.01017579972763727,26.728516972071223,0.011100371688279154
27.265288641037316,-0.009793218542657911,26.739202861311163,0.010685889239940849
27.255863574817706,-0.00942506621960959,26.749489690467332,0.010286829156168409
27.246792779532903,-0.009070795284802813,26.759392312051855,0.00990262158452282
27.238062900254114,-0.008729879278789099,26.76892502948587,0.009532717434016291
27.229661088322008,-0.00840181193210654,26.778101617124882,0.009176587639011302
27.22157498194735,-0.008086106374658897,26.786935339575916,0.00883372245103331
27.213792687570184,-0.007782294377165044,26.79543897032671,0.008503630750794855
27.2063027619464,-0.007489925623783478,26.803624809712485,0.00818583938577433
27.199094194932773,-0.007208567013627487,26.81150470224077,0.007879892528286803
27.192156392942703,-0.006937801990069659,26.819090053297423,0.007585351056651035
27.185479163044132,-0.006677229898571113,26.826391845254147,0.007301791956724202
27.17905269767586,-0.006426465368271295,26.83342065299718,0.007028807743033383
27.172867559955325,-0.006185137720535749,26.84018665889876,0.006766005901578609
27.166914669556682,-0.005952890398642552,26.846699667249233,0.006513008350474081
27.161185289134018,-0.005729380422664576,26.85296911816796,0.006269450918725994
27.15567101126982,-0.005514277864197226,26.859004101013312,0.006034982845353198
27.15036374592714,-0.005307265342679557,26.864813367305857,0.005809266292544635
27.14525570838541,-0.005108037541731392,26.87040534318416,0.005591975878303401
27.140339407640568,-0.0049163007448420615,26.875788141409718,0.00538279822555765
27.13560763525229,-0.004731772388279154,26.880969572934713,0.005181431524995617
27.131053454619245,-0.004554180633043359,26.885957158049365,0.004987585114651694
27.12667019066632,-0.00438326395292421,26.890758137123974,0.004800979074609302
27.122451419928314,-0.004218770738006583,26.895379480959313,0.004621343835339076
27.118390961012665,-0.004060458915649434,26.899827900758844,0.004448419799530257
27.114482865428165,-0.003908095584499449,26.90410985773762,0.00428195697877598
27.11072140876508,-0.0037614566630850277,26.90823157237926,0.004121714641641461
27.107101082211745,-0.003620326553335218,26.912199033354256,0.003967460974994452
27.103616584395496,-0.0034844978162489326,26.916018006111987,0.0038189727577311317
27.10026281353605,-0.003353770859444438,26.91969404115757,0.0036760350455828927
27.09703485989743,-0.0032279536386212726,26.923232482024286,0.003538440866716286
27.093927998528095,-0.0031068613693356895,26.926638472954956,0.0034059909306698444
27.09093768227828,-0.0029903162498143843,26.929916966299057,0.003278493344101463
27.08805953508203,-0.0028781471962489036,26.93307272963966,0.0031557633406045227
27.085289345496296,-0.002770189585735494,26.9361103526565,0.0030376230168371876
27.08262306048502,-0.0026662850112764147,26.93903425373721,0.002923901080709612
27.080056779440213,-0.0025662810448068285,26.941848686344702,0.0028144326074937
27.077586748429386,-0.0024700310108265455,26.94455774514945,0.0027090588047471442
27.075209354662537,-0.0023773937668494227,26.947165371935647,0.0026076267861974145
27.072921121168307,-0.0022882334942302407,26.949675361290257,0.0025099893546105534
27.070718701672533,-0.002202419495773711,26.952091366079866,0.0024160047896089054
27.06859887567145,-0.002119826001081293,26.95441690272696,0.002325536647092008
27.066558543690764,-0.0020403319806874265,26.956655356290085,0.0022384535631267966
27.06459472272534,-0.0019638209654253558,26.95880998535658,0.0021546290664957723
27.062704541850756,-0.00189018087458237,26.960883926753556,0.002073941396975698
27.060885238002204,-0.001819303848552778,26.96288020008506,0.0019962733315033176
