T_above,diff_above,T_bellow,diff_bellow
33.78318325520361,-0.21681674479638957,20.232869594609184,0.2328695946091841
33.57344982994379,-0.2097334252598202,20.45849415559082,0.22562456098163608
33.37098820656278,-0.20246162338101215,20.67751243418073,0.2190182785899104
33.17553194217274,-0.19545626439003883,20.890094243888655,0.21258180970792395
32.986825240576145,-0.18870670159659397,21.096406647817524,0.20631240392886951
32.80462247832088,-0.18220276225526533,21.296613882504236,0.20020723468671164
32.62868775006627,-0.1759347282546102,21.490877289549267,0.19426340704503176
32.45879443713604,-0.16989331293022758,21.679355259303318,0.18847796975405018
32.29472479792267,-0.16406963921337336,21.862203185610202,0.1828479263068843
32.13626957888641,-0.1584552190362558,22.039573430675915,0.1773702450657133
31.98322764497918,-0.15304193390723242,22.211615299202652,0.17204186852673686
31.83540562838792,-0.1478220165912596,22.378475020987537,0.16685972178488484
31.692617594573786,-0.14278803381413496,22.540295741242836,0.16182072025529948
31.554684724635557,-0.13793286993822917,22.69721751795072,0.15692177670788254
31.42143501309526,-0.13324971154029797,22.84937732561035,0.15215980765963266
31.29270298025421,-0.12873203284105017,22.996909064787438,0.1475317391770865
31.168329398321987,-0.12437358193222181,23.13994357691449,0.14303451212705198
31.048161030570252,-0.12016836775173445,23.278608663832554,0.13866508691806345
30.932050382806487,-0.11611064776376523,23.413029111601855,0.13442044776930118
30.819855466507683,-0.11219491629880451,23.543326718143508,0.130297606541653
30.711439572992752,-0.10841589351493042,23.66962032430845,0.12629360616494267
30.60667105804711,-0.10476851494564343,23.792025847996015,0.12240552368756497
30.505423136451775,-0.10124792159533413,23.910656320978745,0.11863047298272988
30.4075736858995,-0.09784945055227467,24.025621928109274,0.11496560713052872
30.3130050598091,-0.09456862609039973,24.137030048617223,0.11140812050794935
30.221603908580615,-0.09140115122848513,24.244985299219692,0.10795525060246902
30.13326100885942,-0.08834289972119436,24.349589578795893,0.10460427957620055
30.04787110039993,-0.08538990845949002,24.450942114391488,0.10135253559559487
29.965332730146446,-0.08253837025348432,24.549139508343103,0.0981973939516152
29.885548103168933,-0.07978462697751354,24.64427578632184,0.09513627797873525
29.808422940111207,-0.0771251630577261,24.736442446119906,0.09216665979806749
29.73386634082815,-0.07455659928305636,24.82572850701283,0.08928606089292401
29.661790653908717,-0.07207568691943322,24.912220559546206,0.08649205253337655
29.592111351797467,-0.06967930211125051,24.996002815610105,0.08378225606389833
29.524746911239923,-0.06736444055754376,25.07715715867243,0.08115434306232672
29.459618698798156,-0.06512821244176692,25.155763194058835,0.07860603538640376
29.3966508611911,-0.06296783760705438,25.23189829917229,0.07613510511345467
29.335770220230863,-0.06088064096023871,25.305637673558056,0.07373937438576661
29.276906172137164,-0.058864048093699495,25.377054388729114,0.07141671517105763
29.219990591024803,-0.05691558111236006,25.446219437672926,0.06916504894381248
29.16495773636829,-0.05503285465651331,25.51320178397018,0.06698234629725519
29.111744164258575,-0.05321357210971556,25.578068410463057,0.06486662649287567
29.060288642278866,-0.05145552197970815,25.64088436741631,0.06281595695325137
29.01053206783204,-0.049756574446824686,25.70171282012164,0.060828452705329994
28.96241738976321,-0.048114678068831296,25.760615095900594,0.058902275778955016
28.91588953312742,-0.046527856635790954,25.817650730468102,0.05703563456750871
28.87089532696244,-0.04499420616497929,25.872877513620626,0.055226783152523495
28.827383434930418,-0.043511892032022104,25.92635153422153,0.05347402060090545
28.78530428870349,-0.04207914622692854,25.9781272244555,0.051775690233967
28.744610023969518,-0.04069426473397186,26.028257403333455,0.05013017887795712
28.705254418944207,-0.039355605025310325,26.076793319426237,0.048535916092781406
28.667192835280957,-0.038061583663250076,26.123784692814763,0.04699137338852566
28.630382161273396,-0.03681067400756177,26.169279756243284,0.04549506342852183
28.59478075725144,-0.035601404021956995,26.21332529546698,0.044045539223695584
28.56034840307805,-0.03443235417338997,26.255966688785932,0.042641393318952225
28.52704624765658,-0.0333021554214703,26.29724794576257,0.04128125697663876
28.494836760363444,-0.032209487293133776,26.337211745119035,0.03996379935646388
28.46368368432475,-0.031153076038695104,26.37589947181321,0.03868772669417453
28.4335519914601,-0.030131692864650006,26.413351253296085,0.037451781482875646
28.40440783922016,-0.02914415223994027,26.449605994951252,0.036254741655167066
28.376218528946957,-0.02818931027320204,26.484701414722608,0.03509541977135555
28.348952465790674,-0.027266063156282883,26.518674076932733,0.03397266221012529
28.322579120118945,-0.026373345671728998,26.551559425301296,0.03288534836856272
28.297068990357452,-0.025510129761492806,26.583391815170064,0.03183238986876802
28.272393567204556,-0.02467542315289606,26.614204544940392,0.030812729770328673
28.248525299163834,-0.023868268040722285,26.644029886736817,0.02982534179642471
28.225437559342005,-0.02308773982182899,26.672899116302347,0.02886922956552951
28.20310461346106,-0.02233294588094381,26.70084254213936,0.02794342583701237
28.181501589037033,-0.02160302442402795,26.727889533904403,0.02704699176504377
28.160604445679056,-0.020897143357977654,26.75406855007071,0.026179016166306468
28.140389946463735,-0.020214499215320814,26.779407164869383,0.02533861479867383
28.120835630345084,-0.01955431611865066,26.803932094520906,0.02452492965152331
28.101919785555804,-0.0189158447892801,26.827669222771025,0.023737128250118644
28.08362142396537,-0.01829836159043552,26.850643625742862,0.022974402971836838
28.0659202563553,-0.017701167610066904,26.872879596118945,0.022235970376083714
28.048796668577083,-0.017123587778218763,26.8944006666655,0.021521070546555165
28.032231698559418,-0.016564970017665104,26.91522963311324,0.020828966447737685
28.01620701413136,-0.016024684428057157,26.935388576407096,0.02015894329385759
28.00070489163144,-0.015502122499921,26.954898884339865,0.019510307932769422
27.985708195271574,-0.01499669635986578,26.973781272580997,0.01888238824113131
27.971200357229634,-0.014507838041939891,26.99205580511568,0.01827453253468292
27.957165358440406,-0.01403499878922787,27.00974191410697,0.01768610899129186
27.943587710061166,-0.013577648379239804,27.026858419193843,0.01711650508687157
27.930452435585067,-0.013135274476098857,27.04342354623969,0.01656512704584756
27.917745053580294,-0.012707382004773393,27.05945494554235,0.0160313993026584
27.90545156102889,-0.012293492551403773,27.074969709520488,0.015514763978139001
27.89355841724594,-0.011893143782948812,27.0899843898881,0.015014680367613664
27.882052528356603,-0.011505888889338678,27.104515014330094,0.014530624441992046
27.870921232310018,-0.011131296046585248,27.118577102691432,0.01406208836133871
27.86015228441135,-0.010768947898668557,27.132185682692473,0.013608580001040593
27.849733843353835,-0.010418441057513661,27.14535530518222,0.013169622489748178
27.83965445772964,-0.01007938562419497,27.158100058941173,0.012744753758951788
27.82990305300654,-0.009751404723100876,27.170433585047125,0.01233352610595162
27.820468918949558,-0.009434134056981236,27.18236909081307,0.011935505765944043
27.81134169747444,-0.009127221475118574,27.19391936331064,0.011550272497572678
27.802511370915983,-0.008830326558456392,27.205096782489058,0.011177419178416415
27.793968250697205,-0.008543120218778455,27.215913333900822,0.010816551411764408
27.78570296638447,-0.008265284312734877,27.22638062104544,0.010467287144617643
27.777706455115055,-0.007996511269414697,27.236509877340342,0.010129256294902689
27.76996995138393,-0.007736503731123889,27.246311977730354,0.009802100390011503
27.76248497717753,-0.007484974206402484,27.255797449946186,0.009485472215832402
27.755243332441406,-0.007241644736122765,27.26497648542037,0.009179035474183195
27.748237085870457,-0.0070062465709490596,27.273858949870338,0.008882464449968097
27.741458566010714,-0.006778519859743426,27.282454393559824,0.008595443689486615
27.734900352661423,-0.006558213349290298,27.290772061246876,0.008317667687052221
27.728555268566485,-0.006345084094938613,27.298820901825465,0.008048840578588567
27.72241637138652,-0.006138897179965852,27.306609577672525,0.007788675847059778
27.716476945939824,-0.005939425446694457,27.314146473707492,0.0075368960349671
27.71073049670534,-0.005746449234482753,27.321439706172026,0.007293232464533617
27.705170740575774,-0.005559756129567717,27.328497131139414,0.0070574249673889256
27.69979159985464,-0.005379140721135656,27.335326352760656,0.006829221621241999
27.694587195487436,-0.005204404367201931,27.341934731255286,0.006608378494629363
27.689551840519137,-0.0050353549682995435,27.34832939065398,0.0063946593986941025
27.684680033770636,-0.004871806748500518,27.354517226301972,0.006187835647992301
27.679966453726202,-0.004713580044434451,27.360504912127276,0.0059876858253034015
27.675405952624672,-0.004560501101529724,27.36629890768323,0.005793995555954723
27.670993550747816,-0.004412401876855654,27.37190546497241,0.005606557289180358
27.666724430898928,-0.0042691198488888915,27.377330635055422,0.005425170083011466
27.662593933064425,-0.004130497834502478,27.382580274454654,0.005249639399231398
27.658597549254118,-0.00399638381030698,27.387660051356928,0.005079776902274347
27.65473091851239,-0.0038666307417294377,27.39257545162121,0.004915400264280834
27.650989822093766,-0.0037410964186221918,27.39733178459896,0.004756332977752464
27.647370178800728,-0.0036196432930388767,27.40193418877006,0.004602404171098584
27.64386804047405,-0.00350213832667734,27.406387637202947,0.004453448432887086
27.640479587633763,-0.003388452840287215,27.410696942841856,0.004309305638908967
27.63720112526389,-0.0032784623698738358,27.414866763628055,0.004169820786199097
27.634029078736482,-0.003172046527406991,27.41890160745923,0.004034843831174584
27.63095998987098,-0.0030690888655016124,27.42280583699164,0.003904229532409431
27.627990513123134,-0.0029694767478467554,27.426583674292324,0.0037778373006851496
27.625117411899968,-0.0028731012231659747,27.430239205341884,0.003655531049560068
27.622337554996616,-0.0027798569033521403,27.433776384396463,0.003537179054578843
27.619647913149823,-0.0026896418467927674,27.437199038210732,0.0034226538142689833
27.617045555706646,-0.002602357443176828,27.44051087012734,0.003311831916608554
27.614527647401193,-0.002517908305453176,27.44371546403608,0.00320459390874106
27.612091445238235,-0.0024362021629578123,27.446816288208005,0.0031008241719234775
27.60973429547965,-0.0023571497585841428,27.449816699007226,0.003000410799220532
27.6074536307295,-0.002280664750152539,27.452719944484812,0.00290324547758658
27.605246967114915,-0.002206663614582993,27.4555291678589,0.0028092233740864003
27.603111901560418,-0.002135065554497828,27.458247410882645,0.0027182430237466804
27.601046109150943,-0.002065792409474909,27.460877617106352,0.002630206223706466
27.599047340581688,-0.0019987685692548496,27.46342263503521,0.0025450179288597496
27.597113419691855,-0.0019339208898330185,27.4658852211857,0.002462586150489443
27.595242241079056,-0.0018711786127987295,27.468268043045185,0.002382821859484352
27.5934317677922,-0.001810473286855796,27.470573681936425,0.002305638891240136
27.591680029100168,-0.0017517386920324896,27.472804635791228,0.002230953854802209
27.58998511833268,-0.0016949107674868458,27.474963321835553,0.002158686044325009
27.588345190793127,-0.001639927539553554,27.477052079186908,0.002088757351355497
27.586758461739066,-0.001586729054061209,27.479073171371876,0.002021092184968154
27.585223204428896,-0.001535257310170124,27.481028788760323,0.00195561738844674
27.583737748232842,-0.0014854561960540025,27.482921050922922,0.0018922621625989677
27.582300476805038,-0.0014372714278039211,27.484752008912455,0.001830957989533033
