T_above,diff_above,T_bellow,diff_bellow
20.89786878140878,-0.10213121859122154,17.18950496747765,0.18950496747764944
20.803033347302183,-0.09483543410659578,17.365318265343085,0.1758132978654352
20.71532897349918,-0.08770437380300322,17.528696831468,0.16337856612491564
20.63421006276756,-0.08111891073161814,17.68048316058776,0.15178632911975853
20.55917408061363,-0.07503598215393126,17.82146805471978,0.1409848941320213
20.489757973378552,-0.06941610723507807,17.95239297952511,0.13092492480533124
20.425534909070556,-0.06422306430799551,18.073952448609305,0.12155946908419324
20.36611130863065,-0.059423600439906465,18.18679640600523,0.11284395739592412
20.31112413895634,-0.054987169674308944,18.29153258303057,0.10473617702534099
20.26023844218455,-0.05088569677178967,18.38872881073065,0.0971962277000813
20.213145078517122,-0.04709336366742889,18.478915273315494,0.09018646258484253
20.169558662318913,-0.04358641619820958,18.562586691521943,0.08367141820644974
20.129215673369146,-0.04034298894976729,18.640204427755627,0.07761773623368384
20.09187272704546,-0.03734294632368673,18.712198507294122,0.07199407953849501
20.057304988893794,-0.03456773815166514,18.778969551835594,0.06677104454147198
20.025304720517358,-0.03200026837643577,18.84089062331428,0.061921071478685974
19.99567994503418,-0.029624775483178212,18.89830897723582,0.057418353921541154
19.9682532215119,-0.027426723522278706,18.9515477258594,0.05323874862357769
19.942860518833815,-0.025392702678086465,19.000907412408566,0.04935968654916678
19.91935018036053,-0.0235103384732831,19.046667498162357,0.0457600857537912
19.89758197158475,-0.021768208775782227,19.08908776479736,0.04242026663500198
19.877426203706573,-0.02015576787817608,19.128409634741416,0.0393218699440574
19.858762926716953,-0.01866327698962067,19.164857412578858,0.036447777837441464
19.841481186165336,-0.01728174055161702,19.198639450746057,0.0337820381671996
19.825478338316472,-0.01600284784886341,19.229949242876625,0.031309792130567615
19.81065941888074,-0.01481891943573288,19.25896644821749,0.02901720534086394
19.796936560927136,-0.01372285795360284,19.285857850555026,0.02689140233753662
19.784228457975438,-0.012708102951698663,19.310778255066015,0.02492040451098987
19.772459868616608,-0.011768589358830184,19.33387132645369,0.023093071387673803
19.761561159318564,-0.010898709298043485,19.35527037165518,0.021399045201491163
19.751467882369045,-0.010093276949518781,19.375099070306707,0.019828698651526366
19.7421203861591,-0.00934749620994424,19.393472156049803,0.018373085743096595
19.733463455248415,-0.008656930910685645,19.41049605163665,0.017023895586845583
19.72544597786954,-0.008017477378874815,19.42626946067424,0.0157734090375925
19.718020638717295,-0.007425339152245414,19.4408839187125,0.01461445803825967
19.71114363504965,-0.006877003667646875,19.454424306255653,0.013540387543152121
19.70477441428911,-0.006369220760539918,19.466969326141697,0.012545019886044173
19.698875431456077,-0.005898982833031141,19.478591947607704,0.011622621466006677
19.693411924904655,-0.005463506551421915,19.489359819230657,0.010767871622952896
19.688351708950897,-0.005060215953758274,19.499335652809417,0.009975833578760529
19.68366498209764,-0.004686726853257994,19.50857758013506,0.009241927325643218
19.679324149662065,-0.004340832435573816,19.517139484478367,0.008561904343306281
19.675303659706312,-0.004020489955752993,19.52507130851586,0.007931824037491708
19.671579851259477,-0.003723808446835619,19.53241934030459,0.007348031788730225
19.668130813895576,-0.0034490373639002314,19.539226478819966,0.006807138515377176
19.66493625780753,-0.0031945560880473067,19.54553248046944,0.006306001649473814
19.661977393582607,-0.0029588642249223085,19.5513741879089,0.005841707439458332
19.65923682094748,-0.0027405726351261706,19.556785742396226,0.005411554487327663
19.65669842580489,-0.002538395142590133,19.561798780839094,0.005013038442868378
