T_above,diff_above,T_bellow,diff_bellow
22.80874024581353,-0.19125975418646846,19.11102316625938,0.11102316625937902
22.631695910841675,-0.1770443349718569,19.213324528177786,0.102301361918407
22.468383998163315,-0.16331191267835976,19.30811684222181,0.09479231404402455
22.317708634884326,-0.15067536327898878,19.395939672988558,0.08782283076674702
22.17866576330421,-0.1390428715801164,19.477295512567736,0.08135583957917802
22.050334841225563,-0.12833092207864638,19.552652074915258,0.07535656234752253
21.931871374077843,-0.11846346714771983,19.6224444874111,0.06979241249584334
21.82250018510677,-0.10937118897107467,19.687077377503705,0.06463289009260365
21.72150934168659,-0.10099084342017761,19.74692685387978,0.05984947637607618
21.628244665991318,-0.09326467569527352,19.80234238282358,0.0554155289437972
21.54210476704808,-0.08613989894323737,19.853648561402302,0.05130617857872366
21.46253653880814,-0.07956822823993903,19.901146789871863,0.047498228469560644
21.389031075455755,-0.07350546335238661,19.945116846270864,0.04397005639900087
21.321119960909975,-0.06791111454577958,19.985818366600192,0.04070152032932839
21.258371894451738,-0.06274806645823716,20.023492234286802,0.03767386768661041
21.200389618755025,-0.05798227569671255,20.058361882836685,0.034869648549882726
21.14680712039281,-0.05358249836221418,20.09063451569796,0.03227263286127524
21.097287076206214,-0.049520044186596834,20.120502247409533,0.02986773171157253
21.05151852183728,-0.04576855436893368,20.14814317010945,0.02764092269991636
21.009214721277218,-0.04230380056006311,20.173722349431696,0.025579179322246404
20.970111218528576,-0.039103502748641716,20.197392753740964,0.023670404309267923
20.933964054462805,-0.036147164065770454,20.219296120555764,0.021903366814800762
20.900548133700767,-0.03341592076203881,20.239563763877403,0.020267643321638218
20.869655727887785,-0.03089240581298114,20.258317326017245,0.018753562139842472
20.84109510311047,-0.02856062477731669,20.275669477351823,0.01735215133457757
20.814689260411278,-0.026405842699190885,20.29172456729773,0.016055089945908207
20.79027477944542,-0.024414480965859298,20.30657922962619,0.014854662328460222
20.7677007562785,-0.02257402316691781,20.320322945090826,0.013743715464634931
20.746827827190348,-0.02087292908815286,20.33303856417559,0.012715619084765706
20.72752727111254,-0.019300556077809006,20.344802792623465,0.011764228447873393
20.709680184017515,-0.01784708709502425,20.35568664224881,0.010883849625344055
20.693176719188823,-0.01650346482869125,20.36575584939165,0.010069207142841208
20.677915387858754,-0.015261331330069794,20.375071263233217,0.009315413841566311
20.663802415194343,-0.01411297266441025,20.38368920605215,0.008617942818933244
20.650751147062714,-0.013051268131629712,20.39166180737149,0.007972601319341521
20.638681503407565,-0.012069643655149065,20.399037313823218,0.007375506451726466
20.627519474434116,-0.011162028973448201,20.405860376441748,0.006823062618529718
20.617196656130847,-0.010322818303269088,20.412172316978257,0.006311940536509297
20.60764982195325,-0.009546834177598384,20.41801137472977,0.005839057751511945
20.59882052776559,-0.008829294187659542,20.423412935273902,0.005401560544132877
20.59065474738344,-0.00816578038214999,20.42840974240362,0.004996807129717951
20.58310253628035,-0.007552211103089235,20.43303209447337,0.004622352069748814
20.57611772122847,-0.006984815051879423,20.43730802627968,0.004275931806311917
20.569657613822866,-0.006460107405604987,20.441263477523073,0.0039554512433923605
20.56368274601328,-0.005974867809584339,20.444922448826542,0.0036589713034693716
20.558156625916215,-0.005526120097066212,20.448307146214937,0.003384697388394642
20.553045512322324,-0.005111113593891048,20.451438114898572,0.0031309686836351602
20.54831820644188,-0.004727305880443566,20.45433436314185,0.0028962482432781655
