T_above,diff_above,T_bellow,diff_bellow
33.19215238126466,-0.8078476187353374,20.217209832911,0.21720983291099927
32.44816024616478,-0.7439921350998802,20.420165587918916,0.20295575500791685
31.762321823039553,-0.6858384231252295,20.609533416357923,0.189367828439007
31.129714294407126,-0.6326075286324269,20.786183323194656,0.1766499068367331
30.545880399962623,-0.5838338944445027,20.95093510987834,0.1647517866836843
30.00677833339483,-0.5391020665677928,21.104560479082366,0.15362536920402547
29.508737755618206,-0.49804057777662436,21.247785176992313,0.14322469790994674
29.04842109247901,-0.4603166631391957,21.38129114645808,0.13350596946576587
28.622789408760692,-0.4256316837183185,21.50571866929174,0.12442752283365976
28.22907225417692,-0.3937171545837721,21.62166848021321,0.11594981092147094
27.864740964445225,-0.3643312897316946,21.729703838531094,0.1080353583178848
27.527484974277442,-0.3372559901677832,21.830352546674163,0.10064870814306914
27.215190761495332,-0.3122942127821098,21.924108907248726,0.09375636057456305
26.925923094363675,-0.2892676671316572,22.0114356124416,0.08732670519287211
26.657908299176032,-0.2680147951876428,22.092765561388397,0.08132994894679868
26.40951930341056,-0.2483889957654739,22.16850360261964,0.07573804123124361
26.179262242447827,-0.23025706096273169,22.239028199937863,0.07052459731822225
25.965764445796857,-0.21349779665096946,22.304693021093506,0.06566482115564298
25.76776364273273,-0.19800080306412582,22.3658284494592,0.06113542836569508
25.58409824782775,-0.18366539490498113,22.42274301957009,0.0569145701108873
25.413698604562914,-0.1703996432648367,22.475724777932108,0.05298175836201935
25.255579080471065,-0.15811952409184826,22.525042570919382,0.049317792987274345
25.108830920447414,-0.14674816002365176,22.570947261903306,0.04590469098392447
24.972615776267208,-0.13621514418020553,22.613672879997814,0.04272561809450792
24.846159840237643,-0.12645593602956495,22.653437702976426,0.03976482297861139
24.728748519492523,-0.11741132074511995,22.690445277034723,0.03700757405829691
24.61972159490297,-0.10902692458955343,22.724885376139113,0.0344400991043905
24.518468815078105,-0.1012527798248648,22.75693490373428,0.03204952759516644
24.424425881603344,-0.09404293347476056,22.786758739581437,0.0298238358471572
24.33707078662169,-0.08735509498165328,22.81451053447202,0.02775179489058388
24.255920468202287,-0.08115031841940379,22.840333455514916,0.025822921042895075
24.180527752746382,-0.07539271545590509,22.864360884633204,0.024027429118287813
24.110478557022002,-0.07004919572437984,22.886717072831864,0.022356188198660476
24.045389325357093,-0.06508923166490987,22.907517752712344,0.02080067988048029
23.98490468011003,-0.060484645247061763,22.92687071161931,0.01935295890696409
23.928695265820906,-0.05620941428912474,22.94487632771074,0.018005616091432586
23.876455769465398,-0.05223949635550795,22.96162807114176,0.01675174343101915
23.827903101020766,-0.04855266844463202,22.977212972456012,0.015584901314252164
23.7827747201354,-0.04512838088536597,22.991712060174283,0.014499087718270687
23.74082709610227,-0.04194762403313135,23.005200769475955,0.01348870930167223
23.70183428958557,-0.03899280651669912,23.017749323767667,0.012548554291711866
23.665586645664725,-0.03624764392084501,23.029423090838744,0.011673767071076924
23.631889588752344,-0.033697056912380674,23.040282915212657,0.010859824373913085
23.600562510832418,-0.03132707791992573,23.050385428210785,0.010102512998127366
23.571437745256787,-0.029124765575630818,23.059783337160628,0.00939790894984327
23.544359619051466,-0.02707812620532124,23.068525695095627,0.008742357934998779
23.51918357732303,-0.025176041728435905,23.07665815221723,0.008132457121604375
23.495775373927245,-0.02340820339578542,23.084223190309665,0.007565038092433696
23.474010323082013,-0.02176505084523228,23.091260341229088,0.007037150919423141
23.45377260706945,-0.020237716012562856,23.097806390518674,0.006546049289585909
23.434954635593133,-0.018817971476316586,23.103895567135748,0.006089176617074088
23.417456452736737,-0.017498182856396483,23.10955972021538,0.005664153079631973
23.401185187814217,-0.01627126492251918,23.11482848373727,0.005268763521890207
23.386054546711563,-0.015130641102654607,23.119729429905764,0.004900946168493903
23.37198434060445,-0.014070206107113847,23.124288212003187,0.0045587820974226645
23.358900049192066,-0.013084291412383209,23.128528697425537,0.0042404854223505595
23.34673241582046,-0.012167633371607423,23.13247309156453,0.003944394138994056
23.335417072082198,-0.011315343738260708,23.136142053156796,0.003668961592264708
23.324894189672754,-0.010522882409443213,23.13955480167908,0.0034127485222832377
23.315108157459697,-0.009786032213057183,23.14272921733115,0.0031744156520723266
23.306007281883282,-0.009100875576415035,23.145681934112034,0.0029527167808822696
23.297543508955968,-0.00846377292731404,23.148428426461813,0.002746492349778862
23.289672166259788,-0.007871342696180506,23.150983089908404,0.0025546634465918316
23.282351723468796,-0.007320442790991422,23.153359316130103,0.002376226221699085
23.275543570033914,-0.006808153434882058,23.15556956281844,0.00221024668833536
23.26921180877404,-0.00633176125987589,23.15762541869741,0.002055855878971613
23.263323064211164,-0.0058887445628741375,23.159537664032534,0.0019122453351236857
23.2578463045752,-0.005476759635964612,23.16131632694071,0.0017786629081761873
