T_above,diff_above,T_bellow,diff_bellow
19.91541549487338,-0.08458450512662097,16.201094995524585,0.20109499552458487
19.83687259691758,-0.07854289795579916,16.38817599466862,0.18708099914403675
19.764127621331333,-0.0727449755862466,16.562316116921462,0.17414012225284026
19.696745907651355,-0.06738171367997836,16.72436680726539,0.1620506903439285
19.63432630482396,-0.06241960282739356,16.87512978837147,0.15076298110608022
19.576498461343796,-0.05782784348016534,17.015359015775,0.1402292274035304
19.522920351487805,-0.053578109855990874,17.145762716062436,0.13040370028743453
19.473276014888004,-0.049644336599801164,17.267005471737257,0.12124275567482101
19.427273489146902,-0.04600252574110186,17.379710323108537,0.11270485137128006
19.38464291736138,-0.042630571785522875,17.484460863201438,0.10475054009290119
19.345134814328876,-0.03950810303250307,17.58180330647932,0.09734244327788133
19.30851847689129,-0.036616337437585855,17.672248516198035,0.09044520971871606
19.274580525360644,-0.03393795153064616,17.75627397861015,0.0840254624121144
19.24312356428632,-0.03145696107432272,17.83432571507896,0.07805173646881158
19.21396495199434,-0.029158612291983133,17.90682012553934,0.0724944104603793
19.1869356693677,-0.027029282626639173,17.97414575870778,0.06732563316844065
19.161879279258166,-0.02505639010953331,18.03666500608061,0.06251924737282977
19.138650968747942,-0.023228310510223338,18.09471571809341,0.05805071201280043
19.117116667212482,-0.021534301535460543,18.148612741905364,0.053897023811952494
19.09715223379512,-0.01996443341736054,18.19864938115411,0.05003663924874502
19.078642708493636,-0.018509525301485752,18.24509877872897,0.046449397574860996
19.06148162158664,-0.017161086906995138,18.28821522416545,0.043116445436481854
19.045570356602898,-0.015911264983742512,18.328235387690903,0.040020163525451125
19.030817562466954,-0.014752794135944214,18.365379483277806,0.03714409558690335
19.017138610834973,-0.013678951631980851,18.3998523632934,0.034472880015595564
19.004455094986277,-0.012683515848696203,18.431844547501914,0.03199218420851224
18.99269436694763,-0.01176072803864514,18.461533189277176,0.029688641775262425
18.981789109814162,-0.010905257133469348,18.489082981937916,0.027549792660739314
18.9716769424848,-0.010112167329360489,18.514647008135668,0.025564026197752554
18.96230005426764,-0.00937688821716165,18.53836753520529,0.0237205270696208
18.953604867018836,-0.008695187248804359,18.560376759346237,0.02200922414094819
18.945541722675227,-0.008063144343608997,18.58079750144181,0.020420742095573985
18.938064594213706,-0.007477128461520266,18.599743857241627,0.01894635579981596
18.931130818232084,-0.006933775981622148,18.617321804547963,0.017577947306335773
18.924700847490378,-0.00642997074170637,18.633629769942893,0.016307965394929624
18.91873802188653,-0.005962825603848643,18.64875915749421,0.015129387551318985
18.91320835646292,-0.005529665423608776,18.662794841766893,0.014035684272680982
18.908080345146754,-0.005128011316166692,18.675815627360535,0.013020785593642614
18.903324779036126,-0.004755566110627996,18.68789467708093,0.012079049720394863
18.89891457813196,-0.004410200904164441,18.699099910747822,0.011205233666892411
18.894824635503728,-0.0040899426282337,18.709494376531453,0.010394465783630125
18.891031672955595,-0.00379296254813255,18.719136596608788,0.009642220077335395
18.887514107330386,-0.003517565625209329,18.72808088882581,0.00894429221702353
18.884251926657278,-0.003262180673107906,18.736377665956237,0.008296777130425426
18.881226575408842,-0.003025351248435726,18.74407371405171,0.0076960480954717525
18.878420848187336,-0.0028057272215065154,18.7512124512894,0.007138737237692538
18.875818791216826,-0.0026020569705096364,18.757834168634993,0.006621717345591804
18.87340561105938,-0.002413180157446959,18.763976253557022,0.006142084922029056
18.871167590022285,-0.002238021037094029,18.769673397951987,0.005697144394964937
18.869092007759246,-0.0020755822630391663,18.7749577913632,0.005284393411212562
