diff_array_big,av_array_big,av_pr_array,av_cs_array,av_hs_array
-0.0029051957601695655,3.9470948042398306,4.057570630788869,4.042780810998548,3.9402921436802925
-0.009186604925064401,3.937908199314766,4.063654603021744,4.048577241020319,3.930076286251323
-0.009398652165516275,3.92850954714925,4.057676252145325,4.04251332480117,3.920448173761881
-0.009124240194039679,3.9193853069552103,4.049393363905364,4.034197663632538,3.9112680828230646
-0.008774835980951412,3.910610470974259,4.0408513200448075,4.025640761795944,3.9024780867719104
-0.008428540126676598,3.9021819308475822,4.032488004214264,4.017270265452642,3.894045451845891
-0.00809776475270585,3.8940841660948764,4.024397707000033,4.009176622994003,3.8859473460333103
-0.007782733641712891,3.8863014324531635,4.016597907223413,4.001375535828212,3.8781658441217894
-0.0074819784284678725,3.8788194540246956,4.009087173384298,3.993864644544429,3.8706858392249193
-0.007194168891850428,3.871625285132845,4.001858610078362,3.9866365425006918,3.8634939979886034
-0.0069182916841366016,3.8647069934487086,3.994903457182045,3.9796821820824504,3.856578185806156
-0.006653571305959005,3.8580534221427496,3.988212292582821,3.9729919785196146,3.8499271355082745
-0.0063993866052416415,3.851654035537508,3.981775536442281,3.966556259993723,3.8435302507388807
-0.006155214576845314,3.8454988209606626,3.975583695773073,3.9603654817647316,3.8373774859232745
-0.005920596082008345,3.8395782248786543,3.9696274897366446,3.954410334173269,3.8314592703472665
-0.0056951154779887325,3.8338831094006656,3.963897913014816,3.9486817961511944,3.8257664578555777
-0.005478388530245848,3.8284047208704197,3.958386265292142,3.9431711590739407,3.8202902915665655
-0.005270055157567732,3.823134665712852,3.953084161891278,3.9378700341799333,3.815022377503762
-0.005069774982147557,3.8180648907307044,3.9479835339520495,3.932770350912749,3.809954663626425
-0.004877224508246236,3.813187666222458,3.9430766229011946,3.9278643503418254,3.805079422224639
-0.00469209525067571,3.8084955709717825,3.938355971908602,3.9231445760200647,3.800389234497039
-0.004514092421694205,3.8039814785500883,3.9338144158591044,3.918603863614426,3.7958769766198355
-0.004342933950659766,3.7996385445994285,3.9294450707030792,3.914235330062463,3.7915358068981977
-0.004178349706042361,3.795460194893386,3.9252413226689358,3.910032362674815,3.7873591537540006
-0.004020080844139962,3.791440114049246,3.9211968176032963,3.9059886084134745,3.7833407043982006
-0.003867879240648797,3.7875722348085974,3.9173054505811913,3.902097963467472,3.779474394090659
-0.0037215069791427524,3.7838507278294546,3.91356135585808,3.8983545631860546,3.775754395922284
-0.0035807358812243173,3.7802699919482303,3.9099588971959665,3.894752772394874,3.7721751110731234
-0.00344534706894839,3.776824644879282,3.906492658573442,3.891287176101128,3.768731159511444
-0.003315130553781742,3.7735095143255,3.9031574352772958,3.887952570583168,3.765417371105713
-0.0031898848483815634,3.7703196294771186,3.8999482253666504,3.884743954854203,3.762228777125806
-0.003069416598525887,3.7672502128785927,3.8968602214972847,3.8816565224870776,3.7591606021127686
-0.0029535402334817107,3.764296672645111,3.893888803092124,3.87868565378566,3.7562082560984273
-0.0028420776333586417,3.7614545950117524,3.8910295288434247,3.87582690828824,3.753367327157698
-0.002734857812162428,3.75871973719959,3.8882781295322655,3.873076017588243,3.7506335742778134
-0.0026317166159022243,3.7560880205836877,3.8856305011511303,3.870428878458147,3.748002920529355
-0.0025324964345405654,3.753555524149147,3.883082698315977,3.867881546262839,3.745471446525244
-0.002437045927251358,3.751118478221896,3.880630927954813,3.8654302286494557,3.7430353841543473
-0.002345219760189199,3.7487732584617066,3.878271543260165,3.8630712795010766,3.7406911105772087
-0.002256878356147407,3.746516380105559,3.8760010378936376,3.8608011931424686,3.738435142472003
-0.0021718876555434363,3.7443444924500158,3.873816040431228,3.858616598786532,3.7362641305193858
-0.0020901188880158017,3.742254373562,3.871713309038621,3.8565142552107057,3.7341748541156448
-0.002011448354275025,3.740242925207725,3.8696897263662358,3.8544910456529977,3.7321642163038895
-0.0019357572175837667,3.738307167990141,3.8677422946542523,3.852543972918058,3.7302292389136675
-0.0018629313044633555,3.736444236685678,3.8658681310384178,3.850670154683913,3.7283670578997694
-0.001792860914069827,3.734651375771608,3.8640644630477428,3.848866819000575,3.7265749188715773
-0.0017254406360667218,3.7329259351355413,3.8623286242857877,3.847131299972192,3.7248501728044405
-0.00166056917614954,3.7312653659593917,3.8606580502874452,3.845461033614661,3.7231902719254637
-0.0015981491894390132,3.7296672167699527,3.8590502745436974,3.843853553881201,3.721592765765798
-0.0015380871207781865,3.7281291296491745,3.8575029246871018,3.842306488848575,3.7200552973725833
-0.001480293052015913,3.7266488365971586,3.856013718831053,3.8408175570570786,3.7185755996735246
-0.0014246805557802666,3.7252241560413784,3.8545804620563113,3.839384563997807,3.7171514919876234
-0.0013711665556241925,3.723852989485754,3.8532010430384367,3.838005398740684,3.7157808766757103
-0.0013196711916769743,3.722533318294077,3.8518734308103024,3.8366780306976858,3.7144617359252527
-0.0012701176925551394,3.721263200601522,3.85059567165377,3.8354005065150956,3.7131921286631995
-0.0012224322521685593,3.7200407683493535,3.8493658861153297,3.834170947089716,3.7119701875919637
-0.0011765439119075793,3.718864224437446,3.8481822661402796,3.832987544703636,3.710794116343158
-0.0011323844478035028,3.7177318399896424,3.8470430723206746,3.8318485602727157,3.7096621867441266
-0.0010898882621233064,3.716641951727519,3.845946631252214,3.8307523207039753,3.70857273619283
-0.001048992279885308,3.715592959447634,3.844891332995552,3.829697216357388,3.7075241651361637
-0.0010096358491282764,3.7145833235985055,3.843875628637727,3.828681698607816,3.706514934647972
-0.0009717606457648742,3.7136115629527406,3.842898027949629,3.827704277502924,3.7055435641021535
-0.0009353105820082419,3.7126762523707324,3.8419570971354435,3.8267635195130216,3.7046086289373177
-0.000900231718767408,3.711776020651965,3.8410514566704843,3.8258580453693734,3.703708758508983
-0.0008664721814328757,3.710909548470532,3.84017977922356,3.8249865279869173,3.702842634025978
-0.0008339820792926389,3.7100755663912395,3.8393407876607233,3.824147690468412,3.7020089865673667
-0.0008027134280257364,3.7092728529632137,3.83853325312679,3.8233403041863356,3.7012065951768656
-0.0007726200754012424,3.7085002328878125,3.8377559932017897,3.82256318693967,3.700434285031521
-0.0007436576300916542,3.707756575257721,3.837007870129053,3.821815201182351,3.6996909256815385
-0.0007157833931370483,3.707040791864584,3.8362877891122116,3.821095252320565,3.6989754293586263
-0.0006889562923531045,3.7063518355722307,3.835594696678309,3.8204022870762016,3.6982867493498968
-0.000663136819300636,3.70568869875293,3.8349275791043245,3.819735291913652,3.6976238784347677
-0.0006382869686443193,3.7050504117842857,3.8342854609045873,3.8190932915275266,3.696985847382496
-0.0006143701801852863,3.7044360416041004,3.8336674033767837,3.818475347388938,3.6963717235076308
-0.0005913512830479917,3.7038446903210525,3.8330725032039994,3.817880556347794,3.6957806092812664
-0.0005691964419991535,3.7032754938790533,3.8324998911107007,3.817308049289048,3.6952116409959608
-0.0005478731060981623,3.702727620772955,3.8319487305705664,3.816756989840778,3.694663987481969
-0.0005273499592179931,3.702200270813737,3.831418216563981,3.8162265731318965,3.69413684887294
-0.0005075968726742097,3.701692673941063,3.8309075743833816,3.815716024597734,3.6936294554189626
-0.0004885848594327058,3.7012040890816302,3.8304160584843485,3.8152245988313584,3.6931410663453934
-0.00047028603050591755,3.7007338030511243,3.8299429513809824,3.8147515784791306,3.692670968755253
-0.0004526735527199399,3.7002811294984044,3.8294875625834615,3.8142962731784955,3.692218476573854
-0.00043572160841831575,3.699845407889986,3.8290492275763945,3.8138580185364925,3.691782929533695
-0.00041940535647322363,3.699426002533513,3.8286273068361627,3.8134361751473245,3.691363692198336
-0.00040370089497443473,3.6990223016385384,3.8282211848859995,3.8130301276475698,3.690960153023569
-0.00038858522544549245,3.698633716413093,3.827830269387038,3.8126392838074263,3.690571723454348
-0.0003740362182287349,3.698259680194864,3.8274539902640963,3.812263073656646,3.690197837056332
-0.00036003257947747613,3.6978996476153867,3.8270917988648394,3.811900948643886,3.6898379486804087
-0.0003465538191744777,3.697553093796212,3.8267431671509557,3.8115523808279996,3.6894915336592025
-0.00033358022057816683,3.697219513575634,3.8264075869201517,3.8112168621001805,3.6891580870341083
-0.0003210928107995059,3.6968984207648345,3.826084569057823,3.8108939034357903,3.688837122811746
-0.0003090733324584427,3.696589347432376,3.8257736428171065,3.8105830341745413,3.68852817324874
-0.0002975042165100916,3.696291843215866,3.825474355126346,3.8102838013280955,3.6882307881636684
-0.0002863685561353968,3.6960054746597306,3.8251862699229213,3.809995768913993,3.6879445342751036
-0.0002756500815173091,3.6957298245782133,3.8249089675122474,3.809718517314798,3.6876689945648713
-0.0002653331357382882,3.695464491442475,3.8246420439512265,3.8094516426616507,3.6874037676654
-0.00025540265144963215,3.6952090887910254,3.824385110455035,3.809194756241162,3.687148467270391
-0.0002458441286190549,3.6949632446624063,3.8241377928263796,3.8089474839248108,3.686902721567733
-0.0002366436129643823,3.694726601049442,3.823899730906458,3.8087094656199363,3.686666172693976
-0.00022778767529407773,3.694498813374148,3.823670578046601,3.808480354741554,3.6864384762094513
-0.00021926339168976128,3.694279549982458,3.823450000600043,3.8082598177041778,3.6862193005931987
-0.0002110583243259967,3.694068491658132,3.8232376774327745,3.8080475334327635,3.686008326757081
-0.00020316050308633038,3.693865331155046,3.823033299453069,3.807843192892339,3.685805247578256
-0.0001955584079236239,3.693669772747122,3.8228365691586377,3.807646498635246,3.6856097674492916
-0.00018824095176617206,3.693481531795356,3.8226472002010286,3.8074571643655823,3.6854216018453703
-0.00018119746433065131,3.6933003343310253,3.822464916966384,3.8072749145200824,3.6852404769076617
-0.00017441767614956305,3.6931259166548758,3.8222894541720924,3.807099483864834,3.6850661290426743
-0.00016789170365516526,3.6929580249512206,3.8221205564786462,3.806930617107184,3.684898304536509
-0.0001616100345454008,3.692796414916675,3.8219579781160817,3.8067680685222602,3.6847367591837448
-0.00015556351364365284,3.6926408514030316,3.8218014825246778,3.8066116015937554,3.6845812579304598
-0.00014974332966222192,3.6924911080733693,3.821650842009027,3.80646098866804,3.684431574530476
-0.00014414100213233638,3.692346967071237,3.8215058374052466,3.8063160106214164,3.684287491214676
-0.00013874836883909225,3.692208218702398,3.821366257760682,3.8061764565399505,3.684148798372881
-0.00013355757401445345,3.6920746611283835,3.8212319000257473,3.8060421234112884,3.6840152942475237
-0.00012856105667502504,3.6919461000717084,3.821102568757281,3.8059128158281106,3.683886784638982
-0.00012375153954868878,3.6918223485321597,3.8209780758331497,3.805788345702798,3.6837630826219834
-0.00011912201835295733,3.691703226513807,3.8208582401775706,3.8056685319927523,3.6836440082727298
-0.00011466575161600545,3.6915885607621908,3.8207428874967584,3.805553200436172,3.6835293884061864
-0.00011037625075394075,3.691478184511437,3.8206318500245393,3.8054421832976315,3.683419056323296
-0.0001062472704869144,3.69137193724095,3.820524966277513,3.8053353191233334,3.683312851567776
-0.00010227279976904313,3.691269664441181,3.8204220808194362,3.8052324525055496,3.683210619691978
-9.844705292660905e-05,3.6911712173882543,3.820323044034486,3.805133433855866,3.683112212031607
-9.476446121636783e-05,3.691076452927038,3.8202277119090193,3.8050381191870435,3.683017485488876
-9.121966473113474e-05,3.6909852332623068,3.8201359458215425,3.8049463699030133,3.6829263023237533
-8.780750439996154e-05,3.690897425757907,3.8200476123405798,3.804858052596732,3.68283852995321
-8.452301455896816e-05,3.690812902743348,3.819962583030089,3.8047730388557253,3.6827540407578927
-8.136141564696331e-05,3.690731541327701,3.81988073426236,3.8046912050749118,3.682672711896089
-7.831810722747079e-05,3.6906532232204734,3.8198019470376634,3.8046124322763974,3.682594425124679
-7.538866128342647e-05,3.69057783455919,3.819726106810923,3.8045366059360832,3.6825190666267846
-7.256881571837681e-05,3.6905052657434716,3.8196531033247445,3.804463615816782,3.682446526845914
-6.985446806329065e-05,3.6904354112754083,3.819582830448767,3.804393355807581,3.682376700326403
-6.724166958749223e-05,3.690368169605821,3.8195151860250687,3.8043257237692805,3.682309485559735
-6.472661955392311e-05,3.690303442986267,3.8194500717193285,3.804260621385572,3.6822447848366022
-6.230565946774291e-05,3.690241137326799,3.819387392877605,3.8041979540198687,3.6821825041047305
-5.9975267968859214e-05,3.6901811620588303,3.8193270583884584,3.8041376305774053,3.6821225528317947
-5.773205557746408e-05,3.690123430003253,3.8192689805503046,3.804079563372683,3.6820648438735875
-5.557275974865661e-05,3.690067857243504,3.819213074943638,3.804023668001654,3.6820092933471393
-5.349424011003023e-05,3.690014363003394,3.819159260308166,3.803969863218905,3.6819558205086
-5.149347388622161e-05,3.689962869529508,3.8191074584244764,3.8039180708193667,3.6819043476356805
-4.956755150686831e-05,3.689913301978001,3.8190575940002285,3.8038682155244814,3.681854799914494
-4.771367238554092e-05,3.6898655883056155,3.8190095945604314,3.803820224872549,3.681807105330622
-4.592914072665266e-05,3.689819659164889,3.8189633903420668,3.803774029113315,3.68176119456436
-4.421136173604623e-05,3.689775447803153,3.818918914192474,3.803729561106422,3.681717000889759
-4.255783769835375e-05,3.6897328899654545,3.8188761014716506,3.80368675622371,3.6816744600775846
-4.096616448512336e-05,3.6896919238009693,3.818834889958193,3.8036455522551837,3.681633510301767
-3.9434027927054416e-05,3.6896524897730423,3.8187952197587154,3.803605889318402,3.6815940920494805
-3.7959200463788534e-05,3.6896145305725785,3.818757033220731,3.8035677097714595,3.6815561480345664
-3.653953797932985e-05,3.689577991034599,3.81872027484877,3.80353095812904,3.6815196231141236
-3.517297653754525e-05,3.6895428180580616,3.8186848912235862,3.8034955809816804,3.681484464208363
