diff_array_big,av_array_big,av_pr_array,av_cs_array,av_hs_array
0.009754104816452447,3.8097541048164523,3.9043914645756206,3.8903510009132445,3.803025112389677
0.005641954847291242,3.8153960596637435,3.934116053424408,3.9197028307868114,3.8067653632768033
0.004917151191501823,3.8203132108552453,3.948651108288228,3.9340873297066845,3.810923129023708
0.004588663216254396,3.8249018740714997,3.957179641319085,3.9425463833495895,3.8152011801179646
0.004408596827604416,3.829310470899104,3.9632398613438693,3.9485717969816614,3.819479902098026
0.004285672931870543,3.8335961438309747,3.968245513932,3.953558417037855,3.82370918804741
0.0041845489803149505,3.8377806928112896,3.9727649124118,3.958066466019959,3.827867660262837
0.004091770493460434,3.84187246330475,3.9770282592645487,3.962322515513991,3.831946156748823
0.004002417285804416,3.8458748805905545,3.981130202315026,3.966419478821323,3.8359409184110085
0.003914836422228785,3.8497897170127833,3.985110830226615,3.970396550140802,3.8398507097493004
0.0038285810508731366,3.8536182980636564,3.988988118965171,3.9742712052422298,3.8436755557858993
0.003743616546604933,3.8573619146102613,3.992770970469153,3.9780520450084484,3.847416157216841
0.003660023991164163,3.8610219386014255,3.996464481073919,3.9817439737831126,3.851073599841245
0.0035778961955754696,3.864599834797001,4.000072090632711,3.9853503039005456,3.8546491981907263
0.0034973063706136287,3.8680971411676146,4.0035964735150396,3.988873622768922,3.858144404604129
0.0034183028249676894,3.8715154439925823,4.007039918000355,3.9923161583877618,3.861560752850695
0.0033409119513079233,3.87485635594389,4.010404494714729,3.995679939180465,3.864899821517478
0.0032651430326740005,3.878121498976564,4.013692136051798,3.9989668678112,3.868163209520294
0.003190992721187058,3.8813124916977513,4.0169046766409915,4.002178757880506,3.871352519454385
0.0031184486388200483,3.8844309403365713,4.020043875837429,4.0053173538224165,3.874469346199817
0.003047492097952187,3.8874784324345235,4.023111431310618,4.008384342688999,3.8775152691291326
0.0029781000951105696,3.890456532529634,4.0261089878557925,4.011381361697092,3.880491846817704
0.002910246748350609,3.8933667792779847,4.029038143428899,4.014310003373179,3.8834006135059127
0.002843904323759361,3.896210683601744,4.0319004534556715,4.017171819234452,3.8862430767921827
0.002779043964229455,3.8989897275659735,4.034697434012194,4.0199683225256955,3.889020716192252
0.0027156362044751248,3.9017053637704486,4.037430564241851,4.0227009903224715,3.8917349823079035
0.002653651333509366,3.904359015103958,4.040101288243645,4.025371265197544,3.8943872964239294
0.002593059648646978,3.906952074752605,4.042711016589107,4.027980556580743,3.896979050405214
0.00253383163236931,3.9094859063849743,4.045261127575431,4.03053024190094,3.8995116068031623
0.002475938074516737,3.911961844459491,4.047752968289547,4.033021667571497,3.901986299107271
0.002419350155785871,3.914381194615277,4.050187855535599,4.035456149862001,3.904404432096411
0.002364039503707893,3.916745234118985,4.052567076662567,4.037834975686497,3.9067672822575785
0.002309978229250831,3.9190552123482356,4.054891890318273,4.040159403329524,3.9090760982493715
0.0022571389496581773,3.921312351297894,4.057163527148065,4.042430663125039,3.911332101394065
0.0022054948016045905,3.9235178460994984,4.059383190451359,4.04464995809892,3.9135364861869197
0.0021550194474873052,3.9256728655469857,4.061552056805279,4.046818464582662,3.915690420814674
0.00210568707695602,3.9277785526239417,4.063671276662016,4.048937332803677,3.9177950476776067
0.002057472404992211,3.929836025028934,4.065741974924657,4.0510076874561145,3.9198514839111422
0.0020103506677582317,3.931846375696692,4.067765251504861,4.05303062825494,3.921860821904319
0.001964297616674049,3.933810673313366,4.069742181864762,4.055007230475326,3.923824129813074
0.0019192895115280884,3.9357299628248943,4.0716738175449345,4.056938545478767,3.92574245206715
0.001875303112695459,3.9376052659375897,4.073561186679647,4.058825601227033,3.927616809869592
0.0018323156729946888,3.9394375816105844,4.075405294500387,4.060669402784753,3.9294482016883596
0.0017903049291683182,3.9412278865397528,4.077207123828378,4.062470932811261,3.931237603739603
0.0017492490931769744,3.9429771356329297,4.078967635556621,4.064231152042076,3.9329859704623713
0.0017091268434472617,3.944686262476377,4.080687769121865,4.065950999760552,3.9346942349846556
0.0016699173160827918,3.94635617979246,4.082368442966868,4.067631394259834,3.9363633095807193
0.0016316000960827637,3.9479877798885425,4.08401055499329,4.069273233295511,3.937994086119688
0.0015941552086591315,3.9495819350972017,4.085614983005319,4.070877394529129,3.9395874365054993
0.0015575631105897436,3.9511394982077914,4.08718258514442,4.072444735962723,3.9411442131082204
0.0015218046817215836,3.952661302889513,4.088714200315207,4.073976096364633,3.942665249186903
0.0014868612165139794,3.954148164106027,4.090210648602769,4.075472295686697,3.944151359303984
0.0014527144157856497,3.9556008785218126,4.0916727316815145,4.076934135473039,3.9456033397314503
0.0014193463784901716,3.957020224900303,4.093101233215769,4.078362399260541,3.947021968848785
0.0013867395937112725,3.958406964494014,4.094496919252165,4.07975785297123,3.9484080075329153
0.0013548769327140775,3.959761841426728,4.095860538604107,4.081121245296612,3.9497621995402215
0.001323741641142906,3.961085583067871,4.097192823228321,4.082453308074197,3.951085271880742
0.0012933173313842694,3.9623789003992553,4.098494488593718,4.083754756656301,3.9523779351847517
0.0012635879750382273,3.9636424883742936,4.099766234042656,4.085026290271231,3.953640884061816
0.0012345378954567998,3.9648770262697504,4.10100874314479,4.086268592377104,3.954874797452377
0.0012061517605412853,3.9660831780302916,4.1022226840435545,4.0874823310082675,3.9560803389721486
0.001178414575579989,3.9672615926058716,4.103408709795503,4.088668159114576,3.957258157249359
0.001151311676188982,3.9684129042820606,4.104567458702563,4.089826714893624,3.958408886254917
0.0011248287214580266,3.9695377330035186,4.105699554637422,4.09095862211603,3.9595331456257448
0.0010989516871906524,3.9706366846907093,4.10680560736201,4.092064490443945,3.960631540981349
0.0010736668592210563,3.9717103515499304,4.107886212839378,4.093144915742811,3.9617046642337064
0.0010489608269410589,3.9727593123768714,4.1089419535390235,4.094200480386703,3.962753093890683
0.0010248204768750213,3.9737841328537464,4.109973398735759,4.095231753557093,3.9637773953530338
0.0010012329863804403,3.974785365840127,4.110981104802284,4.096239291535428,3.9647781212050943
0.0009781858175434976,3.9757635516576704,4.111965615495532,4.097223637989392,3.965755811499388
0.0009556667110914852,3.976719218368762,4.11292746223698,4.098185324253222,3.9667109940351324
0.0009336636804753162,3.977652882049237,4.113867164387008,4.099124869601965,3.9676441846308377
0.0009121650060333053,3.9785650470552705,4.114785229513362,4.100042781519944,3.9685558873910685
0.0008911592293343595,3.979456206284605,4.115682153653912,4.100939555963463,3.9694465949675566
0.000870635147554033,3.980326841432159,4.116558421573786,4.101815677617903,3.9703167888146846
0.0008505818079851402,3.981177423240144,4.117414507017001,4.102671620149317,3.971166939439488
0.000830988502658947,3.982008411742803,4.118250872952672,4.103507846450567,3.971997506646281
0.000811844763151548,3.9828202565059545,4.119067971815928,4.104324808882271,3.9728089397760837
0.000793140355272115,3.9836133968612266,4.119866245743647,4.105122949508431,3.97360167794075
0.0007748652741104145,3.984388262135337,4.120646126805057,4.10590270032704,3.974376150252136
0.0007570097390674491,3.9851452718744045,4.121408037227388,4.106664483495708,3.9751327760463067
0.0007395641889416105,3.985884836063346,4.1221523896166445,4.107408711552334,3.9758719651028347
0.0007225192771960209,3.986607355340542,4.122879587173545,4.108135787631101,3.9765941178593525
0.000705865867273836,3.987313221207816,4.123590023904757,4.108846105673618,3.9772996256214417
0.0006895950280609853,3.988002816235877,4.124284084829623,4.109540050635622,3.977988870767974
0.0006736980293156059,3.9886765142651925,4.124962146182247,4.110217998689053,3.978662226951889
0.0006581663374034541,3.989334680602596,4.125624575609255,4.110880317419763,3.979320059296709
0.000642991610895649,3.9899776722134916,4.126271732363235,4.111527366020938,3.9799627245886477
0.0006281656963720295,3.9906058379098637,4.126903967491889,4.112159495482205,3.9805905714645347
0.0006136806243497439,3.9912195185342134,4.127521624023042,4.1127770487746504,3.9812039405956616
0.0005995286052056237,3.991819047139419,4.12812503714565,4.11338036103174,3.9818031648675545
0.0005857020251878176,3.992404749164607,4.128714534386765,4.113969759726294,3.982388569555764
0.0005721934425744202,3.9929769426071813,4.1292904357845925,4.11454556484353,3.982960472497806
0.0005589955839244709,3.9935359381911057,4.129853054057814,4.115108089050316,3.983519184261368
0.0005461013402907611,3.9940820395313965,4.130402694771081,4.115657637860675,3.9840650083087237
0.0005335037636116091,3.994615543295008,4.130939656496931,4.116194509797644,3.984598241157534
0.0005211960631430479,3.995136739358151,4.13146423097406,4.116718996551553,3.985119172538094
0.0005091716019918202,3.995645910960143,4.131976703262121,4.117231383134787,3.9856280855471047
0.0004974238936954478,3.9961433348538384,4.132477351893094,4.117731948033114,3.9861252567980388
0.00048594659888268055,3.996629281452721,4.132966449019274,4.118220963353671,3.9866109565681507
0.0004747335219685844,3.9971040149746897,4.133444260557984,4.118698694969651,3.987085448942198
0.0004637786080494699,3.997567793582739,4.133911046333092,4.119165402661789,3.9875489919530542
0.0004530759396663697,3.9980208695224055,4.134367060213334,4.119621340256661,3.9880018377190876
0.0004426197338225357,3.998463489256228,4.1348125502476165,4.120066755761978,3.9884442325785514
0.0004324043389170029,3.998895893595145,4.135247758797216,4.120501891498764,3.9888764172209235
0.00042242423185889777,3.999318317827004,4.135672922665121,4.120926984230646,3.9892986268153483
0.00041267401518929603,3.9997309918421933,4.136088273222408,4.12134226529026,3.989711091136208
0.00040314841426036807,4.000134140256454,4.136494036531853,4.121747960702795,3.990114034685878
0.0003938422744989012,4.0005279825309525,4.136890433468736,4.1221442913068165,3.9905076768147345
0.00038475055867870367,4.000912733089631,4.137277679838954,4.122531472872318,3.9908922318384503
0.00037586834437330907,4.0012886014340046,4.1376559864945035,4.122909716216244,3.991267909152737
0.00036719082127234515,4.001655792255277,4.138025559446351,4.123279227315278,3.9916349133454023
0.00035871328874481634,4.002014505544022,4.138386599974741,4.123640207416172,3.99199344430598
0.0003504311533815141,4.002364936697403,4.138739304737125,4.123992853143656,3.992343697332897
0.00034233992650634093,4.00270727662391,4.139083865873558,4.124337356605799,3.9926858632381546
0.00033443522188747465,4.003041711845797,4.139420471109774,4.124673905497086,3.993020128449721
0.00032671275342543993,4.0033684245992225,4.1397493038579745,4.125002683199169,3.993346675111618
0.0003191683328633843,4.003687592932086,4.140070543315247,4.12532386887931,3.9936656811817106
0.00031179786761814654,4.003999390799704,4.140384364559876,4.125637637586606,3.9939773205273394
0.00030459735861576576,4.00430398815832,4.140690938645425,4.12594416034616,3.994281763018774
0.00029756289814475423,4.0046015510564645,4.14099043269271,4.126243604250919,3.9945791746205397
0.000290690667838156,4.004892241724303,4.141283009979647,4.126536132551596,3.9948697174807126
0.00028397693665027646,4.005176218660953,4.141568830029187,4.126821904744556,3.9951535500182023
0.0002774180588565045,4.0054536367198095,4.141848048695148,4.12710107665764,3.995430827008023
0.00027101047212774176,4.005724647191937,4.142120818246148,4.127373800534079,3.995701699664653
0.0002647506956696688,4.005989397887607,4.142387287447648,4.127640225114532,3.9959663157235275
0.0002586353283620113,4.006248033215969,4.142647601642139,4.1279004957172525,3.9962248195206764
0.00025266104695109703,4.00650069426292,4.142901902827512,4.128154754316447,3.996477352070545
0.00024682460427705166,4.006747518867197,4.143150329733586,4.128403139618798,3.9967240511420594
0.00024112282755872627,4.006988641694756,4.1433930178970515,4.128645787138391,3.996965051332954
0.00023555261672214556,4.007224194311478,4.143630099734548,4.128882829269769,3.997200484142462
0.00023011094270408705,4.007454305254182,4.143861704614192,4.129114395359453,3.997430478042272
0.00022479484591553245,4.0076791001000975,4.144087958925426,4.129340611775811,3.99765515854598
0.00021960143455324044,4.007898701534651,4.144308986147331,4.129561601977301,3.997874648276835
0.00021452788319020755,4.008113229417841,4.144524906915321,4.129777486579214,3.9980890670340847
0.00020957143114941346,4.00832280084899,4.14473583908639,4.129988383418861,3.998298531857691
0.00020472938110760452,4.008527530230098,4.1449418978028225,4.1301944076193084,3.998503157091657
0.00019999909762002943,4.008727529327718,4.145143195554491,4.130395671651643,3.9987030544458664
0.0001953780057082355,4.008922907333426,4.145339842239686,4.1305922853958075,3.998898333056529
0.00019086358952691285,4.009113770922953,4.145531945224623,4.130784356200082,3.999089099545278
0.00018645339093570357,4.009300224313889,4.145719609401581,4.130971988939237,3.999275458076845
0.0001821450082957199,4.009482369322185,4.145902937245671,4.1311552860712535,3.9994575104155405
0.0001779360950635578,4.009660305417248,4.146082028870344,4.131334347692873,3.999635355980313
0.00017382435861001966,4.009834129775858,4.146256982081641,4.1315092715937904,3.9998090918986424
0.00016980755899176359,4.01000393733485,4.146427892431191,4.131680153309671,3.9999788130591964
0.00016588350769808358,4.010169820842548,4.146594853268017,4.131847086173933,4.000144612163241
0.00016205006650782394,4.010331870909056,4.146757955789115,4.1320101613683455,4.000306579774896
0.00015830514636228088,4.010490176055418,4.146917289088927,4.132169467972459,4.000464804370284
0.00015464670620435328,4.0106448227616225,4.147072940207671,4.132325093011936,4.000619372385502
