diff_array_big,av_array_big,av_pr_array,av_cs_array,av_hs_array
0.010400560325882768,3.5104005603258828,3.6021895657193306,3.58778251424675,3.5048558461077275
0.005031055513511351,3.515431615839394,3.6287747699241146,3.6139653261358067,3.5084339543595937
0.004216382307282274,3.5196479981466764,3.641467476237692,3.6264967846527743,3.5120791068131094
0.003876893227631406,3.523524891374308,3.648816241734087,3.633768082709896,3.5157226045914465
0.0037059608339822248,3.52723085220829,3.6540031358425136,3.638913678321882,3.5193294281381347
0.003598134042870349,3.5308289862511604,3.6582735437632414,3.643159907763932,3.5228828335097937
0.003513687442654234,3.5343426736938146,3.6621207081359666,3.646991760402296,3.5263745016045367
0.003437775468609683,3.5377804491624243,3.6657429247954885,3.6506036949870633,3.529800190311983
0.0033650476366244852,3.5411454967990488,3.6692220855875126,3.6540756624156536,3.533157802029805
0.0032937254825022855,3.544439222281551,3.6725936719929018,3.6574420688841256,3.536446467648561
0.003223330954106096,3.547662553235657,3.675874328930372,3.6607189120789108,3.539666073218624
0.0031538268831874383,3.5508163801188446,3.6790728198932388,3.6639145399482054,3.5428169920808497
0.0030853005910955744,3.55390168070994,3.682194444946715,3.6670339737103923,3.5458999206854678
0.00301785397910459,3.5569195346890448,3.685242868543898,3.6700806854484225,3.5489157717721547
0.0029515703372355873,3.5598711050262803,3.688220907748833,3.6730573573164578,3.5518656020772643
0.0028865083439160166,3.5627576133701964,3.6911308938288014,3.6759662250674188,3.554750562238159
0.002822704712193147,3.5655803180823895,3.6939748522328117,3.6788092461568436,3.557571861625321
0.0027601788024091967,3.5683404968847987,3.696754600809585,3.6815881898739713,3.5603307434993376
0.0026989369920995543,3.5710394338768983,3.6994718082976865,3.684304690204731,3.563028467427525
0.0026389762258913763,3.5736784101027896,3.702128031698214,3.6869602792401155,3.565666296852373
0.0025802867243323035,3.576258696827122,3.704724741379573,3.6895564094681963,3.568245490334239
0.0025228539902828473,3.578781550817405,3.707263338506243,3.692094469199471,3.5707672954212955
0.002466660272278709,3.5812482110896835,3.7097451674003894,3.6945757934984096,3.5732329444001913
0.0024116856227611727,3.5836598967124447,3.712171524439872,3.697001672059379,3.5756436513933796
0.0023579086595240106,3.5860178053719687,3.714543664537975,3.6993733549554677,3.5780006104204953
0.002305307111533761,3.5883231124835024,3.716862805913771,3.701692056885897,3.580304994149174
0.00225385820917845,3.590576970692681,3.719130133645153,3.703958960354845,3.582557953138477
0.002203538962207041,3.592780509654888,3.7213468023511065,3.7061752180859147,3.5847606154333844
0.002154326357092007,3.59493483601198,3.7235139382491518,3.708341954887818,3.5869140864089997
0.0021061974963316743,3.5970410335083116,3.7256326407632083,3.7104602691250634,3.5890194487915537
0.0020591296961876004,3.599100163204499,3.7277039838072805,3.7125312339033787,3.5910777628040007
0.002013100554497438,3.6011132637589967,3.7297290168345114,3.7145558980484275,3.5930900663987004
0.0019680879969987686,3.6030813517559954,3.731708765715836,3.716535286934069,3.595057375550222
0.0019240703083678312,3.6050054220643633,3.73364423349427,3.7184704032005995,3.5969806845890875
0.0018810261522435034,3.6068864482166068,3.7355364010478023,3.7203622273917984,3.5988609665626266
0.0018389345832861004,3.608725382799893,3.7373862276845506,3.7222117185315526,3.600699173612992
0.0017977750537037096,3.6105231578535966,3.7391946516871566,3.724019814654999,3.6024962373653358
0.001757527415754634,3.612280685269351,3.7409625908186404,3.7257874333048404,3.6042530693211114
0.001718171921318401,3.6139988571906696,3.742690942798437,3.727515472000578,3.6059705612528155
0.0016796892195691804,3.615678546410239,3.744380585754959,3.7292048086861245,3.607649585597756
0.0016420603531370759,3.617320606763376,3.7460323786592244,3.730856302159938,3.60929099584894
0.0016052667533266174,3.6189258735167025,3.7476471617428464,3.7324707924904725,3.610895626941871
0.0015692902346402526,3.6204951637513427,3.749225756902729,3.734049101418992,3.6124642956363737
0.0015341129888506444,3.6220292767401934,3.750768968094287,3.7355920327515086,3.613997800892839
0.0014997175787372363,3.6235289943189306,3.7522775817144045,3.737100372740752,3.615496924242463
0.0014660869317406622,3.6249950812506713,3.7537523669750703,3.7385748904590956,3.616962430151331
0.0014332043333515898,3.626428285584023,3.755194076268472,3.7400163381631133,3.618395066378016
0.0014010534206345682,3.6278293390046574,3.7566034455239663,3.7414254516502137,3.6197955643247934
0.0013696181755875614,3.629198957180245,3.7579811945574777,3.7428029506076674,3.6211646393822976
0.0013388829186635753,3.6305378400989086,3.759328027413515,3.7441495389544666,3.6225029912677353
0.0013088323022274473,3.631846672401136,3.7606446327001715,3.7454659051761223,3.6238113043565967
0.0012794513041614053,3.6331261237052974,3.7619316839172714,3.7467527226526767,3.6250902480080027
0.0012507252215376852,3.634376848926835,3.7631898397778603,3.7480106499800665,3.626340476883742
0.0012226396642618376,3.635599488591097,3.7644197445232312,3.7492403312850646,3.6275626312609597
0.0011951805490313383,3.6367946691401283,3.7656220282315553,3.7504423965338445,3.628757337338826
0.0011683340931298858,3.637963003233258,3.7667973071203584,3.7516174618343685,3.6299252075390003
0.0011420868084894842,3.6391050900417476,3.7679461838428634,3.752766129732659,3.6310668408001625
0.0011164254957960473,3.6402215155375437,3.769069247778366,3.7538889895031464,3.632182822866663
0.0010913372386673892,3.641312852776211,3.7701670753167744,3.7549866174331146,3.6332737265713453
0.0010668093979608884,3.642379662174172,3.771240230137362,3.7560595771014342,3.6343401121126844
0.0010428296061806286,3.6434224917803526,3.7722892634818637,3.757108419651604,3.635382527326338
0.001019385761938718,3.6444418775422913,3.7733147144220918,3.7581336840592963,3.6364015079511556
0.0009964660245627144,3.645438343566854,3.774317110121996,3.7591358973944224,3.637397577889798
0.000974058808763445,3.6464124023756175,3.7752969660944715,3.7601155750778372,3.638371249464032
0.0009521527794307261,3.647364555155048,3.7762547864528475,3.761073221132824,3.63932302366482
0.0009307368464552823,3.6482952920015035,3.7771910641572513,3.7620093284314176,3.640253390397229
0.0009098001597642735,3.6492050921612678,3.7781062812558974,3.762924378935623,3.6411628287203825
0.0008893321042777735,3.6500944242655455,3.7790009091213923,3.7638188439337315,3.6420518070823698
0.0008693222951543511,3.6509637465607,3.77987540868219,3.764693184271679,3.642920783550396
0.0008497605729291813,3.651813507133629,3.78073023064921,3.7655478505796705,3.6437702060360855
0.0008306369989052875,3.6526441441325344,3.781565815737795,3.7663832834940663,3.644600512516161
0.0008119418505456721,3.65345608598308,3.7823825948850303,3.767199913874709,3.645412131248533
0.0007936656169142964,3.6542497515999943,3.783180989462564,3.767998163017665,3.6462054809838134
0.0007757989943217858,3.655025550594316,3.7839614114849143,3.768778442863521,3.646980971172498
0.0007583328819800172,3.655783883476296,3.784724263813517,3.7695411562013863,3.647739002167784
0.0007412583776971182,3.6565251418539932,3.7854699403564274,3.770286696868574,3.648479965424098
0.0007245667737629802,3.6572497086277562,3.786198826263832,3.7710154499460535,3.649204243691507
0.0007082495528085708,3.657957958180565,3.7869112981194855,3.7717277919498904,3.649912211205985
0.0006922983838255625,3.6586502565643904,3.7876077241280766,3.772424091018563,3.650604233875708
0.0006767051182352546,3.6593269616826256,3.7882884642986676,3.773104707096346,3.651280669463419
0.000661461785994355,3.65998842346862,3.7889538706242134,3.7737699921128582,3.6519418677648887
0.0006465605917966855,3.6606349840604167,3.7896042872573235,3.774420290158739,3.652588170783594
0.0006319939114711737,3.661266977971888,3.7902400506822547,3.77505593765764,3.653219912901793
0.0006177542882079834,3.661884732260096,3.790861489883297,3.7756772635345617,3.653837421047813
0.0006038344290684172,3.6624885666891642,3.7914689265095314,3.7762845893806185,3.654441014859869
0.0005902272014925991,3.663078793890657,3.792062675036082,3.7768782296142125,3.655031006846381
0.0005769256298484571,3.6636557195205053,3.792643042921945,3.7774584916389085,3.655607702542839
0.0005639228921094919,3.6642196424126148,3.793210330764454,3.778025675997771,3.656171400665359
0.000551212316500127,3.664770854729115,3.7937648324503987,3.7785800765245585,3.656722393260867
0.0005387873783755381,3.6653096421074904,3.7943068353039306,3.7791219804915417,3.6572609658541837
0.0005266416969731402,3.6658362838044636,3.794836620231302,3.779651668754229,3.657787397591848
0.0005147690323408227,3.6663510528368044,3.795354461862481,3.7801694158929813,3.658301961382872
0.00050316328233313,3.6668542161191375,3.7958606286897107,3.7806754903515114,3.6588049240365006
0.0004918184796549596,3.6673460345987925,3.7963553832031027,3.7811701545724827,3.65929654639701
0.0004807287888883849,3.667826763387681,3.7968389820233193,3.7816536651301496,3.659777083475532
0.0004698885037037748,3.6682966518913847,3.797311676031354,3.782126272860124,3.6602467845790945
0.0004592920440185111,3.668755943935403,3.79777371049552,3.782588222986349,3.6607058934368215
0.00044893395333556185,3.6692048778887387,3.7982253251957245,3.783039755245336,3.6611546483234707
0.0004388088959799141,3.6696436867847186,3.798666754544984,3.783481104007658,3.6615932821802106
0.0004289116545739269,3.6700725984392926,3.7990982277083933,3.7839124983969175,3.662022022732872
0.0004192371273648021,3.6704918355666574,3.799519968719426,3.7843341624060187,3.6624410926075264
0.00040978032577676515,3.670901615892434,3.79993219659375,3.7847463150109517,3.662850709443625
0.00040053637196857395,3.6713021522644027,3.800335125440595,3.785149170282141,3.6632510860046863
0.00039150049637104445,3.6716936527607738,3.8007289645716313,3.7855429374933256,3.663642430286528
0.0003826680353489209,3.6720763207961227,3.801113918607529,3.7859278212280816,3.6640249456231633
0.0003740344288662989,3.672450355224989,3.8014901875821905,3.786304021484033,3.664398830790353
0.00036559521827417285,3.672815950443263,3.801857967044646,3.786671733774749,3.6647642801069606
0.00035734604409887183,3.673173296487362,3.8022174481588307,3.7870311492294837,3.6651214835340893
0.00034928264378786267,3.67352257913115,3.8025688178010744,3.787382454690664,3.66547062677196
0.0003414008496851473,3.673863979980835,3.8029122586555513,3.787725832809307,3.665811891354778
0.0003336965869014108,3.6741976765677364,3.803247949307551,3.7880614621382915,3.6661454547434578
0.0003261658712916393,3.674523842439028,3.803576064334784,3.788389517223629,3.6664714904163387
0.00031880480746204753,3.67484264724649,3.803896774396641,3.7887101686937186,3.666790167957894
0.0003116095868529456,3.675154256833343,3.804210246321485,3.7890235833466286,3.6671016531455387
0.000304576485776753,3.67545883331912,3.8045166431920774,3.789329924235496,3.667406108034466
0.00029770186360389417,3.6757565351827237,3.804816124429069,3.7896293507520067,3.667703691040673
0.0002909821609247132,3.6760475173436484,3.8051088458727027,3.789922018708089,3.6679945570221495
0.0002844138977264876,3.676331931241375,3.8053949598627,3.7902080804157725,3.668278857358243
0.00027799367166325695,3.676609924913038,3.8056746153163523,3.7904876847652833,3.6685567400272965
0.00027171815639803754,3.676881643069436,3.805947957804978,3.790760977301475,3.6688283496826273
0.0002655840998344594,3.6771472271692707,3.8062151296285944,3.7910281002984845,3.6690938277267398
0.0002595883225633422,3.677406815491834,3.8064762698890258,3.791289192832844,3.6693533123839845
0.0002537277162000251,3.677660543208034,3.8067315145613394,3.7915443908548916,3.6696069387715524
0.000247999241851371,3.6779085424498854,3.8069809965637464,3.7917938272586538,3.6698548389689427
0.00024239992854990788,3.6781509423784353,3.807224845825933,3.792037631950178,3.6700971420858597
0.00023692687178122895,3.6783878692502165,3.8074631893558935,3.792275931914355,3.6703339743286403
0.00023157723199318525,3.6786194464822097,3.8076961513052674,3.7925088512802203,3.6705654590651933
0.00022634823318234965,3.678845794715392,3.807923853033256,3.792736511384892,3.6707917168885187
0.0002212371614391806,3.6790670318768313,3.8081464131691076,3.7929590308360233,3.6710128656787813
0.00021624136363662672,3.679283273240468,3.8083639476732225,3.7931765255729006,3.6712290206640676
0.0002113582460290253,3.679494631486497,3.8085765698968905,3.793389108926183,3.6714402944797464
0.00020658527299488583,3.679701216759492,3.8087843906407506,3.7935968916763163,3.671646797226567
0.0002019199656642101,3.679903136725156,3.8089875182118997,3.793799982110691,3.6718486365273892
0.00019735990073543874,3.6801004966258914,3.809186058479755,3.793998486079421,3.6720459175827322
0.00019290270918004282,3.6802933993350715,3.809380114930691,3.7941925070500533,3.672238743225023
0.0001885460750967738,3.6804819454101683,3.809569788721424,3.7943821461608493,3.6724272139717065
0.00018428773449308267,3.6806662331446613,3.809755178731248,3.794567502273103,3.67261142807713
0.0001801254741331526,3.6808463586187945,3.8099363816131135,3.794748672022151,3.672791481583282
0.00017605713044321902,3.6810224157492377,3.8101134918435307,3.7949257498672795,3.6729674683694378
0.00017208058832984818,3.6811944963375676,3.8102866017713994,3.7950988281405595,3.673139480200614
0.0001681937801927269,3.6813626901177603,3.8104558016657277,3.795267997094543,3.6733076067750474
0.0001643946848113309,3.6815270848025716,3.810621179762292,3.7954333449489255,3.673471935770559
0.00016068132633551002,3.681687766128907,3.810782822309294,3.7955949579361805,3.673632552889899
0.00015705177326630348,3.6818448179021734,3.8109408136119596,3.7957529203461724,3.673789541905089
0.00015350413746206826,3.6819983220396355,3.811095236076163,3.7959073145697313,3.6739429847007554
0.00015003657315348917,3.682148358612789,3.8112461702510463,3.7960582211413274,3.674092961316489
0.00014664727605051553,3.6822950058888395,3.811393694870752,3.7962057187807274,3.674239549988305
0.0001433344823955629,3.682438340371235,3.811537886895138,3.7963498844337695,3.6743828271891643
0.00014009646801982356,3.682578436839255,3.8116788215496875,3.796490793312201,3.674522867668541
