diff_array_big,av_array_big,av_pr_array,av_cs_array,av_hs_array
-0.002521388361019561,4.697478611638981,4.800126907187371,4.786590946751376,4.688579021706288
-0.005004667239624894,4.692473944399356,4.82388549338964,4.809996172921071,4.680835775668514
-0.005332179543076521,4.687141764856279,4.830283232979456,4.816250830406677,4.6743867058247135
-0.005372888184271396,4.681768876672008,4.82974941906295,4.8156540240551795,4.668553336656349
-0.005304345632380247,4.676464531039628,4.82644253173425,4.8123182596624305,4.663059119732445
-0.005195528943400696,4.671269002096227,4.822067833088425,4.807929717425474,4.657785706282952
-0.00507389512606693,4.66619510697016,4.817325074671543,4.8031800070875255,4.652680488549317
-0.004950111253436695,4.661244995716723,4.812500679445329,4.798351989115637,4.647718555666622
-0.004828115287149437,4.656416880429574,4.807711076267214,4.793560476401107,4.64288687583778
-0.004709200965998583,4.651707679463575,4.803002742223915,4.788851175599987,4.638177660381545
-0.00459366069482936,4.647114018768746,4.798393351902213,4.784241370307551,4.6335855406096345
-0.004481435437286407,4.6426325833314595,4.7938887151030825,4.779736657647943,4.629106339884017
-0.004372364083059743,4.6382602192484,4.7894897569882335,4.775337839053629,4.6247365211691
-0.00426627352204445,4.633993945726355,4.785195400248514,4.771043761005911,4.62047292619879
-0.004163006970107297,4.629830938756248,4.781003758908887,4.7668524885229315,4.6163126443206535
-0.0040624295182523085,4.625768509237996,4.776912635236661,4.762761791414107,4.612252941531544
-0.0039644261409907955,4.621804083097005,4.772919728100091,4.758769346647571,4.608291219089771
-0.0038688978794469975,4.617935185217558,4.769022721234867,4.7548728230256625,4.604424987679184
-0.003775758165946108,4.614159427051612,4.7652193211044045,4.75106991677939,4.600651850350811
-0.0036849298315120294,4.6104744972201,4.761507273314032,4.747358366498423,4.596969490749553
-0.003596342831126087,4.606878154388974,4.75788436970649,4.743735959229751,4.593375664694888
-0.0035099325706138274,4.60336822181836,4.754348451281082,4.74020053271626,4.589868193974241
-0.0034256386953881446,4.599942583122972,4.750897409160332,4.736749975894229,4.586444961636542
-0.0033434042195610303,4.596599178903411,4.747529184595669,4.733382228573562,4.583103908322453
-0.0032631749005638255,4.593336004002847,4.7442417684734215,4.730095280717236,4.579843029321061
-0.003184898788736845,4.59015110521411,4.741033200548162,4.726887171516654,4.576660372141551
-0.0031085259009531185,4.587042579313157,4.737901568523178,4.723755988361785,4.57355403445393
-0.0030340079818715893,4.584008571331285,4.73484500704501,4.720699865758545,4.570522162297331
-0.002961298326821904,4.581047273004463,4.731861696652287,4.717716984223865,4.567562948485165
-0.002890351648631828,4.5781569213558315,4.728949862703908,4.714805569176118,4.564674631157105
-0.0028211239751652073,4.575335797380666,4.726107774302694,4.711963889832575,4.561855492442971
-0.002753572568778395,4.572582224811888,4.7233337432250755,4.709190258120677,4.559103857213781
-0.0026876558613757595,4.569894568950512,4.720626122863768,4.706483027607969,4.55641809190232
-0.002623333400792127,4.56727123554972,4.717983307187939,4.703840592453339,4.553796603380539
-0.0025605658050018576,4.564710669744718,4.715403729723748,4.70126138638137,4.5512378378849805
-0.0024993147224634527,4.562211355022255,4.712885862557042,4.698743881680746,4.5487402799834165
-0.002439542796703442,4.559771812225551,4.710428215359232,4.696286588227219,4.546302451577974
-0.0023812136340799483,4.557390598591471,4.708029334436694,4.693888052530919,4.543922910941274
-0.0023242917743582225,4.555066306817113,4.705687801804038,4.691546856808303,4.541600251782478
-0.002268742662826284,4.552797564154287,4.703402234280842,4.6892616180779445,4.5393331023416215
-0.0022145326243796504,4.550583031529907,4.70117128261181,4.687030987280102,4.53712012451006
-0.0021616288386558935,4.548421402691251,4.698993630609744,4.684853648419257,4.534960012975986
-0.002109999316346034,4.546311403374905,4.696867994320967,4.682728317729401,4.5328514943937215
-0.0020596128764385213,4.544251790498467,4.694793121212701,4.680653742861185,4.530793326575854
-0.0020104391243886965,4.542241351374078,4.692767789381778,4.678628702090643,4.528784297707227
-0.001962448430855801,4.540278902943222,4.690790806784182,4.676652003548733,4.526823225580244
-0.0019156119113992176,4.538363291031823,4.6888610104848985,4.674722484471151,4.524908956850477
-0.0018699014065486352,4.536493389625274,4.6869772659274265,4.672839010467996,4.523040366312216
-0.0018252894627126537,4.534668100162562,4.685138466222543,4.671000474812532,4.521216356193099
-0.0017817493135003915,4.532886350849061,4.683343531455707,4.669205797748703,4.519435855467426
-0.0017392548617705117,4.531147095987291,4.681591408012546,4.6674539258166945,4.517697819187416
-0.0016977806618863056,4.5294493153254045,4.6798810679220715,4.66574383119625,4.516001227832189
-0.0016573019029015867,4.527792013422503,4.678211508216975,4.664074511067037,4.514345086673563
-0.001617794391894023,4.526174219030609,4.6765817503105955,4.662444986985735,4.512728425158501
-0.0015792345379024297,4.5245949844927065,4.674990839390075,4.660854304279262,4.5111502963076076
-0.001541599336315258,4.523053385156391,4.673437843825356,4.6593015314538535,4.509609776129231
-0.0015048663536685325,4.521548518802723,4.671921854593327,4.657785759619319,4.5081059630487506
-0.0014690137128621217,4.520079505089861,4.670441984717044,4.656306101928335,4.506637977352637
-0.0014340200789009216,4.51864548501096,4.66899736871928,4.6548616930300755,4.505204960646759
-0.0013998646447097585,4.51724562036625,4.667587162090223,4.653451688538013,4.503806075328872
-0.0013665271177769611,4.515879093248473,4.6662105407689305,4.652075264511428,4.5024405040744435
-0.001333987706949813,4.514545105541523,4.664866700637926,4.650731616950084,4.501107449335665
-0.0013022271093579008,4.513242878432165,4.663554857030904,4.649419961302042,4.499806132853558
-0.0012712264981074028,4.511971651934058,4.662274244253016,4.648139531983994,4.498535795182344
-0.0012409675101956452,4.510730684423862,4.661024115113341,4.646889581913781,4.497295695225909
-0.001211432234495824,4.509519252189366,4.65980374046931,4.645669382054942,4.496085109786267
-0.00118260320027197,4.508336648989094,4.658612408782797,4.644478220972842,4.494903333123504
-0.0011544633661708659,4.5071821856229235,4.657449425687448,4.643315404402073,4.493749676526715
-0.0011269961091588954,4.506055189513765,4.656314113566938,4.642180254824765,4.492623467895998
-0.0011001852139802537,4.504955004299784,4.655205811144033,4.641072111059728,4.491524051334985
-0.0010740148627021995,4.503880989437082,4.6541238730800085,4.639990327861932,4.490450786753818
-0.0010484696249939418,4.502832519812088,4.653067669584163,4.6389342755320655,4.489403049481825
-0.001023534448024499,4.501808985364064,4.652036586033228,4.6379033395360185,4.488380229890316
-0.0009991946471403779,4.500809790716923,4.651030022600327,4.636896920133865,4.487381733024671
-0.0009754358964100263,4.499834354820513,4.650047393893366,4.635914432018367,4.486406978245897
-0.0009522442199232373,4.49888211060059,4.649088128602426,4.63495530396236,4.485455398880846
-0.0009296059826739977,4.497952504617916,4.648151669156035,4.634018978475135,4.484526441881578
-0.00090750788228533,4.497044996735631,4.64723747138606,4.633104911467331,4.483619567492973
-0.0008859369403948492,4.496159059795236,4.6463450042009855,4.632212571924285,4.482734248928969
-0.0008648804948379052,4.495294179300398,4.645473749267465,4.63134144158762,4.481869972056576
-0.000844326191614897,4.494449853108783,4.644623200699618,4.6304910146446225,4.481026235087954
-0.0008242619771827719,4.4936255911316,4.643792864756268,4.629660797425479,4.480202548280176
-0.0008046760910476181,4.492820915040553,4.642982259545639,4.62885030810806,4.479398433642382
-0.0007855570583554794,4.492035357982197,4.6421909147374425,4.628059076430016,4.478613424650371
-0.000766893682902392,4.491268464299295,4.641418371282121,4.627286643408071,4.477847065968137
-0.0007486750402074804,4.490519789259087,4.6406641811370175,4.626532561064272,4.4770989131763494
-0.0007308904706659902,4.489788898788421,4.6399279069994215,4.625796392159007,4.476368532507679
-0.0007135295731748315,4.4890753692152465,4.639209122046159,4.625077709930682,4.475655500588466
-0.0006965821984641352,4.488378787016782,4.638507409679636,4.6243760978417985,4.474959404187101
-0.0006800384430851736,4.487698748573697,4.637822363280281,4.623691149331415,4.474279839968358
-0.0006638886432792646,4.487034859930418,4.63715358596497,4.623022467573621,4.473616414253885
-0.0006481233690918131,4.486386736561326,4.636500690351445,4.62236966524198,4.472968742788573
-0.0006327334184694777,4.485754003142857,4.635863298328577,4.621732364279849,4.472336450512821
-0.0006177098118147484,4.485136293331042,4.635241040832318,4.621110195676328,4.471719171340243
-0.0006030437863939753,4.484533249544648,4.634633557627054,4.62050279924769,4.471116547940955
-0.0005887267910535954,4.483944522753594,4.634040497092511,4.619909823424276,4.470528231530157
-0.0005747504810260651,4.483369772272568,4.633461516015757,4.619330925042552,4.469953881661884
-0.0005611067128157288,4.4828086655597525,4.63289627938834,4.618765769142268,4.4693931660279
-0.0005477875393111731,4.482260878020441,4.632344460208456,4.618214028768674,4.468845760261436
-0.0005347852049446544,4.481726092815497,4.631805739287965,4.617675384779516,4.468311347745789
-0.0005220921410193924,4.481204000674477,4.631279805064031,4.617149525656798,4.467789619427597
-0.0005097009611203518,4.480694299713357,4.630766353415529,4.6166361473230815,4.467280273634675
-0.0004976044565863091,4.480196695256771,4.630265087483795,4.616134952962397,4.466783015898402
-0.00048579559231320957,4.4797108996644575,4.629775717497961,4.615645652845505,4.4662975587802745
-0.00047426750240830984,4.479236632162049,4.629297960604263,4.615167964159277,4.465823621702832
-0.0004630134860681423,4.478773618675981,4.628831540699811,4.614701610840498,4.465360930784674
-0.00045202700361990367,4.478321591672361,4.62837618827021,4.614246323413469,4.464909218679453
-0.00044130167249090135,4.47788028999987,4.6279316402312425,4.613801838831768,4.464468224418883
-0.00043083126348086864,4.477449458736389,4.627497639774403,4.613367900323734,4.464037693259474
-0.0004206096969499029,4.477028849039439,4.6270739362161,4.612944257241774,4.463617376533094
-0.0004106310392266721,4.476618218000213,4.626660284850669,4.6125306649153455,4.4632070315010814
-0.00040088949901839754,4.476217328501194,4.626256446806858,4.612126884507453,4.4628064212119956
-0.0003913794240064661,4.475825949077188,4.625862188907851,4.611732682874763,4.462415314362717
-0.0003820952974900038,4.475443853779698,4.625477283534668,4.61134783243092,4.462033485162939
-0.00037303173492642117,4.4750708220447715,4.625101508492869,4.610972111013365,4.461660713203104
-0.000364183480955127,4.474706638563816,4.624734646882504,4.610605301753241,4.461296783325314
-0.00035554540606330676,4.474351093157753,4.624376486971263,4.610247192948611,4.460941485497568
-0.00034711250373753444,4.4740039806540155,4.624026822070651,4.609897577940592,4.460594614690856
-0.00033887988733027896,4.473665100766685,4.623685450415123,4.6095562549925795,4.460255970759366
-0.0003308427871555608,4.47333425797953,4.6233521750442454,4.609223027172353,4.459925358323624
-0.0003229965477862251,4.473011261431743,4.623026803687614,4.608897702237061,4.459602586656309
-0.0003153366251558154,4.472695924806588,4.622709148652644,4.60858009252101,4.4592874695709614
-0.000307858583976639,4.472388066222611,4.62239902671498,4.6082700148260916,4.458979825313301
-0.0003005580949881903,4.472087508127623,4.622096259011624,4.60796729031493,4.458679476455259
-0.00029343093255906894,4.471794077195064,4.621800670936635,4.607671744406602,4.4583862497914275
-0.00028647297202777366,4.471507604223036,4.621512092039316,4.607383206674806,4.458099976238163
-0.00027968018735347044,4.4712279240356825,4.621230355924871,4.607101510748557,4.457820490735036
-0.00027304864871879886,4.470954875386964,4.620955300157474,4.606826494215316,4.457547632148669
-0.0002665745202135028,4.47068830086675,4.620686766165611,4.606557998526251,4.4572812431789135
-0.0002602540575384893,4.470428046809212,4.620424599149859,4.606295868904092,4.457021170267282
-0.00025408360586887113,4.470173963203343,4.620168647992697,4.606039954252969,4.456767263507548
-0.0002480595976921407,4.469925903605651,4.6199187651706,4.605790107070436,4.4565193765584965
-0.00024217855058061843,4.46968372505507,4.619674806668215,4.605546183361772,4.456277366558892
-0.00023643706528542197,4.469447287989785,4.619436631894606,4.605308042556149,4.456041094044372
-0.00023083182367766852,4.469216456166107,4.619204103601563,4.605075547424978,4.455810422866372
-0.00022535958683445045,4.4689910965792725,4.618977087803769,4.604848564002127,4.455585220112979
-0.00022001719307418455,4.468771079386198,4.618755453700999,4.604626961506073,4.455365356031746
-0.0002148015561518335,4.4685562778300465,4.618539073602091,4.604410612263913,4.455150703954311
-0.00020970966344169284,4.468346568166605,4.618327822850818,4.604199391637253,4.454941140222823
-0.00020473857415748142,4.468141829592447,4.618121579753518,4.603993177949822,4.454736544118159
-0.00019988541758930722,4.467941944174858,4.617920225508403,4.603791852416829,4.454536797789897
-0.0001951473915298152,4.467746796783328,4.617723644136696,4.603595299076063,4.454341786187853
-0.00019052176049694225,4.467556275022831,4.617531722415269,4.603403404720613,4.454151396995419
-0.00018600585422756666,4.467370269168604,4.617344349811026,4.603216058833154,4.453965520564376
-0.00018159706613296578,4.467188672102471,4.617161418416722,4.603033153521876,4.453784049851269
-0.00017729285163969877,4.467011379250831,4.616982822888496,4.602854583457964,4.453606880355435
-0.00017309072686622073,4.466838288523965,4.6168084603847115,4.602680245814498,4.453433910058357
-0.0001689882670197207,4.466669300256945,4.616638230506416,4.602510040206861,4.453265039364616
-0.0001649831051064865,4.466504317151839,4.616472035239155,4.602343868634599,4.453100171044128
