diff_array_big,av_array_big,av_pr_array,av_cs_array,av_hs_array
0.010417902810063495,3.3104179028100633,3.4012021305091786,3.3865522183146277,3.305643177358769
0.003906361484812049,3.3143242642948754,3.425186662400209,3.4100976588893706,3.3083696079262315
0.0030158238871584864,3.317340088182034,3.436043486254502,3.4207802500972257,3.3109247629059033
0.002678783481042668,3.3200188716630765,3.441986914694763,3.426636741637014,3.3134123811748006
0.0025260185479987207,3.3225448902110752,3.4459629484148917,3.430563849660051,3.315853948626106
0.0024407654618623376,3.3249856556729376,3.4491067750605353,3.4336774797935825,3.3182540531992073
0.0023802602147804386,3.327365915887718,3.4518657408620568,3.436416505104764,3.3206125739426704
0.002328669665871086,3.329694585553589,3.4544209969847186,3.438957987199117,3.32292831804711
0.002280261789358917,3.331974847342948,3.4568492742117827,3.441376474941379,3.3252001713693846
0.0022330749484869017,3.334207922291435,3.459185476039203,3.4437055900707745,3.327427399654663
0.0021865243460337247,3.3363944466374686,3.461447146101127,3.4459620622664753,3.3296096652020135
0.002140503937757554,3.338534950575226,3.4636442018335556,3.448155263275142,3.33174696160884
0.002095055714422145,3.3406300062896483,3.465782926523239,3.450291097945247,3.333839536655252
0.002050252661361718,3.34268025895101,3.467867690243059,3.452373668671043,3.335887824850468
0.002006160946467439,3.3446864198974775,3.4699017484800243,3.4544060394973477,3.3378923940300544
0.0019628305545955627,3.346649250452073,3.471887649374854,3.456390620807829,3.3398539048777933
0.0019202954334462952,3.3485695458855194,3.4738274633488664,3.4583293835610043,3.341773080894915
0.0018785762728890099,3.3504481221584084,3.4757229245815013,3.460223989983336,3.343650686376417
0.0018376835561726423,3.352285805714581,3.4775755241155353,3.4620758790033928,3.3454875103725836
0.0017976201773941547,3.354083425891975,3.4793865738281724,3.4638863247212317,3.34728435506866
0.0017583835001158121,3.355841809392091,3.4811572515429123,3.4656564775562617,3.349042027404615
0.0017199669154646102,3.3575617763075556,3.4828886333276823,3.46738739368249,3.350761333062778
0.0016823609991440946,3.3592441373066997,3.484581716826163,3.4690800562893696,3.3524430721821648
0.0016455543623066227,3.3608896916690063,3.4862374382078327,3.4707353910332417,3.3540880363303858
0.0016095342736432983,3.3624992259426496,3.4878566845336034,3.472354277317891,3.355697006390345
0.0015742871126915858,3.364073513055341,3.489440302811197,3.4739375565640658,3.357270751111834
0.0015397986992051749,3.3656133117545464,3.490989106653451,3.475486038298437,3.3588100261457625
0.0015060545317675533,3.367119366286314,3.4925038811977225,3.4770005046605723,3.3603155734282053
0.0014730399602851385,3.368592406246599,3.4939853867627164,3.478481713760859,3.3617881208176215
0.0014407403101133198,3.3700331465567124,3.4954343615875394,3.4799304022030433,3.3632283819148046
0.0014091409709271474,3.3714422875276395,3.496851523903281,3.481347286998815,3.3646370560142476
0.0013782274599876132,3.372820514987627,3.4982375735185007,3.4827330670395353,3.3660148281496753
0.001347985466670032,3.374168500454297,3.499593193050472,3.4840884242450474,3.367362369206536
0.0013184008834583594,3.3754869013377555,3.500919048897644,3.485414024476344,3.3686803360818014
0.0012894598269772573,3.376776361164733,3.5022157920229326,3.4867105182755127,3.369969371876629
0.0012611486518956383,3.3780375098166284,3.503484058598075,3.487978541478659,3.371230106111516
0.0012334539596263738,3.379270963776255,3.5047244705457974,3.4892187157352903,3.3724631549564155
0.00120636260320639,3.380477326379461,3.505937636006312,3.490431648958254,3.373669121470249
0.001179861689486028,3.381657188068947,3.5071241497474888,3.4916179357219255,3.3748485958459176
0.0011539385793541967,3.3828111266483014,3.5082845935327804,3.4927781576214096,3.3760021556579174
0.001128580886568642,3.38393970753487,3.5094195364571097,3.493912883602094,3.377130366110533
0.001103776475522622,3.3850434840103927,3.51052953525813,3.4950226702663314,3.378233780285054
0.0010795134583787558,3.3861229974687714,3.511615134608325,3.4961080621621687,3.379312939385044
0.0010557801916633025,3.3871787776604347,3.512676867391894,3.497169592057796,3.3803683729788694
0.0010325652725642342,3.388211342932999,3.513715254969308,3.4982077812043433,3.381400599239014
0.0010098575349264394,3.3892212004679254,3.5147308074316714,3.4992231395889184,3.382410125177735
0.0009876460451789804,3.3902088465131044,3.5157240238464365,3.5002161661793876,3.3833974468789036
0.0009659200981531058,3.3911747666112575,3.5166953924956426,3.501187349161892,3.3843630497258514
0.0009446692128647349,3.3921194358241222,3.5176453911075343,3.502137166171978,3.385307408625138
0.0009238831282631921,3.3930433189523854,3.518574487082186,3.5030660845197903,3.386230988226154
0.0009035517990372277,3.3939468707514227,3.5194831377116547,3.5039745614099824,3.3871342431366154
0.0008836653914028325,3.3948305361428255,3.5203717903949876,3.504863044156484,3.388017618133891
0.0008642142789905272,3.395694750421816,3.521240882848436,3.50573197039252,3.3888815483722574
0.0008451890387251026,3.396539939460541,3.5220908433110565,3.5065817682761344,3.3897264595860603
0.0008265804468026161,3.3973665199073437,3.522922090745926,3.5074128566912557,3.3905527682888734
0.0008083794746904793,3.398174899382034,3.5237350350370655,3.50822564544455,3.3913608819686814
0.0007905772852394577,3.3989654766672737,3.5245300771822827,3.5090205354582036,3.3921511992791684
0.0007731652288058832,3.3997386418960795,3.5253076094820215,3.5097979189587054,3.392924110227155
0.0007561348394466982,3.4004947767355262,3.526068015724232,3.510558179661655,3.3936799963562265
0.0007394778312721506,3.4012342545667984,3.5268116713655395,3.5113016929529,3.3944192309267254
0.0007231860946892432,3.4019574406614876,3.5275389437086075,3.51202882606586,3.3951421790919802
0.0007072516928867678,3.4026646923543744,3.5282501920758818,3.5127399382552165,3.3958491980710397
0.0006916668582568342,3.4033563592126312,3.528945767979758,3.5134353809670675,3.3965406373178118
0.0006764239889753831,3.4040327832016066,3.529626015289269,3.5141154980055522,3.3972168386868002
0.0006615156455600513,3.4046942988471667,3.530291270393328,3.5147806256960963,3.397878136595393
0.0006469345475705879,3.4053412333947373,3.5309418623605984,3.515431093045223,3.3985248581828555
0.0006326735703034991,3.4059739069650408,3.5315781130960895,3.5160672218971323,3.399157323466016
0.0006187257416230274,3.406592632706664,3.532200337494505,3.51668932708705,3.399775845491791
0.0006050842387606004,3.4071977169454244,3.532808843590448,3.517297716591311,3.4003807304865017
0.0005917423852395132,3.407789459330664,3.53340393270546,3.5178926916745024,3.400972278002123
0.0005786936478746618,3.4083681529785386,3.533985899592072,3.5184745470333807,3.4015507810595307
0.0005659316337509601,3.4089340846122895,3.5345550325748265,3.5190435709379293,3.4021165262887263
0.0005534500873363157,3.409487534699626,3.5351116136883904,3.519600045369417,3.4026697940661808
0.000541242887613258,3.410028777587239,3.5356559188127696,3.5201442461555996,3.403210858649305
0.0005293040452558628,3.410558081632495,3.5361882178057362,3.520676443103132,3.4037399883081023
0.0005176276999074858,3.4110757093324025,3.536708774632442,3.5211969001271313,3.4042574454540953
0.0005062081174860289,3.4115819174498885,3.5372178474923697,3.521705875378129,3.404763486766565
0.000495039687488319,3.412076957137377,3.5377156889436114,3.5222036213663253,3.4052583633160878
0.00048411692046856913,3.4125610740578454,3.5382025460245226,3.522690385083214,3.4057423206855573
0.0004734344454315753,3.413034508503277,3.538678660372848,3.5231664081206695,3.4062155990885987
0.00046298700741065346,3.4134974955106876,3.539144268342329,3.523631926787574,3.406678433485556
0.00045276946494610115,3.4139502649756337,3.539599601116858,3.5240871722239286,3.407131053696973
0.00044277678778348317,3.414393041763417,3.540044884822259,3.5245323705125933,3.4075736845147553
0.00043300405442714407,3.4148260458178443,3.540480340635631,3.5249677427886548,3.408006545810896
0.0004234464499237589,3.415249492267768,3.540906184892484,3.525393505346497,3.4084298526439905
0.0004140992636014751,3.4156635915313696,3.541322629191537,3.5258098697446205,3.408843815363479
0.0004049578867850734,3.4160685494181546,3.5417298804973325,3.5262170429082045,3.4092486397116164
0.00039601781074605213,3.4164645672289007,3.542128141240651,3.5266152272295326,3.409644526923381
0.00038727462448795436,3.4168518418533886,3.542517609416832,3.5270046206662697,3.4100316738241814
0.0003787240127435254,3.417230565866132,3.5428984786819795,3.5273854168376677,3.4104102729255534
0.00037036175389326687,3.4176009276200254,3.5432709384471335,3.527757805118709,3.4107805125187793
0.0003621837179630383,3.4179631113379885,3.5436351739704235,3.5281219707322515,3.411142576766501
0.0003541858647451157,3.4183172972027336,3.5439913664473077,3.528478094839241,3.411496645792463
0.00034636424181089254,3.4186636614445445,3.5443396930988107,3.528826354626954,3.411842895769261
0.00033871498264170796,3.419002376427186,3.5446803272579643,3.529166923395391,3.4121814990042223
0.0003312343048769151,3.419333610732063,3.545013438454352,3.5294999706418295,3.4125126240235426
0.00032391850841229086,3.4196575292404754,3.545339192496839,3.5298256621435193,3.4128364356545116
0.0003167639736720851,3.4199742932141475,3.5456577515545873,3.53014416003871,3.4131530951060185
0.00030976715995700843,3.4202840603741045,3.545969274236279,3.5304556229058393,3.4134627600474015
0.00030292460364345075,3.420586984977748,3.5462739156676686,3.5307602058410783,3.4137655846855
0.0002962329165980826,3.420883217894346,3.546571827567491,3.531058060534201,3.4140617198401224
0.0002896887845649232,3.421172906678911,3.546863158321703,3.531349335342871,3.414351313017896
0.000283288965530204,3.421456195644441,3.5471480530561683,3.5316341753652405,3.4146345084844896
0.0002770302882422193,3.4217332259326834,3.5474266537077543,3.5319127225110916,3.414911447335352
0.00027090965058906846,3.4220041355832724,3.5476990990939137,3.5321851155713717,3.415182267564829
0.0002649240182264201,3.422269059601499,3.5479655249807878,3.5324514902863022,3.415447104133908
0.00025907042303119354,3.42252813002453,3.5482260641497696,3.5327119794119115,3.4157060890364233
0.0002533459617137801,3.422781475986244,3.548480846462753,3.5329667127852917,3.415959351363862
0.00024774779442271466,3.4230292237806665,3.5487299989258774,3.533215817388318,3.416207017368787
0.00024227314335867334,3.423271496924025,3.5489736457519427,3.53345941741005,3.416449210526866
0.00023691929145375212,3.423508416215479,3.5492119084214435,3.5336976343077695,3.4166860515975865
0.00023168358104319609,3.423740099796522,3.5494449057423343,3.5339305868667306,3.416917658683635
0.00022656341258997514,3.423966663209112,3.5496727539084856,3.5341583912585888,3.4171441472890125
0.00022155624343200842,3.424188219452544,3.5498955665568404,3.534381161098553,3.417365630375884
0.0002166595865689125,3.424404879039113,3.5501134548233773,3.5345990075013543,3.4175822184202316
0.00021187100940522896,3.4246167500485183,3.550326527397866,3.534812039135977,3.417794019466229
0.00020718813263354008,3.424823938181152,3.550534890577409,3.535020362279189,3.4180011391795264
0.00020260862902032883,3.425026546810172,3.5507386483188266,3.535224080867928,3.4182036808992966
0.00019813022234860256,3.4252246770325208,3.550937902289936,3.5354232965505634,3.41840174568924
0.00019375068625171465,3.4254184277187725,3.551132751919688,3.53561810873701,3.4185954323874204
0.0001894678431395569,3.425607895561912,3.551323294447224,3.5358086146478014,3.4187848376550205
0.00018527956318825645,3.4257931751251003,3.5515096249698797,3.5359949093620804,3.4189700560240976
0.0001811837632339497,3.4259743588883342,3.5516918364901477,3.536177085864527,3.419151179944227
0.00017717840583664213,3.426151537294171,3.5518700199616067,3.5363552350913183,3.4193282998282086
0.00017326149820107162,3.426324798792372,3.552044264333848,3.536529445975014,3.419501504096701
0.00016943109125522327,3.426494229883627,3.552214656596444,3.536699805488518,3.419670879221929
0.00016568527873417338,3.4266599151623613,3.552381281821955,3.5368663986881117,3.419836509770476
0.0001620221961586843,3.42682193735852,3.5525442232079905,3.537029308755457,3.4199984784450574
0.0001584400200065339,3.4269803773785266,3.5527035621183756,3.537188617038809,3.420156866125463
0.00015493696677637558,3.427135314345303,3.5528593781234115,3.5373444030932117,3.420311751908566
0.00015151129214796555,3.427286825637451,3.5530117490392312,3.5374967447198955,3.420463213147492
0.00014816129007044765,3.4274349869275214,3.553160750966341,3.5376457180047907,3.4206113254898725
0.00014488529201805989,3.4275798722195394,3.5533064583272997,3.5377913973561905,3.420756162915364
0.00014168166609929145,3.4277215538856387,3.5534489439035943,3.5379338555416386,3.420897797772263
0.00013854881625219306,3.427860102701891,3.553588278871689,3.5380731637239458,3.4210363008133298
0.000135485181532502,3.4279955878834234,3.55372453283826,3.5382093914964607,3.421171741230891
0.00013248923530717605,3.4281280771187306,3.5538577738747636,3.5383426069175856,3.4213041866911436
0.00012955948447279653,3.4282576366032034,3.5539880685511585,3.5384728765445113,3.421433703367668
0.0001266944687556837,3.428384331071959,3.554115481968892,3.538600265466206,3.4215603559742522
0.00012389276002533478,3.4285082238319844,3.5542400777931946,3.5387248373357028,3.4216842077970226
0.00012115296156212096,3.4286293767935465,3.554361918284726,3.538846654401713,3.421805320725844
0.0001184737073165465,3.428747850500863,3.5544810643304023,3.538965777539476,3.4219237552849804
0.00011585366132749186,3.4288637041621906,3.5545975754736485,3.5390822662810058,3.4220395706631717
0.00011329151703121099,3.4289769956792218,3.5547115099439215,3.5391961788445756,3.4221528247430273
0.0001107859966360536,3.429087781675858,3.5548229246856815,3.5393075721637453,3.4222635741297815
0.00010833585041014615,3.429196117526268,3.55493187538663,3.5394165019155146,3.4223718741793485
0.00010593985616047519,3.4293020573824284,3.5550384165053734,3.539523022548049,3.422477779025851
0.00010359681859872794,3.429405654201027,3.5551426012984755,3.5396271873076985,3.422581341608515
0.00010130556879328623,3.4295069597698205,3.555244481846933,3.5397290482654613,3.4226826136980226
