diff_array_big,av_array_big,av_pr_array,av_cs_array,av_hs_array
-0.011387535131688775,3.788612464868311,3.8972848284435546,3.8819902740751266,3.7834488838679907
-0.01997663172844799,3.768635833139863,3.8910309405189034,3.875396601698987,3.7627576776922496
-0.019910147361207997,3.748725685778655,3.8744802500143978,3.858731954710171,3.742673804976532
-0.019267822705369753,3.7294578630732853,3.8562527944920584,3.840453315334566,3.7233528069531343
-0.018546799877748654,3.7109110631955367,3.8381051071251613,3.8222796310274765,3.7047858575685306
-0.017836753952784168,3.6930743092427525,3.820431594435282,3.804592686558116,3.686940972223784
-0.017153189778887246,3.6759211194638652,3.803330870818908,3.7874854793955137,3.66978525412375
-0.016497550722560206,3.659423568741305,3.7868267021722177,3.770978811054927,3.6532881526700107
-0.015868799352209972,3.643554769389095,3.7709185159415624,3.7550704230957908,3.6374214505285822
-0.015265600567517357,3.6282891688215777,3.7555955442352076,3.739748562321641,3.622158849572272
-0.014686693012396557,3.613602475809181,3.740842104114609,3.7249969649448134,3.6074756247662525
-0.014130925580827292,3.599471550228354,3.7266401134602467,3.710797205939357,3.593348381157934
-0.013597241300021157,3.5858743089283327,3.7129704539357364,3.6971299649695557,3.5797548862645288
-0.013084659096671114,3.5727896498316616,3.699813744103126,3.683975742228292,3.566673951387982
-0.012592260272727085,3.5601973895589345,3.6871507803470056,3.671315265394098,3.5540853438767743
-0.012119179105933409,3.548078210453001,3.6749627839815218,3.6591297165571532,3.5419697190251367
-0.011664596266069527,3.5364136141869316,3.6632315340996873,3.6474008530680067,3.5303085646446704
-0.011227734050713867,3.5251858801362177,3.6519394330469175,3.6361110658716775,3.519084154035856
-0.010807852787374728,3.514378027348843,3.6410695323684417,3.6252434012070234,3.508279504731356
-0.010404247990813964,3.503973779358029,3.6306055358089244,3.614781561078735,3.497878341382448
-0.010016248019516727,3.4939575313385123,3.620531789229538,3.604709891671211,3.4878650617670166
-0.009643212071747786,3.4843143192667645,3.6108332633027906,3.595013365150199,3.4782247052669195
-0.009284528421618976,3.4750297908451455,3.6014955324542264,3.58567755807477,3.468942923387668
-0.008939612831938781,3.4660901780132067,3.592504752093627,3.5766886283153103,3.460005952031664
-0.008607907103883594,3.457482270909323,3.583847635327006,3.568033291581283,3.4514005853211835
-0.008288877736791544,3.4491933931725316,3.5755114298337887,3.559698798191007,3.4431141508208647
-0.007982014680659066,3.4412113784918725,3.5674838952919847,3.5516729104351543,3.435134486043019
-0.007686830168668113,3.4335245483232044,3.5597532815557185,3.5439438807196946,3.4274499161413634
-0.007402857621027881,3.4261216907021765,3.552308307683762,3.5365004305760084,3.4200492327132808
-0.007129650613045158,3.4189920400891314,3.5451381418566,3.529331730569001,3.4129216736412538
-0.006866781902146624,3.4121252581869848,3.5382323821835766,3.5224273811008113,3.406056903911439
-0.006613842509316292,3.4055114156776685,3.5315810383819635,3.5157773940897106,3.399444997353167
-0.006370440850944181,3.3991409748267243,3.5251745142988704,3.5093721754937053,3.393076419247854
-0.006136201917891437,3.393004772908833,3.519003591241651,3.503202508643487,3.386942009759476
-0.00591076649851674,3.387094006410316,3.5130594120800978,3.4972595383478637,3.381032968142262
-0.005693790443164648,3.3814002159671515,3.5073334660834212,3.491534755734082,3.3753408376839444
-0.005484943967206224,3.3759152719999452,3.5018175744558873,3.4860199837868535,3.369857491345859
-0.005283910990696139,3.370631361009249,3.496503876535756,3.4807073635507226,3.364575118063247
-0.005090388512192678,3.3655409724970564,3.491384816624185,3.4755893409622223,3.3594862096715294
-0.004904086014799969,3.3606368864822564,3.4864531314120346,3.4706586542799047,3.3545835484263398
-0.0047247249026112215,3.3559121615796452,3.481701837974377,3.465908322081832,3.349860195086901
-0.0045520379657038035,3.3513601236139414,3.4771242223039986,3.461331631801989,3.345309477534194
-0.004385768872088303,3.346974354741853,3.47271382835688,3.4569221287785785,3.3409249798969816
-0.004225671685114563,3.3427486830567386,3.468464447584071,3.4526736057884357,3.3367005321602248
-0.004071510404820344,3.338677172651918,3.4643701089257677,3.4485800930437103,3.3326302002319714
-0.003923058531855261,3.334754114120063,3.4604250692448493,3.4446358486276907,3.3287082764461413
-0.003780098652955477,3.3309740154671075,3.456623804178263,3.4408353493485153,3.324929270479669
-0.0036424220463446844,3.327331593420763,3.452960999385943,3.4371732819902117,3.3212879006640925
-0.0035098283064525226,3.3238217651143103,3.449431542178015,3.433644534941982,3.317779085672268
-0.0033821249865102487,3.3204396401278,3.4460305135021088,3.43024419018744,3.314397936562352
-0.0032591272582251918,3.317180512869575,3.442753180273534,3.4269675156366266,3.311139749161974
-0.0031406575876715692,3.3140398552819033,3.4395949880321215,3.4238099577846666,3.3079999967763887
-0.0030265454263873615,3.311013309855516,3.436551553910198,3.4207671346814146,3.304974323205416
-0.002916626916908527,3.3080966829386074,3.433618659897287,3.4178348291977083,3.3020585360547314
-0.002810744612055327,3.305285938326552,3.43079224638754,3.415008982574397,3.2992486003277626
-0.0027087472072158114,3.3025771911193362,3.4280684059969273,3.4122856882409613,3.296540632285199
-0.002610489284856854,3.2999667018344794,3.4254433776377344,3.4096611858913737,3.2939308935599008
-0.0025158310707276144,3.2974508707637518,3.4229135408386147,3.407131855805542,3.291415785515501
-0.002424638201240281,3.2950262325625115,3.4204754102990163,3.4046942134049276,3.2889918438375534
-0.002336781501236729,3.2926894510612748,3.418125630667364,3.402344904031981,3.2866557333468216
-0.0022521367716952234,3.2904373142895795,3.415860971533019,3.4000806979432596,3.28440424302479
-0.0021705845870632068,3.2882667297025163,3.4136783226224603,3.39789848550666,3.2822342812417653
-0.002092010101502062,3.2861747196010143,3.4115746891904646,3.3957952725937166,3.2801428711786564
-0.002016302863640629,3.2841584167373736,3.409547187597873,3.3937681761583165,3.2781271464339503
-0.0019433566395368196,3.282215060097837,3.4075930410676434,3.3918144199937412,3.276184346807647
-0.00187306924333841,3.2803419908544984,3.405709575611359,3.389931330660092,3.2743118142544785
-0.001805342375313046,3.2785366484791854,3.403894216118888,3.388116333574822,3.2725069889990466
-0.001740081466872656,3.2767965670123127,3.402144482604013,3.386366949259193,3.2707674058058696
-0.001677195532256981,3.2751193714800557,3.400457986599424,3.384680789734094,3.269090690397705
-0.0016165970265737961,3.273502774453482,3.3988324276945825,3.383055555058668,3.267474556015778
-0.0015582017098600964,3.271944572743622,3.3972655902104956,3.3814890300058176,3.2659168001158965
-0.0015019285169604046,3.2704426442266614,3.395755340005435,3.379979080868621,3.2644153011946564
-0.001447699432844285,3.268994944793817,3.394299621406208,3.3785236523922766,3.2629680157402694
-0.0013954393731632209,3.267599505420654,3.3928964542595774,3.3771207648262003,3.261572975302808
-0.001345076069863893,3.26625442935079,3.391543931098931,3.3757685110912643,3.260228283678793
-0.0012965399614346396,3.2649578893893554,3.390240214421343,3.37446505405749,3.2589321142054914
-0.0012497640878628147,3.2637081253014926,3.3889835340703676,3.3732086239273933,3.2576827071602352
-0.0012046839898092188,3.2625034413116833,3.3877721847203524,3.3719975157208433,3.2564783672605166
-0.0011612376119245482,3.261342203699759,3.3866045234580175,3.370830086857169,3.255317461260749
-0.001119365210280332,3.2602228384894785,3.385478967457226,3.3697047548304093,3.254198415641555
-0.0010790092633281567,3.2591438292261503,3.3843939917433317,3.3686199949741695,3.2531197143880743
-0.0010401143867251328,3.258103714839425,3.383348127043276,3.367574338312168,3.25207989685341
-0.0010026272513754542,3.2571010875880497,3.3823399577181297,3.3665663694912027,3.2510775557040152
-0.0009664965050149021,3.256134591083035,3.3813681197745855,3.3655947247930826,3.2501113349434636
-0.0009316726967329991,3.255202918386302,3.380431298952351,3.3646580902224374,3.249179928011675
-0.0008981082046899402,3.254304810181612,3.379528228884342,3.363755199667273,3.248282075956401
-0.0008657571665069419,3.253439053015105,3.3786576893267877,3.362884833129484,3.2474165656743006
-0.0008345754127807581,3.252604477602324,3.377818504456486,3.36204581502242,3.2465822282184713
-0.0008045204027919972,3.251799957199532,3.377009541232417,3.3612370125329,3.245777937170264
-0.0007755511631097889,3.2510244060364224,3.3762297078194266,3.36045733404519,3.245002607072461
-0.0007476282284661906,3.250276777807956,3.3754779520712077,3.3597057276243176,3.2442551919215714
-0.0007207135849367496,3.2495560642230195,3.374753260070522,3.3589811795565865,3.243534683716921
-0.0006947706154134536,3.248861293607606,3.3740546547243073,3.358282712944995,3.2428401110642566
-0.0006697640472097532,3.2481915295603963,3.373381194411437,3.3576093863572662,3.2421705378317234
-0.0006456599015853826,3.247545869658811,3.372731971681255,3.3569602925246556,3.241525061856308
-0.0006224254454481049,3.2469234442133628,3.3721061120008224,3.356334557089448,3.2409028136985616
-0.0006000291447247896,3.246323415068638,3.371502772548892,3.355731337399214,3.2403029554439358
-0.0005784406196629455,3.245744974448975,3.370921141054984,3.355149821346077,3.23972467954881
-0.0005576306017514021,3.2451873438472236,3.370360434681764,3.354589226249378,3.239167207729572
-0.0005375708924355571,3.244649772954788,3.369819898948917,3.3540487977797206,3.2386297898929857
-0.0005182343233514075,3.2441315386314367,3.3692988066971163,3.353527808923188,3.2381117031062994
-0.0004995947179429194,3.2436319439134937,3.3687964570904096,3.3530255589839273,3.2376122506057396
-0.000481626854873074,3.2431503170586207,3.3683121746557116,3.352541372623821,3.2371307608415605
-0.00046430643247141745,3.2426860106261493,3.367845308357723,3.3520745989376204,3.236666586558663
-0.0004476100348642653,3.242238400591285,3.367395230708242,3.351624610562426,3.236219103911046
-0.00043151509903793794,3.241806885492247,3.366961336908282,3.3511908028199815,3.2357877116092078
-0.0004159998835118195,3.2413908856087352,3.3665430440219946,3.35077259289079,3.2353718300988454
-0.0004010434379684291,3.240989842170767,3.366139790180974,3.3503694190185227,3.2349709007699285
-0.00038662557404567366,3.240603216596721,3.3657510338179315,3.3499807397439283,3.2345843851949674
-0.00037272683743871937,3.2402304897592824,3.365376252928594,3.3496060331667996,3.2342117643951656
-0.0003593284806675534,3.239871161278615,3.3650149443607185,3.3492447962352,3.2338525381338084
-0.0003464124372594135,3.2395247488413554,3.36466662312935,3.3488965440608416,3.23350622423545
-0.0003339612967301342,3.2391907875446253,3.364330821757113,3.348560809259481,3.2331723579301173
-0.00032195828039283114,3.2388688292642325,3.3640070896387795,3.3482371413156513,3.232850491221698
-0.00031038721832432614,3.238558442045908,3.363694992429135,3.3479251059706394,3.232540192279352
-0.00029923252702701575,3.238259209518881,3.3633941114532635,3.347624284632895,3.2322410448512566
-0.00028847918786878424,3.2379707303310123,3.3631040431384194,3.347334273810003,3.2319526476999085
-0.00027811272649502783,3.2376926176045173,3.362824398466741,3.3470546845615248,3.231674614058003
-0.0002681191929201354,3.237424498411597,3.3625548024479506,3.3467851419718135,3.2314065711042126
-0.0002584851423974577,3.2371660132691997,3.362294893611259,3.3465252846419804,3.2311481594580997
-0.0002491976168239596,3.2369168156523758,3.3620443235159465,3.3462747642006243,3.230899032693614
-0.00024024412715517585,3.2366765715252206,3.361802756279728,3.346033244832251,3.2306588568701673
-0.0002316126362331694,3.2364449588889874,3.3615698681243504,3.3458004028229973,3.2304273100808776
-0.0002232915422739623,3.2362216673467135,3.361345346937714,3.345575926122807,3.2302040820173246
-0.00021526966300644546,3.236006397683707,3.3611288918520295,3.3453595139237096,3.2299888735501545
-0.0002075362204547737,3.2357988614632522,3.3609202128373115,3.3451508762533373,3.2297813963249027
-0.0002000808261612974,3.235598780637091,3.3607190303096095,3.3449497335833205,3.2295813723725875
-0.00019289346710671396,3.2354058871699842,3.3605250747535487,3.3447558164518285,3.2293885337343813
-0.00018596449193397646,3.2352199226780503,3.360338086358578,3.3445688650999204,3.229202622100052
-0.00017928459785210293,3.235040638080198,3.360157814668465,3.344388629121119,3.229023388459498
-0.00017284481803114815,3.234867793262167,3.3599840182435123,3.3442148671236738,3.2288505927668836
-0.00016663650933734786,3.2347011567528297,3.3598164643350312,3.344047346405117,3.228684003617032
-0.00016065134059539687,3.2345405054122343,3.359654928571607,3.3438858426385973,3.2285233979335644
-0.0001548812813263467,3.234385624130908,3.3594991946568133,3.3437301395706136,3.2283685606682844
-0.00014931859070754783,3.2342363055402004,3.3593490540778292,3.343580028729753,3.228219284511606
-0.0001439558071778535,3.2340923497330225,3.359204305824689,3.3434353091459483,3.228075369613376
-0.00013878573835146568,3.233953563994671,3.3590647561196376,3.3432957870798954,3.2279366233137687
-0.00013380145112851238,3.2338197625435425,3.358930218156366,3.343161275762361,3.2278028598840804
-0.00012899626239448736,3.233690766281148,3.358800511848561,3.3430315951427745,3.2276739002768173
-0.00012436373000213052,3.233566402551146,3.358675463587782,3.3429065716471347,3.2275495718847877
-0.0001198976439411581,3.2334465049072048,3.358554906009866,3.3427860379444887,3.227429708309043
-0.00011559201805866337,3.233330912889146,3.3584386777699144,3.3426698327219486,3.2273141491350765
-0.00011144108181460055,3.2332194718073315,3.3583266233254103,3.3425578004678447,3.227202739717279
-0.00010743927267098385,3.2331120325346605,3.3582185927271597,3.342449791262724,3.2270953309709887
-0.0001035812283469717,3.2330084513063135,3.3581144414178223,3.342345660577932,3.2269917791723004
-9.98617798306789e-05,3.232908589526483,3.3580140300377046,3.3422452690813964,3.2268919457648386
-9.6275944187596e-05,3.2328123135822953,3.357917224237463,3.342148482450429,3.2267956971737513
-9.281891794454822e-05,3.2327194946643507,3.3578238944978227,3.3420551711914324,3.2267029046262845
-8.948607057845948e-05,3.2326300085937723,3.3577339159555732,3.3419652104659456,3.226613443978888
