diff_array_big,av_array_big,av_pr_array,av_cs_array,av_hs_array
0.011465126273716209,3.1114651262737163,3.2020528294153974,3.187255521086428,3.1072413113066317
0.0039297278341186015,3.115394854107835,3.2252965445284714,3.2100191283517785,3.110165389829204
0.0029249972434963745,3.1183198513513313,3.2357759194113407,3.2203094259742917,3.1126970930627667
0.0025629176254873265,3.1208827689768186,3.241587192870564,3.2260231823949916,3.115091532757526
0.002401542832068504,3.123284311808887,3.2455218589418187,3.229900354470788,3.117414009877318
0.002312709147738179,3.1255970209566253,3.248642220114112,3.2329836531532257,3.119685333259112
0.0022509829058492414,3.1278480038624745,3.2513685639961274,3.2356846633449177,3.1219120959831335
0.002199602903509401,3.130047606765984,3.2538749493845667,3.238173098054465,3.1240961308836663
0.0021523748775926776,3.1321999816435766,3.2562386626802473,3.2405238168847443,3.126237805863459
0.0021070434202674626,3.134307025063844,3.258497559412454,3.2427731822067156,3.128337168711589
0.0020628151825210495,3.136369840246365,3.2606724666063163,3.2449410343294787,3.1303943151654576
0.0020194312535246617,3.1383892714998898,3.2627762024893605,3.2470395088254906,3.1324094811984393
0.001976821483132607,3.1403660929830224,3.2648173960243976,3.2490767495012185,3.134383043372701
0.0019349772832915058,3.142301070266314,3.2668022338784466,3.2510585930443288,3.136315493447364
0.0018939060817602105,3.144194976348074,3.268735344429421,3.2529894133198454,3.138207409911915
0.0018536159861732848,3.1460485923342474,3.270620296734975,3.254872593491031,3.1400594332891774
0.001814111390448847,3.1478627037246962,3.2724599105441574,3.2567108172069954,3.141872246519623
0.0017753923639785008,3.1496380960886747,3.2742564628943005,3.258506261725186,3.143646559977929
0.0017374552067965787,3.1513755512954713,3.27601183206181,3.2602607321069184,3.1453831002510837
0.0017002932475818078,3.153075844543053,3.277727600493079,3.261975757042637,3.147082601828629
0.0016638975851570592,3.15473974212821,3.2794051294678583,3.2636526583226,3.148745800998023
0.0016282576971673457,3.1563679998253775,3.281045613685022,3.2652926016211117,3.1503734313913263
0.0015933619150407807,3.1579613617404183,3.282650121346299,3.266896633794466,3.1519662207613965
0.0015591977857369876,3.1595205595261553,3.2842196236705057,3.268465710352498,3.153524888670483
0.0015257523438263476,3.1610463118699816,3.2857550166677565,3.270000715734375,3.155050144854515
0.0014930123144449858,3.1625393241844266,3.2872571372311374,3.271502478300907,3.1565426880868697
0.0014609642640532883,3.16400028844848,3.2887267750510008,3.2729717814419543,3.158003205410981
0.0014295947116691465,3.165429883160149,3.2901646814557775,3.2744093718250618,3.1594323716446917
0.0013988902106158996,3.166828773370765,3.2915715759903788,3.275815965539049,3.160830849084512
0.0013688374081994858,3.1681976107789644,3.2929481513286856,3.277192252687297,3.1621992873565383
0.0013394230889236525,3.169537033867888,3.294295076958724,3.2785389008385195,3.163538323374669
0.001310634205412775,3.170847668073301,3.2956130019634555,3.2798565576353447,3.164848581376892
0.001282457900156686,3.1721301259734576,3.296902557134575,3.2811458527816884,3.1661306730180696
0.001254881520627027,3.1733850074940846,3.2981643565943406,3.2824073995716723,3.1673851975034095
0.0012278926291573455,3.174612900123242,3.2993989990539987,3.2836417960797752,3.168612741750657
0.0012014790092398364,3.1758143791324818,3.3006070688035245,3.284849626100421,3.16981388057245
0.0011756286690056683,3.1769900078014874,3.301789136502484,3.286031459901977,3.170989176872378
0.001150329842668718,3.178140337644156,3.302945759823321,3.287187854842913,3.1721391818499924
0.0011255709905606537,3.179265908634717,3.3040774839848472,3.2883193558853976,3.173264435211407
0.0011013407978879286,3.1803672494326047,3.305184842203841,3.289426496032215,3.174365465382721
0.0010776281729576453,3.1814448776055624,3.3062683560852095,3.290509796706154,3.1754427897246797
0.0010544222445507678,3.182499299850113,3.3073285359658526,3.291569768085943,3.176496914746917
0.001031712359162995,3.183531012209276,3.3083658812233776,3.2926069094091024,3.1775283363210733
0.0010094880777042903,3.1845405002869804,3.3093808805578875,3.2936217092494418,3.1785375398918023
0.000987739172219726,3.1855282394592,3.310374012252858,3.2946146457747685,3.1795250006853943
0.0009664556223016874,3.186494695081502,3.3113457444196643,3.2955861869890555,3.1804911839154544
0.0009456276115709095,3.1874403226930728,3.3122965352289993,3.2965367909621284,3.1814365449855426
0.0009252455240207347,3.1883655682170935,3.3132268331317,3.2974669060492303,3.182361529688518
0.0009052999403884598,3.189270868157482,3.3141370770707677,3.2983769711020656,3.183266574402502
0.0008857816345106961,3.1901566497919926,3.3150276966859575,3.299267415672697,3.1841521062834035
0.0008666815696867225,3.1910233313616794,3.315899112511941,3.3001386602111635,3.1850185434539355
0.00084799089516574,3.191871322256845,3.316751736170832,3.3009911162576384,3.1858662951892343
0.0008297009424964585,3.1927010231993416,3.317585970559646,3.301825186629546,3.186695762098897
0.0008118032221089422,3.1935128264214505,3.318402210033086,3.302641265604161,3.1875073363056634
0.0007942894197969785,3.1943071158412475,3.3192008405820963,3.303439739096946,3.188301401620619
0.0007771513933252372,3.1950842672345727,3.3199822400083367,3.3042209848359194,3.189078333715038
0.000760381169125246,3.195844648403698,3.3207467780948767,3.3049853725322453,3.189838500288945
0.0007439709388714633,3.1965886193425694,3.3214948167732197,3.3057332640471273,3.1905822612362713
0.0007279130563442315,3.1973165323989137,3.32222671028684,3.306465013555329,3.1913099688068827
0.0007122000342114632,3.198028732433125,3.3229428053513512,3.307180967705236,3.1920219677654047
0.0006968245408178753,3.198725556973943,3.3236434413113294,3.307881465775658,3.192718595546839
0.0006817793971740649,3.199407336371117,3.3243289502939914,3.308566839829452,3.1934001824091784
0.0006670575738838558,3.200074393945001,3.324999657359728,3.3092374148640316,3.194067051582951
0.0006526521881742298,3.200727046133175,3.325655880649612,3.3098935089587953,3.1947195194177973
0.0006385565009616734,3.201365602634137,3.326297931529898,3.3105354334196497,3.19535789552612
0.0006247639139806971,3.2019903665481175,3.326926114733649,3.3111634929205747,3.1959824829238586
0.000611267966965201,3.2026016345150827,3.32754072849944,3.3117779856422898,3.1965935781684527
0.0005980623348431635,3.203199696849926,3.3281420647073294,3.3123792034082364,3.197191471493997
0.0005851408250805434,3.2037848376750064,3.3287304090120493,3.3129674318176865,3.1977764469437435
0.0005724973749434703,3.20435733504995,3.3293060409734996,3.313542950376268,3.198348782499869
0.0005601260488781179,3.204917461098828,3.3298692341846152,3.314106032623782,3.1989087502106166
0.0005480210360020443,3.20546548213483,3.330420256396638,3.3146569462594258,3.199456616314939
0.0005361766475036056,3.2060016587823337,3.3309593696418394,3.315195953264549,3.1999926413645325
0.000524587314219449,3.206526246096553,3.331486830353776,3.315723310022842,3.2005170803434564
0.0005132475841223005,3.2070394936806754,3.332002889485055,3.3162392674380885,3.201030182785235
0.0005021521200498924,3.2075416458007253,3.332507792622742,3.3167440710495573,3.201532192887698
0.0004912956972562554,3.2080329414979816,3.3330017801013905,3.3172379611450293,3.202023349625359
0.00048067320118416745,3.2085136146991657,3.3334850871137767,3.317721172871456,3.2025038868595823
0.00047027962515322486,3.208983894324319,3.3339579438193625,3.3181939363434823,3.202974033446424
0.00046011006820600997,3.209444004392525,3.3344205754505203,3.3186564767495708,3.2034340133423345
0.00045015973289785904,3.209894164125423,3.33487320241662,3.31910901445613,3.2038840457076376
0.00044042392322696244,3.21033458804865,3.3353160404059445,3.3195517651093804,3.204324345007951
0.00043089804245788343,3.2107654860911077,3.335749300485535,3.3199849397351935,3.2047551211134206
0.00042157759114802573,3.2111870636822557,3.336173189198937,3.3204087448368025,3.205176579395993
0.0004124581651314685,3.211599521847387,3.336587908661996,3.3208233824906017,3.2055889208246633
0.000403535453511239,3.2120030573008984,3.336993656656604,3.321229050439861,3.2059923420587193
0.0003948052368363264,3.2123978625377347,3.3373906267225744,3.321625942186599,3.2063870355391666
0.00038626338504377244,3.2127841259227785,3.3377790082475984,3.322014247081503,3.206773189578086
0.00037790585576180646,3.2131620317785403,3.3381589865553036,3.3223941504119794,3.2071509884463083
0.00036972869240869954,3.213531760470949,3.3385307429915203,3.322765833488413,3.2075206124591746
0.00036172802242084856,3.21389348849337,3.3388944550087567,3.323129473728616,3.2078822380605354
0.0003539000555647931,3.2142473885489347,3.339250296248917,3.3234852447405117,3.2082360379050616
0.00034624108215020044,3.214593629631085,3.339598436624291,3.323833316403168,3.2085821809387585
0.000338747471368972,3.214932377102454,3.3399390423968778,3.3241738549460376,3.208920832477832
0.00033141566969563385,3.2152637927721495,3.340272276256018,3.324507023026616,3.2092521542859482
0.00032424219923843367,3.215588034971388,3.340598297394457,3.3248329798064926,3.2095763046498487
0.0003172236561375108,3.2159052586275254,3.3409172615827822,3.3251518810257394,3.2098934384533586
0.0003103567091087278,3.216215615336634,3.341229321242322,3.325463879075824,3.2102037072499474
0.00030363809782762985,3.2165192534344618,3.341534625516532,3.3257691230709927,3.210507259333666
0.0002970646314812697,3.216816318065943,3.3418333203408768,3.3260677589181,3.2108042398086396
0.000290633187330247,3.2171069512532733,3.3421255485112162,3.3263599293850246,3.2110947906571226
0.00028434070925165145,3.217391291962525,3.342411449750802,3.3266457741676163,3.211379050806101
0.0002781842063583895,3.2176694761688833,3.342691160775886,3.3269254299553235,3.2116571561925027
0.0002721607516211755,3.2179416369205045,3.3429648153598714,3.3271990304953136,3.211929239827043
0.00026626748056157723,3.218207904401066,3.3432325443961934,3.327466706655342,3.21219543185676
0.00026050158989976424,3.218468405990966,3.343494475959856,3.3277285864852773,3.2124558596261945
0.0002548603362311219,3.218723266327197,3.343750735367674,3.3279847952773474,3.2127106477372434
0.0002493410348596292,3.2189726073620566,3.3440014452372058,3.3282354556250424,3.21295991810786
0.00024394105849268044,3.2192165484205493,3.344246725544521,3.3284806874808783,3.213203790029441
0.00023865783605270252,3.219455206256602,3.344486693680681,3.328720608212864,3.213442380223019
0.00023348885145679787,3.2196886951080588,3.3447214645070824,3.328955332659841,3.2136758028942496
0.0002284316425384958,3.2199171267505973,3.3449511504095812,3.3291849731855856,3.2139041697873116
0.0002234837998313921,3.2201406105504287,3.345175861351527,3.3294096397318462,3.2141275902375877
0.00021864296548868012,3.2203592535159173,3.345395704925626,3.3296294398701876,3.214346171223278
0.0002139068321769244,3.2205731603480943,3.345610786404764,3.3298444788528028,3.2145600174158924
0.00020927314198848634,3.2207824334900828,3.3458212087916936,3.3300548596622175,3.214769231229662
0.00020473968546808052,3.220987173175551,3.346027072867698,3.3302606830598824,3.2149739128699872
0.0002003043005305294,3.2211874774760814,3.346228477240226,3.330462047633864,3.2151741603807875
0.00019596487145223662,3.2213834423475336,3.346425518389542,3.3306590498454627,3.2153700696908483
0.0001917193278888618,3.2215751616754225,3.3466182907143325,3.3308517840747913,3.2155617346591954
0.00018756564391742003,3.22176272731934,3.3468068865763616,3.33104034266546,3.2157492471194944
0.0001835018371489916,3.221946229156489,3.3469913963442184,3.331224815968257,3.215932696923582
0.00017952596773707086,3.222125755124226,3.3471719084360996,3.331405292384011,3.2161121719839927
0.00017563613747828555,3.2223013912617042,3.347348509361679,3.3315818584053534,3.216287758315588
0.00017183048894420239,3.2224732217506484,3.3475212837631223,3.3317545986577928,3.216459540076326
0.00016810720461446493,3.222641328955263,3.3476903144551877,3.3319235959397973,3.2166275996071487
0.0001644645060161487,3.222805793461279,3.3478556824644907,3.3320889312620263,3.2167920174710294
0.0001609006529408319,3.22296669411422,3.3480174670679284,3.332250683885775,3.2169528724912198
0.00015741394254398244,3.223124108056764,3.348175745830328,3.332408931360599,3.2171102417886073
0.00015400270862286902,3.2232781107653867,3.348330594641229,3.332563749561082,3.217264200818344
0.0001506653207927755,3.2234287760861795,3.3484820877509036,3.332715212722879,3.217414823405655
0.0001474001837418193,3.2235761762699213,3.3486302978056344,3.3328633934779717,3.2175621817809015
0.0001442057364662297,3.2237203820063876,3.3487752958822172,3.333008362889156,3.21770634661388
0.00014108045158245375,3.22386146245797,3.348917151521705,3.3331501904837713,3.217847387047435
0.00013802283458375086,3.2239994852925538,3.349055932762498,3.3332889442868225,3.2179853707303243
0.0001350314230759153,3.2241345167156297,3.34919170617266,3.333424690853259,3.2181203638493194
0.00013210478623282285,3.2242666215018625,3.349324536881601,3.333557495299651,3.2182524311607743
0.00012924152395976662,3.2243958630258223,3.3494544886110242,3.3336874213351395,3.2183816360213373
0.00012644026636676742,3.224522303292189,3.349581623705243,3.333814531291767,3.218508040418156
0.00012369967303893503,3.224646002965228,3.34970600316088,3.3339388861541104,3.2186317049983377
0.0001210184324484942,3.2247670213976765,3.3498276866558654,3.334060545588359,3.2187526890978315
0.00011839526135259959,3.224885416659029,3.3499467325778554,3.334179567970632,3.21887105076971
0.00011582890412276114,3.225001245563152,3.3500631980520503,3.334296010414886,3.2189868468117635
0.00011331813221771014,3.2251145636953695,3.3501771389683825,3.334409928800037,3.2191001327935926
0.00011086174355368072,3.225225425438923,3.3502886100081875,3.3345213777966087,3.219210963083052
0.00010845856201147086,3.2253338840009347,3.3503976646701794,3.334630410892792,3.219319390872208
0.0001061074367636472,3.2254399914376983,3.35050435529602,3.33473708041992,3.219425468202625
0.00010380724185843349,3.2255437986795568,3.350608733095245,3.334841437577417,3.219529245990231
0.00010155687558466298,3.2256453555551414,3.3507108481696872,3.334943532457239,3.2196307740495547
