diff_array_big,av_array_big,av_pr_array,av_cs_array,av_hs_array
0.006020393597784945,4.406020393597785,4.52883073299841,4.515060479605601,4.39520020108547
0.008541406923434636,4.408541406923435,4.551824178717027,4.537803856157074,4.395771910883479
0.010584912384619116,4.4105849123846195,4.558612818006736,4.544526701804427,4.3973641610403105
0.012485742282439816,4.41248574228244,4.561650720776305,4.547544335354903,4.399157177474944
0.014310928234719356,4.41431092823472,4.563771041209072,4.549657026380182,4.400954548328208
0.01607166420569328,4.416071664205694,4.5656233303990845,4.551505829655677,4.402706735478457
0.01776916661455985,4.41776916661456,4.56735920879425,4.553239868906463,4.404400681414931
0.01940385092705199,4.419403850927052,4.569016211494071,4.554895799254068,4.406033297580043
0.02097672780980897,4.420976727809809,4.570605412034769,4.556484321495567,4.40760465427497
0.022489340427753746,4.422489340427754,4.572131544742774,4.558009989710352,4.409116000869544
0.023943541351407305,4.423943541351408,4.573597692565035,4.559475792998574,4.410569078392551
0.02534132760687502,4.425341327606875,4.575006416643749,4.560884241856561,4.411965833271459
0.02668474118540587,4.426684741185406,4.5763600495617425,4.5622376410606025,4.413308281555021
0.027975813264826677,4.427975813264827,4.577660783259184,4.5635381671317,4.414598440071596
0.02921653426205939,4.42921653426206,4.578910701829324,4.564787895538351,4.415838290851039
0.030408838502663293,4.430408838502664,4.580111797078854,4.565988813208297,4.417029763043069
0.031554597007295904,4.431554597007296,4.581265977531799,4.567142825857515,4.418174724264677
0.03265561473739709,4.432655614737397,4.58237507444893,4.568251763086435,4.419274977068495
0.033713630263105365,4.433713630263106,4.583440846307708,4.569317382350173,4.420332258184623
0.03473031672599003,4.43473031672599,4.584464982422041,4.570341372296759,4.421348239248098
0.03570728347490437,4.435707283474905,4.585449106051378,4.571325355720466,4.4223245283042765
0.03664607803180875,4.436646078031809,4.5863947771878415,4.572270892262925,4.423262671701864
0.03754818820055572,4.437548188200556,4.58730349512557,4.573179480934679,4.424164156160849
0.038415044215559746,4.43841504421556,4.58817670087103,4.574052562499045,4.425030410897915
0.039248020875565004,4.439248020875565,4.5890157794278466,4.574891521742113,4.42586280974675
0.040048439633131316,4.440048439633132,4.589822061976367,4.575697689644121,4.426662673239457
0.04081757062524005,4.44081757062524,4.590596827960093,4.576472345461126,4.427431270632138
0.041556634638317824,4.441556634638318,4.591341307087509,4.577216718724126,4.428169821866573
0.04226680500450719,4.4422668050045075,4.592056681254599,4.577931991160015,4.4288794994640766
0.04294920942944991,4.44294920942945,4.592744086392558,4.578619298538225,4.429561430351453
0.04360493175231461,4.443604931752315,4.593404614244229,4.579279732446569,4.430216697619473
0.044235013639816856,4.444235013639817,4.594039314072332,4.5799143419989745,4.43084634221558
0.04484045621629118,4.4448404562162915,4.594649194302246,4.580524135477911,4.431451364572754
0.04542222163180476,4.445422221631805,4.595235224102045,4.581110081914166,4.432032726176507
0.04598123457036074,4.445981234570361,4.595798334901842,4.581673112605907,4.432591351072029
0.046518383700670185,4.4465183837006705,4.596339421855133,4.5822141225798365,4.433128127313964
0.047034523071527445,4.447034523071528,4.596859345244192,4.582733971996324,4.4336439083608346
0.047530473453432975,4.447530473453433,4.597358931831454,4.583233487500655,4.434139514415745
0.04800702362886078,4.448007023628861,4.597838976159095,4.583713463522411,4.434615733715756
0.0484649316331307,4.448464931633131,4.598300241798756,4.584174663524981,4.435073323771935
0.04890492594751894,4.448904925947519,4.598743462553256,4.584617821207138,4.435513012561638
0.04932770664650654,4.449327706646507,4.599169343612116,4.585043641658418,4.435935499674986
0.049733946500820636,4.449733946500821,4.599578562662546,4.585452802469912,4.436341457417142
0.05012429203805269,4.450124292038053,4.599971770957711,4.585845954802386,4.436731531868216
0.050499364562435645,4.450499364562436,4.600349594343821,4.586223724413258,4.437106343902342
0.05085976113526414,4.4508597611352645,4.600712634247675,4.586586712643993,4.437466490167431
0.05120605551751822,4.451206055517519,4.6010614686260265,4.586935497369306,4.437812544027143
0.05153879907593595,4.451538799075936,4.60139665287834,4.587270633909829,4.438145056466347
0.05185852165431282,4.451858521654313,4.601718720724226,4.587592655909401,4.438464556961818
0.052165732410887955,4.452165732410888,4.602028185047027,4.587902076178548,4.438771554319051
