diff_array_big,av_array_big,av_pr_array,av_cs_array,av_hs_array
0.002289745474622684,4.102289745474622,4.216855716942461,4.202485239131514,4.093988349991154
-0.002723279661037026,4.099566465813585,4.231341747259941,4.216703783704188,4.08990618969543
-0.00311369535583772,4.096452770457748,4.232091631482242,4.217379201611304,4.0864882714925335
-0.0030711781126218085,4.093381592345126,4.229935094084454,4.215196914439086,4.083345554019521
-0.0029531257629695773,4.090428466582156,4.227218457401361,4.212469447890475,4.08037417793748
-0.0028301440133562394,4.0875983225688,4.2244553586948355,4.209701207143595,4.077538982496675
-0.0027139104799278613,4.084884412088872,4.221759206430284,4.207002519175292,4.074823803502723
-0.0026048817168016214,4.0822795303720705,4.219154523448703,4.204396631079024,4.072218977219185
-0.002501940559133331,4.079777589812937,4.216645313952317,4.201886929243836,4.069717646447275
-0.0024041104768555144,4.077373479336082,4.214230459480967,4.199471969868131,4.067314400425859
-0.002310717862930467,4.075062761473151,4.21190739623148,4.197149011366889,4.065004662534739
-0.0022213099176866535,4.0728414515554645,4.2096731051377185,4.19491493612287,4.062784376802731
-0.002135570873083026,4.0707058806823815,4.207524433843148,4.192766536917482,4.060649836313071
-0.0020532666439896374,4.068652614038392,4.205458225173233,4.190700626061296,4.05859758587744
-0.0019742118281218524,4.06667840221027,4.203471376250429,4.188714083783702,4.056624365376691
-0.001898250660762102,4.064780151549508,4.201560867215665,4.186803880962703,4.054727075815996
-0.0018252461249179674,4.06295490542459,4.199723774795366,4.184967089334928,4.0529027581944055
-0.0017550737202132183,4.061199831704377,4.197957277835298,4.183200885146672,4.051148579657743
-0.0016876178712852408,4.0595122138330915,4.196258658488251,4.18150254928517,4.049461823828276
-0.0016227698288453496,4.057889444004246,4.194625301056225,4.179869465528089,4.047839883560931
-0.001560426414365601,4.0563290175898805,4.193054689593234,4.178299117813932,4.046280255138684
-0.0015004892430861005,4.054828528346794,4.1915444048838815,4.176789087034257,4.044780533348248
-0.0014428642195500885,4.053385664127244,4.190092121139574,4.175337047625558,4.043338407118213
-0.0013874611888100574,4.051998202938434,4.18869560260122,4.173940764113643,4.0419516555386
-0.0013341936785078445,4.050664009259926,4.187352700151952,4.172598087693905,4.0406181441566025
-0.0012829786945260935,4.0493810305654,4.186061347995268,4.171306952891455,4.039335821486908
-0.0012337365492554042,4.048147294016145,4.184819560426962,4.170065374323213,4.038102715699526
-0.0011863907106022253,4.046960903305543,4.183625428714878,4.168871443572337,4.036916931461753
-0.0011408676650717098,4.045820035640471,4.182477118091541,4.16772332617813,4.035776646918841
-0.0010970967908265905,4.044722938849644,4.181372864860686,4.166619258741203,4.0346801108025785
-0.001055010238465215,4.043667928611179,4.180310973615866,4.165557546141549,4.033625639659581
-0.0010145428181767002,4.0426533857930025,4.179289814568341,4.164536558866339,4.0326116151927245
-0.0009756318923566099,4.041677753900646,4.1783078209806614,4.16355473044359,4.0316364817100565
-0.0009382172730481031,4.040739536627598,4.177363486702053,4.162610554977847,4.030698743676336
-0.0009022411240042771,4.0398372955035935,4.176455363801733,4.161702584783758,4.0297969633624975
-0.0008676478668299126,4.038969647636764,4.175582060296246,4.160829428113809,4.02892975858896
-0.000834384091086271,4.038135263545677,4.174742237967108,4.159989746976278,4.028095800558807
-0.0008023984681617691,4.0373328650775155,4.1739346102650385,4.159182255039803,4.027293811777047
-0.0007716416687006955,4.036561223408815,4.173157940297281,4.158405715621096,4.026522564052409
-0.000742066283413223,4.035819157125402,4.172411038894629,4.157658939752252,4.025780876578296
-0.0007136267470624347,4.035105530378339,4.171692762754897,4.156940784324564,4.025067614089699
-0.000686279265705636,4.0344192511126336,4.171002012659774,4.156250150305665,4.024381685092839
-0.0006599817467867197,4.033759269365847,4.170337731761988,4.155585981027017,4.023722040164674
-0.0006346937319481327,4.033124575633899,4.1696989039400245,4.1549472605388855,4.023087670319572
-0.0006103763328759726,4.032514199301023,4.169084552217673,4.154333012030178,4.022477605440076
-0.0005869921694996449,4.031927207131523,4.168493737245646,4.153742296310315,4.021890912769468
-0.0005645053106411169,4.031362701820882,4.167925555842875,4.153174210350781,4.021326695463628
-0.0005428812172523223,4.03081982060363,4.1673791395951785,4.15262788588404,4.020784091199639
-0.0005220866878223873,4.030297733915807,4.166853653508742,4.152102488057238,4.020262270838946
-0.0005020898059706624,4.029795644109837,4.166348294716427,4.151597214138745,4.019760437142901
-0.00048285989011986885,4.029312784219717,4.165862291234689,4.151111292275261,4.019277823538605
-0.00046436744518096873,4.028848416774536,4.1653949007691935,4.150643980297684,4.0188136929330405
-0.0004465841162941686,4.028401832658242,4.16494540956702,4.150194564573463,4.018367336573431
-0.0004294826442752253,4.027972350013966,4.164513131313704,4.149762358903866,4.017938072952143
-0.0004130368228310033,4.027559313191135,4.164097406073315,4.149346703464207,4.0175252467543405
-0.0003972214574998745,4.0271620917336355,4.163697599269885,4.148946963785479,4.017128227846681
-0.0003820123263036379,4.026780079407332,4.163313100708534,4.148562529775637,4.016746410305337
-0.0003673861418320712,4.0264126932655,4.1629433236346465,4.148192814778904,4.016379211481914
-0.0003533205149430785,4.026059372750557,4.162587703829717,4.1478372546718365,4.016026071105646
-0.0003397939197986588,4.025719578830758,4.162245698742253,4.147495306994318,4.015686450420547
-0.0003267856602997554,4.025392793170458,4.161916786652614,4.1471664501145495,4.015359831356088
-0.0003142758379173216,4.025078517332541,4.161600465870102,4.1468501824263155,4.015045715730061
-0.00030224532069844656,4.0247762720118425,4.161296253961385,4.1465460215774925,4.014743624482375
-0.00029067571355234634,4.02448559629829,4.161003687008713,4.146253503728424,4.014453096938599
-0.00027954932965190693,4.024206046968638,4.160722318897019,4.145972182839103,4.014173690102047
-0.0002688491631124279,4.023937197805526,4.160451720628484,4.145701629983918,4.013904977973193
-0.0002585588623986723,4.023678638943127,4.160191479663826,4.145441432692986,4.013646550895666
-0.0002486627052240564,4.023429976237903,4.159941199288977,4.145191194318973,4.013398014927315
-0.00023914557399962177,4.0231908306639035,4.159700498006336,4.144950533428453,4.013158991235833
-0.00022999293263303855,4.0229608377312704,4.159469008949491,4.144719083216718,4.0129291155175535
-0.00022119080389160217,4.022739646927379,4.1592463793206305,4.144496490945284,4.012708037438886
-0.00021272574790032195,4.0225269211794785,4.159032269849745,4.144282417401178,4.012495420099224
-0.00020458484134966426,4.022322336338129,4.158826354274558,4.144076536376991,4.012290939514661
-0.00019675565754795343,4.022125580680581,4.158628318840703,4.143878534171105,4.012094284121612
-0.00018922624730421944,4.021936354433277,4.158437861821089,4.143688109107137,4.011905154299573
-0.00018198512037592707,4.021754369312901,4.158254693053924,4.143504971072068,4.011723261912397
-0.00017502122789814223,4.021579348085003,4.158078533498444,4.143328841072043,4.011548329867149
-0.00016832394528787376,4.021411024139715,4.157909114807837,4.143159450805327,4.011380091690043
-0.00016188305592557128,4.021249141083789,4.157746178918646,4.142996542251843,4.011218291118685
-0.00015568873540061645,4.0210934523483886,4.157589477655888,4.142839867278304,4.011062681710071
-0.00014973153645669868,4.020943720811932,4.157438772353588,4.142689187258828,4.010913026463619
-0.0001440023743342067,4.020799718437598,4.157293833489742,4.142544272709974,4.010769097458863
-0.00013849251296527143,4.020661225924632,4.157154440335429,4.142404902939906,4.0106306755069365
-0.00013319355149210566,4.02052803237314,4.157020380617425,4.142270865711045,4.010497549815542
-0.0001280974113360145,4.020399934961804,4.156891450193761,4.142141956915716,4.0103695176668275
-0.0001231963238312872,4.020276738637973,4.156767452741794,4.1420179802642485,4.010246384107641
-0.00011848281826853935,4.020158255819704,4.1566481994582976,4.141898746985135,4.01012796165172
-0.00011394971050204816,4.020044306109202,4.156533508771066,4.141784075536643,4.01001406999328
-0.00010959009188393765,4.019934716017318,4.156423206061598,4.141673791329611,4.00990453573165
-0.00010539731859271484,4.019829318698726,4.156317123398476,4.141567726460802,4.0097991921065965
-0.00010136500163415718,4.019727953697092,4.156215099280916,4.141465719456559,4.009697878743611
-9.748699689993146e-05,4.019630466700192,4.156116978392324,4.1413676150263745,4.009600441409161
-9.375739580974596e-05,4.019536709304382,4.156022611363188,4.141273263825799,4.009506731775269
-9.017051631943218e-05,4.0194465387880625,4.1559318545430965,4.141182522228545,4.009416607193107
-8.672089405514782e-05,4.019359817894007,4.155844569781524,4.141095252107274,4.009329930475434
-8.340327416167526e-05,4.019276414619846,4.15576062421711,4.141011320622932,4.009246569687175
-8.021260312229828e-05,4.019196202016723,4.155679890074902,4.140930600022014,4.009166397944199
-7.714402102276807e-05,4.019119057995701,4.155602244471539,4.140852967441779,4.009089293219806
-7.419285423981847e-05,4.019044865141461,4.15552756922772,4.140778304722774,4.0090151381585315
-7.13546081581029e-05,4.018973510533303,4.155455750688029,4.140706498228649,4.008943819897238
-6.862496032322696e-05,4.018904885572979,4.155386679547625,4.140637438672919,4.008875229893034
-6.599975395005231e-05,4.018838885819029,4.155320250685578,4.140571020952283,4.008809263757695
-6.347499143544155e-05,4.018775410827594,4.155256363004544,4.140507143986373,4.008745821098557
-6.104682825114338e-05,4.018714363999343,4.155194919276753,4.1404457105637285,4.008684805365528
-5.871156723991078e-05,4.018655652432103,4.155135825995675,4.140386627193516,4.008626123703779
-5.646565273931259e-05,4.018599186779364,4.155078993233584,4.140329803963104,4.008569686812339
-5.430566533259906e-05,4.018544881114031,4.155024334504457,4.140275154400974,4.008515408807901
-5.222831643614256e-05,4.018492652797595,4.154971766632179,4.14022259534497,4.008463207094075
-5.0230443558341165e-05,4.0184424223540365,4.154921209623817,4.140172046815584,4.00841300223534
-4.830900516772374e-05,4.018394113348869,4.154872586547674,4.14012343189403,4.008364717836161
-4.6461076284920466e-05,4.018347652272584,4.154825823416167,4.140076676605131,4.008318280424489
-4.468384386679958e-05,4.018302968428717,4.154780849072946,4.140031709804474,4.008273619339886
-4.297460257074448e-05,4.018259993826146,4.154737595084703,4.139988463070249,4.008230666625875
-4.133075069745473e-05,4.018218663075449,4.154695995636736,4.139946870598778,4.00818935692635
-3.9749786082232674e-05,4.018178913289367,4.154655987432783,4.139906869104434,4.008149627386097
-3.8229302398384846e-05,4.018140683986968,4.154617509598578,4.1398683977231485,4.008111417555002
-3.6766985379799166e-05,4.018103917001588,4.154580503589151,4.139831397919779,4.008074669296036
-3.536060938458263e-05,4.018068556392204,4.154544913099681,4.139795813398958,4.008039326696679
-3.4008033985344355e-05,4.0180345483582185,4.154510683979701,4.13976159001929,4.008005335983746
-3.270720062786836e-05,4.018001841157591,4.15447776415067,4.13972867571098,4.007972645441558
-3.1456129613083306e-05,4.0179703850279775,4.154446103526635,4.139697020396479,4.007941205333124
-3.0252916979556232e-05,4.017940132110998,4.154415653938032,4.139666575914297,4.0079109678244444
-2.909573166753887e-05,4.0179110363793304,4.1543863690582,4.139637295945537,4.007881886911648
-2.798281265903313e-05,4.017883053566671,4.154358204333001,4.1396091359435525,4.0078539183509845
-2.691246630348587e-05,4.017856141100368,4.154331116912918,4.1395820530659995,4.007827019591491
-2.588306388240369e-05,4.0178302580364855,4.154305065587811,4.139556006109658,4.007801149710088
-2.489303890396144e-05,4.017805364997582,4.154280010724164,4.139530955447659,4.007776269349392
-2.3940884897655224e-05,4.017781424112684,4.154255914204769,4.139506862969188,4.00775234065773
-2.302515297980534e-05,4.017758398959704,4.154232739370701,4.139483692021472,4.007729327231561
-2.214444977965968e-05,4.017736254509924,4.154210450965491,4.139461407353946,4.007707194060014
-2.1297435148781574e-05,4.017714957074776,4.154189015081532,4.139439975064703,4.007685907471681
-2.048282033140225e-05,4.017694474254444,4.154168399108322,4.139419362548693,4.007665435083255
-1.969936584700349e-05,4.017674774888597,4.154148571682931,4.139399538448272,4.007645745750272
-1.8945879569187696e-05,4.017655829009028,4.154129502642295,4.139380472605415,4.007626809519795
-1.822121507455421e-05,4.0176376077939535,4.154111162977234,4.1393621360158095,4.0076085975847215
-1.7524269821933558e-05,4.017620083524132,4.154093524788293,4.139344500784693,4.007591082239929
-1.685398337158972e-05,4.01760322954076,4.1540765612433255,4.139327540084405,4.007574236840195
-1.6209335904626698e-05,4.017587020204855,4.154060246536673,4.139311228113611,4.007558035759596
-1.5589346650024538e-05,4.017571430858205,4.154044555849787,4.139295540057948,4.007542454352477
-1.4993072296576315e-05,4.017556437785909,4.154029465313587,4.139280452052321,4.007527468916022
-1.4419605706805783e-05,4.017542018180202,4.154014951972023,4.139265941144534,4.00751305665408
-1.3868074381306883e-05,4.017528150105821,4.154000993747239,4.139251985260438,4.007499195642559
-1.3337639207300356e-05,4.017514812466613,4.153987569405869,4.139238563170219,4.00748586479606
-1.2827493210743057e-05,4.017501984973403,4.153974658526893,4.139225654456288,4.007473043835733
-1.2336860264916538e-05,4.017489648113138,4.153962241470383,4.139213239482012,4.007460713258468
-1.1864993949117775e-05,4.017477783119189,4.153950299347679,4.139201299361896,4.007448854307196
-1.1411176402909007e-05,4.017466371942786,4.153938813992695,4.139189815932897,4.007437448942337
-1.0974717220335606e-05,4.017455397225565,4.153927767934205,4.139178771726724,4.007426479814371
-1.0554952391217398e-05,4.017444842273174,4.153917144369308,4.139168149943307,4.007415930237448
