diff_array_big,av_array_big,av_pr_array,av_cs_array,av_hs_array
-0.009083593993800765,3.890916406006199,3.999940350923325,3.9848473649131027,3.885071744960717
-0.016501906726685167,3.874414499279514,3.997643217504231,3.982238229164011,3.867735128427162
-0.0164940706687684,3.8579204286107456,3.984420724869118,3.9689169621872855,3.8510500021830034
-0.0159586662362865,3.841961762374459,3.9693422937757346,3.9537974298963343,3.835040574165949
-0.015350518821154235,3.826611243553305,3.954270200506334,3.9387056691215903,3.819674293973577
-0.01475344101887277,3.811857802534432,3.9396046994614697,3.9240305088571454,3.8049160273022564
-0.014180902190730205,3.797676900343702,3.9254339383178065,3.9098553807349283,3.790734712570155
-0.013633316967831544,3.7840435833758703,3.9117730697856046,3.89619308360456,3.777103104593919
-0.013109123235881981,3.7709344601399883,3.8986169198378,3.8830371534938957,3.763996780748478
-0.01260675896317176,3.7583277011768166,3.885953217509822,3.8703745859520184,3.7513933730577125
-0.012124909803763906,3.7462027913730527,3.8737667779487768,3.8581897738328266,3.7392720666933505
-0.011662469488728622,3.734540321884324,3.8620412195658322,3.846466091816238,3.7276132827639503
-0.01121847844729107,3.723321843437033,3.8507598091384767,3.8351866663555945,3.716398475697472
-0.010792079366456875,3.712529764070576,3.8399059125742467,3.824334783102396,3.7056099998666774
-0.010382488774127285,3.702147275296449,3.8294632390383514,3.8138941058815936,3.695231017867475
-0.009988979318078961,3.69215829597837,3.8194159696623506,3.8038487907683054,3.685245434005833
-0.009610868631751313,3.6825474273466186,3.8097488203826835,3.7941835404066926,3.6756378432482695
-0.009247512166872252,3.6732999151797463,3.8004470670777297,3.7848836241848023,3.6663934898625183
-0.00889829840677514,3.664401616772971,3.7914965492803994,3.7759348790569844,3.657498232318917
-0.008562645515570289,3.655838971257401,3.782883661916629,3.767323699599625,3.648938512404615
-0.00823999886289739,3.6475989723945035,3.7745953405576866,3.759037022284468,3.640701327317199
-0.007929829092173435,3.63966914330233,3.766619043364379,3.751062306854047,3.632774203984922
-0.007631630534752354,3.6320375127675777,3.758942731554779,3.743387516459812,3.6251451751451107
-0.007344919852369625,3.624692592915208,3.7515548494408497,3.7360010975086477,3.6178027568808093
-0.00706923483691746,3.6176233580782906,3.7444443046221076,3.7288919597475365,3.6107359274163624
-0.006804133324461503,3.610819224753829,3.7376004486578767,3.722049456874243,3.6039341070331727
-0.006549192196815934,3.604270032557013,3.7310130583856367,3.715463367821566,3.5973871390037133
-0.0063040064537762674,3.597966026103237,3.724672317963786,3.709123878781944,3.591085271464746
-0.006068188344950709,3.591897837758286,3.7185688016663923,3.7030215659932937,3.58501914016524
-0.005841366553488658,3.5860564712047975,3.7126934574287214,3.6971473792809895,3.5791797520342414
-0.005623185426324895,3.5804332857784726,3.7070375911267046,3.6914926263366947,3.5735584695205036
-0.005413304246766781,3.575019981531706,3.7015928515651426,3.6860489577077127,3.5681469956605683
-0.005211396546099145,3.5698085849856067,3.696351216145576,3.680808352466795,3.5629373598357312
-0.005017149451381986,3.5647914355342247,3.6913049771832473,3.6757631045316503,3.557921904181367
-0.004830263067156171,3.5599611724670686,3.686446728842562,3.670905809603027,3.5530932706145295
-0.004650449888830899,3.5553107225782377,3.681769354660991,3.666229352691347,3.548444388448057
-0.0044774342458953065,3.5508332883323424,3.677266015632673,3.6617268962030414,3.5439684625612884
-0.004310951773125016,3.5465223365592173,3.672930138824048,3.657391868558779,3.539658962099383
-0.004150748908251067,3.5423715876509663,3.6687554064953,3.6532179533174762,3.5355096096747705
-0.003996582414525385,3.538375005236441,3.66473574570269,3.649199078781048,3.5315143710458305
-0.0038482189267567968,3.534526786309684,3.6608653183582716,3.6453294080564773,3.5276674452493393
-0.0037054345195572935,3.530821351790127,3.6571385117246047,3.641603329552703,3.5239632551644795
-0.003568014296581268,3.5272533374935455,3.653549929323417,3.638015447891446,3.520396438487424
-0.003435751999501413,3.523817585494044,3.650094382238224,3.6345605752118457,3.5169618390967754
-0.0033084496358175564,3.5205091358582266,3.6467668807920544,3.631233722850061,3.5136544987910288
-0.003185917124276294,3.5173232187339503,3.6435626265823866,3.628030093376078,3.5104696493804513
-0.0030679719571558017,3.5142552467767945,3.6404770048563826,3.624945072970673,3.5074027051165406
-0.002954438878372656,3.511300807898422,3.637505577210429,3.6219742241266304,3.5044492554432267
-0.0028451495766419477,3.50845565832178,3.634644074598864,3.6191132786590248,3.5016050580547784
-0.00273994239291131,3.5057157159288685,3.6318883906373514,3.616358131010143,3.4988660322461587
-0.002638662041221096,3.5030770538876475,3.629234575187525,3.6137048318355136,3.49622825254239
-0.0025411593424689016,3.5005358945451786,3.626678828209793,3.6111495818581556,3.493687942594046
-0.002447290970283955,3.4980886035748946,3.624217493872162,3.6086887259786433,3.491241469326762
-0.0023569192083825463,3.495731684366512,3.621847054903403,3.6063187476295644,3.4888853373332838
-0.002269911718922657,3.4934617726475894,3.61956412717954,3.6040362633631915,3.4866161834970675
-0.0021861413212294067,3.49127563132636,3.617365454533267,3.601838017662039,3.4844307718370637
-0.0021054857804116978,3.4891701455459483,3.615247903776157,3.599720877962149,3.4823259885637903
-0.0020278276053278255,3.4871423179406205,3.6132084599243988,3.597681829879896,3.4802988373373642
-0.0019530538554661803,3.4851892640851543,3.6112442216189726,3.5957179726331225,3.47834643471857
-0.0018810559563147145,3.4833082081288396,3.6093523967317505,3.593826514648223,3.476466005804485
-0.0018117295228852193,3.4814964786059543,3.6075302981493746,3.592004769344884,3.4746548800405064
-0.0017449741907133998,3.479751504415241,3.6057753397271464,3.590250151090901,3.4729104872013106
-0.0016806934543556196,3.4780708109608853,3.6040850324056803,3.588560171319612,3.4712303535332567
-0.0016187945127805747,3.4764520164481048,3.6024569804831343,3.586932434802944,3.4696120980513303
-0.0015591881213197212,3.474892828326785,3.6008888780365345,3.585364636073501,3.4680534289840805
-0.0015017884500418965,3.473391039876743,3.5993785054856864,3.5838545559892014,3.466552140360124
-0.0014465129480893957,3.4719445269286537,3.5979237262936232,3.5824000584344016,3.4651061087302697
-0.0013932822137174838,3.4705512447149363,3.5965224837979104,3.5809990871519113,3.463713290019537
-0.0013420198699107821,3.4692092248450255,3.595172798167213,3.5796496627001475,3.462371716503526
-0.001292652445077369,3.467916572399948,3.5938727634778362,3.5783498795303275,3.4610794939040352
-0.001245109258814825,3.4666714631411333,3.5926205449053654,3.577097903178672,3.4598347985988753
-0.0011993223124657781,3.4654721408286675,3.591414376026451,3.575891967568765,3.458635874941087
-0.0011552261840916955,3.464316914644576,3.5902525562262686,3.5747303724195483,3.457481032683135
-0.0011127579278835675,3.4632041567166922,3.589133448207232,3.5736114807545443,3.456368644501668
-0.0010718569776333453,3.462132299739059,3.5880554755948992,3.5725337165082633,3.4552971436187603
-0.001032465054219056,3.46109983468484,3.587017120636941,3.5714955622256337,3.454265021515635
-0.0009945260768815523,3.4601053086079583,3.5860169219914537,3.5704955568508017,3.4532708257350793
-0.0009579860780037919,3.4591473225299545,3.58505347260098,3.5695322936015383,3.45231315776905
-0.0009227931214836893,3.458224529408471,3.584125417648755,3.56860441792595,3.45139067102787
-0.0008888972243163984,3.4573356321841544,3.583231452593773,3.567710625537931,3.45050206888782
-0.0008562502813918016,3.4564793819027626,3.5823703212816476,3.56684966052839,3.4496461028139027
-0.000824805993223432,3.455654575909539,3.581540814128065,3.566020313549105,3.4488215705548466
-0.000794519796753157,3.454860056112786,3.5807417663720202,3.565221420066284,3.4480273144072893
-0.0007653487986978291,3.454094707314088,3.5799720563959987,3.5644518586811205,3.447262219546579
-0.0007372517116777111,3.4533574556024105,3.5792306041104722,3.5637105495145582,3.4465252124214385
-0.0007101887929121808,3.4526472668094983,3.578516369400112,3.562996452653909,3.4458152592098905
-0.0006841217852708859,3.4519631450242274,3.577828350629283,3.5623085666585697,3.4451313643341335
-0.0006590138606421547,3.4513041311635853,3.5771655832045335,3.5616459271228105,3.444472569032012
-0.0006348295656000147,3.4506693015979852,3.5765271381917048,3.5610076052932147,3.443837949982807
-0.00061153476919662,3.4500577668287886,3.575912120985699,3.560392706738654,3.4432266179852142
-0.0005890966127486408,3.44946867021604,3.575319670030629,3.559800370070733,3.442637716685518
-0.0005674834616336,3.4489011867544064,3.5747489555885155,3.5592297657127046,3.4420704213539532
-0.0005466648589682599,3.448354521895438,3.57419917855462,3.5586800947150734,3.4415239377073696
-0.0005266114810797973,3.4478279104143583,3.5736695693175666,3.5581505876159074,3.440997500776408
-0.0005072950947129229,3.4473206153196454,3.5731593866624936,3.5576405033442433,3.4404903738154595
-0.0004886885158783549,3.446831926803767,3.572667916715598,3.557149128164808,3.4400018472537592
-0.00047076557036973554,3.4463611612333973,3.572194471928469,3.5566757746625854,3.4395312376859435
-0.0004535010556447894,3.4459076601777525,3.5717383901006667,3.5562197807655718,3.439077886900724
-0.0004368707044060116,3.4454707894733465,3.5712990334390673,3.5557805088043035,3.438641160945959
-0.0004208511493688505,3.4450499383239777,3.5708757876525166,3.5553573446067004,3.4382204492289463
-0.00040541988953135544,3.4446445184344463,3.5704680610805326,3.5549496966269456,3.437815163650436
-0.0003905552576615179,3.444253963176785,3.570075283854648,3.554556995106958,3.437424737771146
-0.00037623638904538126,3.4438777267877394,3.5696969070911972,3.554178691269406,3.4370486260095148
-0.0003624431915159043,3.4435152835962235,3.569332402114322,3.5538142565408046,3.436686302869413
-0.0003491563163726674,3.443166127279851,3.568981259708088,3.553463181803792,3.4363372621969384
-0.0003363571307866131,3.442829770149064,3.568642989396496,3.5531249766773145,3.436001016464779
-0.0003240276909783901,3.442505742458086,3.5683171187504676,3.552799168823716,3.435677096083397
-0.00031215071646251147,3.4421935917416233,3.5680031927206293,3.5524853032816623,3.4353650487379643
-0.0003007095653120295,3.4418928821763113,3.5677007729950496,3.5521829418240114,3.435064438750017
-0.00028968821044905724,3.4416031939658622,3.5674094373809124,3.5518916623395973,3.4347748464628087
-0.0002790712166182985,3.441324122749244,3.567128779209175,3.5516110582380196,3.434495867649698
-0.0002688437184001913,3.4410552790308437,3.56685840676143,3.5513407378765964,3.434227112944496
-0.0002589913990647119,3.440796287631779,3.5665979427181314,3.5510803240087125,3.433968207292967
-0.00024950047004068665,3.4405467871617383,3.5663470236272676,3.550829453252614,3.4337187894248444
-0.00024035765140650867,3.440306429510332,3.5661052993928632,3.550587775579962,3.433478511345353
-0.00023155015291598247,3.440074879357416,3.5658724327824043,3.5503549538234127,3.4332470378457014
-0.0002230656559132349,3.4398518137015026,3.56564809895259,3.5501306632024163,3.4330240460316443
-0.00021489229569482404,3.439636921405808,3.56543198499274,3.5499145908667185,3.4328092248696866
-0.00020701864482886023,3.439429902760979,3.5652237894849996,3.5497064354566916,3.432602274749956
-0.0001994336967712229,3.4392304690642077,3.565023222080955,3.549505906679974,3.4324029070654634
-0.00019212685040637112,3.4390383422138013,3.564830003093997,3.549312724903964,3.4322108438067995
-0.00018508789502913459,3.438853254318772,3.5646438631065984,3.5491266207631416,3.432025817171865
-0.00017830699575771547,3.4386749473230145,3.564464542592298,3.548947334781155,3.431847569190165
-0.00017177467982554262,3.438503172643189,3.5642917915516077,3.5487746170067553,3.431675851360821
-0.00016548182295927916,3.4383376908202297,3.5641253691613635,3.5486082266632617,3.431510424304193
-0.0001594196366307976,3.438178271183599,3.5639650434371513,3.5484479318110145,3.4313510574262467
-0.00015357965571238807,3.4380246915278865,3.5638105909080835,3.5482935090222547,3.4311975285952565
-0.00014795372632381287,3.4378767378015627,3.5636617963036663,3.5481447430680157,3.4310496238306696
-0.00014253399444053017,3.437734203807122,3.563518452252251,3.548001426616643,3.4309071370033473
-0.0001373128949309077,3.4375968909121912,3.5633803589905706,3.5478633599434177,3.4307698695467637
-0.0001322831406920244,3.437464607771499,3.5632473240840072,3.5477303506508315,3.430637630179078
-0.00012743771245027347,3.437337170059049,3.5631191621572245,3.547602213399301,3.4305102346353937
-0.00012276984899095567,3.437214400210058,3.562995694634736,3.547478769647772,3.4303875054097768
-0.00011827303751710261,3.437096127172541,3.5628767494909805,3.5473598474038535,3.4302692715069316
-0.00011394100454120704,3.4369821861679997,3.562762161009673,3.547245280983219,3.430155368202964
-0.00010976770698922778,3.4368724184610104,3.562651769552031,3.5471349107778596,3.43004563681505
-0.00010574732382195862,3.4367666711371885,3.5625454213335175,3.547028583032895,3.4299399244794704
-0.00010187424782248655,3.436664796889366,3.5624429682088046,3.54692614963154,3.429838083937863
-9.814307764521857e-05,3.4365666538117208,3.562344267464661,3.546827467888082,3.429739973331416
-9.454861028279637e-05,3.436472105201438,3.562249181620528,3.5467324003484624,3.4296454560026013
-9.108583379013879e-05,3.436381019367648,3.5621575782363455,3.546640814598139,3.4295544003041725
-8.774992019411343e-05,3.4362932694474537,3.5620693297275396,3.5465525830771316,3.4294666794152544
-8.453621877224649e-05,3.4362087332286815,3.5619843131867484,3.5464675829017684,3.42938217116415
-8.144024952416729e-05,3.4361272929791573,3.561902410212161,3.5463856956930466,3.4293007578576775
-7.845769682113257e-05,3.436048835282336,3.5618235067421313,3.5463068074113115,3.4292223261168537
-7.558440343258255e-05,3.4359732508789036,3.561747492895947,3.5462308081970093,3.4291467667185467
-7.28163646930291e-05,3.4359004345142106,3.5616742628203624,3.546157592217295,3.4290739744429612
-7.014972289320909e-05,3.4358302847913174,3.561603714541809,3.5460870575182515,3.4290038479267326
-6.758076182489248e-05,3.4357627040294925,3.561535749824094,3.546019105882605,3.4289362895214737
