diff_array_big,av_array_big,av_pr_array,av_cs_array,av_hs_array
-0.005259337769784267,5.394740662230216,5.499024423665413,5.48647127105624,5.38329156175447
-0.0059159673532063195,5.38882469487701,5.529737542792845,5.51684988674174,5.3729903476774314
-0.0059124129699688055,5.382912281907041,5.54160229400845,5.5285606049583675,5.364948904470718
-0.005843899332149682,5.377068382574891,5.544508072620251,5.531389831929079,5.358057191425778
-0.005746243546465024,5.371322139028426,5.543065315615241,5.529908556965752,5.3517956631585415
-0.005636360360112391,5.365685778668314,5.539536357339723,5.52636009263069,5.345907027195334
-0.005522378466623401,5.3601634002016905,5.535035924430122,5.521849733725971,5.340262354040599
-0.005408110966764745,5.354755289234926,5.530112929394276,5.516921686155452,5.334796220397757
-0.005295278927357927,5.349460010307568,5.5250371027354985,5.511843318228585,5.329474716533391
-0.005184605169052503,5.344275405138515,5.519940418560073,5.50674540910017,5.324279623115372
-0.005076346480467286,5.339199058658048,5.514886885730295,5.501691356383497,5.319200573193696
-0.004970549711028838,5.334228508947019,5.5099069901380195,5.496711328450235,5.314231161811298
-0.004867173103836109,5.329361335843183,5.505014692783161,5.49181911792352,5.309367009324493
-0.004766142393481054,5.324595193449702,5.5002158190777255,5.487020458531634,5.30460479308794
-0.0046673756844262115,5.319927817765276,5.495512199508414,5.482317129205635,5.299941760171485
-0.004570793651227589,5.315357024114048,5.4909037133716545,5.477708979171217,5.295375479801788
-0.004476323035765617,5.310880701078283,5.486389297484242,5.473194927017255,5.290903715838903
-0.004383897236163392,5.306496803842119,5.481967443959541,5.468773453387855,5.2865243597718665
-0.004293455755801645,5.3022033480863175,5.477636445725364,5.46444284375077,5.2822353945293425
-0.004204943307635212,5.297998404778682,5.4733945174706005,5.460201307809961,5.278034874200695
-0.004118308909392354,5.29388009586929,5.469239855057838,5.456047038030253,5.273920912130276
-0.004033505092941425,5.289846590776349,5.465170664528785,5.451978238108168,5.2698916735312435
-0.003950487257686319,5.285896103518662,5.461185176076632,5.447993136609267,5.265945370618135
-0.003869213159682694,5.2820268903589795,5.45728165058251,5.444089993286846,5.26208025919772
-0.003789642515564573,5.278237247843415,5.453458382472096,5.440267101792314,5.258294636140831
-0.003711736698523538,5.274525511144891,5.449713700751304,5.436522790610231,5.254586837410286
-0.003635458505637068,5.270890052639254,5.446045969142195,5.432855423123504,5.250955236455302
-0.0035607719798793624,5.267329280659375,5.442453585776348,5.429263397256318,5.247398242856885
-0.003487642273376501,5.2638416383859985,5.438934982673229,5.425745144916213,5.2439143011511105
-0.003416035541579987,5.2604256028444185,5.435488625117331,5.422299131344878,5.240501889782276
-0.003345918860648389,5.25707968398377,5.432113010991019,5.4189238544317755,5.237159520153364
-0.0032772601621529063,5.253802423821617,5.428806670091927,5.415617844017521,5.233885735751036
-0.0032100281806135555,5.250592395641004,5.425568163449468,5.412379661200094,5.230679111329213
-0.003144192410833746,5.24744820323017,5.422396082648016,5.409207897650441,5.227538252139409
-0.0030797230723313973,5.2443684801578385,5.419289049160401,5.406101174940494,5.2244617931994854
-0.003016591079363806,5.241351889078475,5.41624571369387,5.403058143885021,5.221448398594374
-0.0029547680149626387,5.238397121063512,5.413264755549251,5.400077483897859,5.218496760804194
-0.002894226108224096,5.235502894955288,5.41034488199383,5.3971579023625695,5.215605600056112
-0.0028349382138666,5.232667956741421,5.407484827648013,5.394298134017553,5.212773663697364
-0.0027768777937726696,5.229891078947649,5.404683353885706,5.39149694035527,5.209999725587297
-0.0027200188999820796,5.227171060047667,5.401939248248333,5.388753109035374,5.207282585506779
-0.0026643361588218895,5.224506723888845,5.399251323872084,5.386065453311463,5.204621068583777
-0.0026098047559486304,5.221896919132896,5.396618418928416,5.3834328114710575,5.202014024734093
-0.0025564004222973225,5.219340518710599,5.394039396077288,5.380854046288567,5.199460328116285
-0.0025040994205092204,5.21683641929009,5.391513141933031,5.378328044490971,5.196958876600276
-0.00245287853213938,5.21438354075795,5.38903856654244,5.375853716235769,5.194508591248808
-0.0024027150450462997,5.211980825712904,5.3866146028748885,5.373429994600991,5.192108415811583
-0.0023535867415711564,5.209627238971333,5.384240206324168,5.371055835086995,5.189757316231229
-0.002305471886795196,5.2073217670845375,5.381914354221696,5.368730215129643,5.187454280161045
-0.002258349217300726,5.205063417867237,5.37963604536093,5.366452133624749,5.185198316493995
-0.002212197930411719,5.202851219936825,5.37740429953263,5.364220610463282,5.182988454902451
-0.0021669976732221485,5.200684222263603,5.375218157070719,5.362034686077311,5.180823745388943
-0.0021227285326661516,5.198561493730937,5.373076678408561,5.359893420996268,5.178703257846785
-0.0020793710251325592,5.196482122705804,5.370978943645237,5.3577958954132905,5.176626081631136
-0.002036906086883228,5.194445216618921,5.36892405212176,5.355741208761429,5.17459132513959
-0.001995315064430514,5.1924499015544905,5.36691112200686,5.353728479299484,5.172598115402408
-0.0019545797051883085,5.190495321849302,5.364939289892096,5.351756843707202,5.170645597682081
-0.0019146821485360732,5.188580639700766,5.363007710396248,5.349825456689629,5.168732935081812
-0.0018756049167958366,5.18670503478397,5.361115555778476,5.347933490590358,5.166859308163036
-0.0018373309068291377,5.184867703877141,5.359262015560258,5.346080135013504,5.1650239145712975
-0.0017998433814199188,5.183067860495721,5.3574462961558655,5.344264596454197,5.163225968670764
-0.0017631259611592398,5.181304734534562,5.355667620510997,5.342486097937277,5.1614647011868415
-0.0017271626165067389,5.179577571918055,5.353925227749673,5.340743878664203,5.159739358856696
-0.0016919376598183433,5.177885634258237,5.3522183728288555,5.339037193667734,5.158049204087771
-0.001657435737841162,5.176228198520396,5.350546326200867,5.337365313474361,5.156393514623778
-0.001623641824272326,5.174604556696123,5.348908373483326,5.335727523774308,5.154771583218114
-0.0015905412123888851,5.1730140154837345,5.347303815136386,5.334123125098752,5.153182717314677
-0.001558119508075606,5.171455895975659,5.345731966147137,5.332551432504349,5.151626238735596
-0.0015263626228811944,5.169929533352778,5.344192155721069,5.331011775264628,5.150101483375925
-0.001495256767122477,5.168434276585655,5.342683726980259,5.329503496568274,5.148607800905233
-0.0014647884435294856,5.166969488142126,5.341206036668315,5.328025953224109,5.1471445544755055
-0.0014349444406462908,5.1655345437014795,5.339758454861749,5.326578515372442,5.145711120435671
-0.0014057118264556578,5.164128831875024,5.338340364687778,5.325160566202968,5.144306888052487
-0.0013770779424850943,5.162751753932539,5.336951162048323,5.32377150167873,5.142931259237296
-0.0013490303976242402,5.1614027235349145,5.33559025534998,5.32241073026618,5.141583648278974
-0.0013215570622548967,5.16008116647266,5.334257065240028,5.3210776726711675,5.140263481582742
-0.0012946460626475087,5.158786520410012,5.33295102434814,5.319771761580731,5.13897019741456
-0.0012682857753238963,5.157518234634688,5.331671577033804,5.318492441410469,5.137703245651164
-0.0012424648215256795,5.1562757698131625,5.330418179139146,5.317239168057467,5.1364620875356275
-0.0012171720619500448,5.1550585977512124,5.32919029774728,5.316011408658626,5.135246195438173
-0.001192396591581435,5.153866201159631,5.327987410945857,5.314808641354258,5.134055052622149
-0.001168127734479718,5.152698073425151,5.326809007595714,5.313630355056746,5.132888153015213
-0.0011443550388872126,5.151553718386264,5.325654587104587,5.312476049224309,5.131745000985419
-0.001121068272418313,5.150432650113846,5.324523659205791,5.311345233639637,5.130625111122064
-0.001098257417152304,5.1493343926966935,5.323415743741578,5.310237428193377,5.129528008021479
-0.0010759126651951334,5.148258480031498,5.322330370451248,5.309152162672178,5.128453226077249
-0.0010540244139702892,5.147204455617528,5.321267078763848,5.3080889765514465,5.127400309275106
-0.001032583261870279,5.146171872355658,5.3202254175953145,5.3070474187924885,5.126368810992202
-0.0010115800039622869,5.1451602923516955,5.319204945150003,5.306027047644128,5.125358293800638
-0.000991005627685837,5.14416928672401,5.318205228726471,5.305027430448426,5.124368329275325
-0.0009708513086952308,5.143198435415314,5.317225844527486,5.304048143450732,5.123398497805967
-0.0009511084069444564,5.14224732700837,5.316266377474073,5.3030887716137975,5.122448388412975
-0.0009317684626459766,5.141315558545724,5.31532642102356,5.302148908435777,5.121517598567394
-0.0009128231923662966,5.140402735353358,5.314405576991532,5.301228155772254,5.120605734014764
-0.0008942644853222603,5.139508470868035,5.3135034553775835,5.300326123661949,5.119712408602655
-0.0008760843996933332,5.138632386468342,5.312619674194833,5.299442430156338,5.118837244111889
-0.000858275158986288,5.137774111309356,5.311753859303035,5.298576701152702,5.117979870091397
-0.0008408291484878205,5.136933282160868,5.310905644245292,5.297728570230901,5.1171399236966195
-0.0008237389118992411,5.136109543248969,5.310074670088226,5.296897678493548,5.11631704953126
-0.0008069971478157356,5.135302546101153,5.309260585265545,5.296083674409574,5.115510899492585
-0.0007905967065511277,5.134511949394602,5.3084630454249915,5.295286213661244,5.114721132619844
-0.00077453058689958,5.133737418807702,5.307681713278514,5.294504958994295,5.113947414945972
-0.000758791932957692,5.132978626874745,5.3069162584555905,5.293739580071295,5.113189419352436
-0.0007433740310682779,5.132235252843676,5.306166357359694,5.2929897533281025,5.112446825427157
-0.0007282703066842089,5.131506982536992,5.3054316930278365,5.292255161833464,5.111719319325539
-0.0007134743216239414,5.130793508215368,5.304711954993022,5.291535495151475,5.111006593634272
-0.0006989797710454937,5.130094528444323,5.304006839149667,5.290830449206945,5.110308347238118
-0.0006847804806380253,5.129409747963685,5.303316047621843,5.290139726153771,5.109624285189538
-0.0006708704039333213,5.128738877559751,5.30263928863432,5.289463034245873,5.108954118580981
-0.0006572436195195763,5.128081633940232,5.301976276386269,5.288800087711017,5.108297564419973
-0.0006438943284887699,5.127437739611743,5.301326730927762,5.288150606627247,5.107654345506733
-0.0006308168517721313,5.126806922759971,5.300690378038717,5.287514316801884,5.1070241903144815
-0.0006180056276710033,5.1261889171323,5.300066949110515,5.286890949653146,5.1064068328721905
-0.000605455209336192,5.125583461922964,5.299456181030071,5.286280242094248,5.105802012649859
-0.0005931602624436039,5.12499030166052,5.2988578160663575,5.285681936419878,5.1052094744461085
-0.0005811155627499787,5.12440918609777,5.298271601759246,5.28509578019512,5.104628968278229
-0.0005693159938147119,5.123839870103955,5.29769729081074,5.284521526146672,5.104060249274483
-0.0005577565447083543,5.123282113559247,5.297134640978521,5.283958932056385,5.103503077568722
-0.0005464323077681854,5.122735681251479,5.296583414971699,5.283407760657053,5.102957218197224
-0.0005353384766006997,5.122200342774878,5.296043380348676,5.282867779530266,5.102422440997538
-0.0005244703437359277,5.121675872431142,5.2955143094173,5.282338761006583,5.1018985205096605
-0.0005138232987285107,5.121162049132414,5.294995979136947,5.281820482067628,5.101385235879127
-0.0005033928260251841,5.1206586563063885,5.2944881710228175,5.281312724250382,5.100882370762216
-0.0004931745030303247,5.120165481803358,5.293990671052045,5.28081527355332,5.100389713233089
-0.0004831639981714986,5.119682317805187,5.293503269571961,5.280327920344657,5.09990705569288
-0.00047335706896500795,5.119208960736222,5.2930257612101155,5.279850459272434,5.099434194780678
-0.00046374956016403956,5.118745211176058,5.292557944786292,5.279382689176458,5.098970931286416
-0.0004543374019814195,5.118290873774076,5.2920996232262825,5.278924413002173,5.098517070065472
-0.000445116608217333,5.117845757165859,5.291650603477465,5.278475437716171,5.0980724199552
-0.00043608327460109564,5.117409673891258,5.2912106964262415,5.278035574223692,5.097636793693073
-0.0004272335770609814,5.116982440314197,5.290779716817036,5.277604637287627,5.097210007836569
-0.000418563770086422,5.11656387654411,5.290357483173118,5.277182445449288,5.096791882684706
-0.00041007018501559855,5.116153806359095,5.289943817718955,5.276768820950853,5.096382242201264
-0.0004017492284766888,5.115752057130618,5.289538546304302,5.276363589659412,5.0959809139395835
-0.00039359738087973994,5.115358459749738,5.289141498329757,5.275966580992532,5.095587728968863
-0.0003856111948090657,5.114972848554929,5.288752506673912,5.275577627845448,5.095202521802057
-0.00037778729351334306,5.114595061261416,5.288371407622068,5.2751965665197345,5.0948251303252965
-0.0003701223695458111,5.11422493889187,5.287998040796322,5.274823236653455,5.094455395728643
-0.0003626131831913071,5.113862325708679,5.287632249087183,5.274457481152747,5.094093162438452
-0.0003552565611713021,5.1135070691475075,5.287273878586578,5.274099146124835,5.0937382780509886
-0.00034804939523613854,5.113159019752271,5.28692277852227,5.2737480808124735,5.093390593267476
-0.00034098864072618085,5.112818031111545,5.286578801193568,5.273404137529662,5.093049961830578
-0.0003340713154580399,5.112483959796087,5.28624180190847,5.273067171598794,5.092716240461977
-0.000327294498211117,5.112156665297876,5.285911638922017,5.272737041288983,5.0923892888014874
-0.000320655327613828,5.111836009970262,5.285588173375961,5.272413607755789,5.092068969347269
-0.00031415100085219194,5.11152185896941,5.285271269239674,5.272096734982107,5.091755147397332
-0.00030777877242549323,5.1112140801969845,5.284960793252341,5.271786289720356,5.0914476909922755
-0.0003015359530929018,5.110912544243892,5.284656614866182,5.271482141435732,5.091146470859102
-0.00029541990851900124,5.110617124335373,5.284358606191028,5.271184162250778,5.090851360356365
