diff_array_big,av_array_big,av_pr_array,av_cs_array,av_hs_array
0.005011083378958503,5.0050110833789585,5.143252114633074,5.130396851742609,4.989495893262656
0.008769902555453513,5.0087699025554535,5.173123948621272,5.16004126950017,4.9901274665672615
0.012269658436650843,5.012269658436651,5.183039935850121,5.169898836142755,4.992859053543721
0.015615533610895405,5.015615533610895,5.1879904904714085,5.174833233766948,4.996012950123643
0.018831253545539717,5.01883125354554,5.191628498978079,5.178466156399287,4.9991782232995465
0.02192322330329688,5.021923223303297,5.194849044591497,5.181684738049804,5.002254870428531
0.024894988593411327,5.024894988593411,5.197874468577562,5.184709193520181,5.005220254404017
0.02775007793617057,5.027750077936171,5.200762817742607,5.187596948332174,5.0080713878175755
0.03049232386235623,5.030492323862356,5.203531869545738,5.190365572275614,5.010810440879995
0.03312574110361499,5.033125741103615,5.206189406851302,5.19302276681519,5.01344098139618
0.03565439021689354,5.0356543902168935,5.208740621532994,5.195573687073949,5.0159669368403135
0.03808228845562045,5.0380822884556204,5.211189934028638,5.198022735185632,5.018392277501999
0.04041335974032734,5.040413359740327,5.2135414470317984,5.200374004162623,5.02072090661762
0.04265140910182996,5.04265140910183,5.215799063666439,5.202631391803158,5.022956617869782
0.044800111151114486,5.0448001111511145,5.21796652241094,5.20479863355435,5.025103078441813
0.04686300628425677,5.046863006284257,5.220047410859769,5.206879315215003,5.027163823201026
0.048843501052722615,5.048843501052723,5.222045173782538,5.208876880433136,5.029142254192379
0.05074487072118483,5.050744870721185,5.223963119426979,5.210794636706639,5.031041642771856
0.052570262931375566,5.052570262931376,5.225804425128344,5.2126357608285545,5.032865133050471
0.05432270188286381,5.054322701882864,5.227572142540405,5.214403304028739,5.034615745956434
0.05600509271332488,5.056005092713325,5.229269202597861,5.216100196887429,5.036296383549603
0.057620225907630385,5.05762022590763,5.230898420257752,5.217729254049855,5.037909833392919
0.05917078164576495,5.059170781645765,5.232462499043822,5.2192931787558265,5.039458772877963
0.060659334043575264,5.060659334043575,5.233964035409632,5.220794567194601,5.040945773451687
0.06208835526356182,5.062088355263562,5.235405522930873,5.222235912692579,5.042373304717796
0.06346021948588376,5.063460219485884,5.2367893563352315,5.22361960974045,5.043743738400898
0.06477720673744258,5.064777206737443,5.238117835377107,5.224947957866271,5.045059352170237
0.06604150657901631,5.066041506579016,5.23939316856335,5.226223165360183,5.0463223333222595
0.06725522165393993,5.06725522165394,5.240617476735446,5.2274473528558785,5.047534782325327
0.0684203711021949,5.068420371102195,5.241792796514437,5.228622556774984,5.048698716230135
0.06953889384345224,5.069538893843452,5.242921083612649,5.229750732638378,5.049816071949332
0.07061265173422715,5.070612651734227,5.24400421601801,5.230833758250131,5.0508887094114385
0.07164343260330597,5.071643432603306,5.245043997055294,5.231873436758448,5.051918414593185
0.07263295317000384,5.072632953170004,5.246042158328991,5.232871499598216,5.052906902434837
0.07358286184927287,5.073582861849273,5.2470003625523125,5.2338296093197245,5.0538558196424415
0.07449474144790358,5.074494741447904,5.247920206266141,5.234749362307406,5.054766747381306
0.07537011175625796,5.075370111756258,5.248803222452709,5.235632291393196,5.055641203865124
0.07621043203919875,5.076210432039199,5.249650883047432,5.236479868368147,5.056480646844393
0.07701710342974355,5.0770171034297435,5.2504646013530625,5.237293506396392,5.057286475997619
0.07779147122951979,5.07779147122952,5.2512457343596415,5.238074562334802,5.058060035229445
0.07853482711927118,5.078534827119271,5.251995584973764,5.238824338962094,5.058802614878923
0.07924841128327653,5.0792484112832765,5.252715404160949,5.239544087120945,5.0595154538417715
0.07993341445021596,5.079933414450216,5.253406393004054,5.240235007776262,5.060199741609154
0.08059097985447394,5.080590979854474,5.254069704681157,5.240898253992849,5.060856620227
0.08122220512024647,5.0812222051202465,5.254706446365841,5.241534932835499,5.061487186178175
0.08182814407190264,5.081828144071903,5.255317681052956,5.242146107194596,5.062092492191004
0.08240980847303714,5.082409808473037,5.255904429312662,5.242732797539956,5.062673548976538
0.08296816969735055,5.0829681696973505,5.2564676709754234,5.243295983605721,5.063231326897735
0.08350416033365082,5.083504160333651,5.2570083467509185,5.243836606009048,5.063766757572807
0.08401867572772037,5.08401867572772,5.257527359783045,5.244355567805004,5.06428073541552
0.08451257546345925,5.084512575463459,5.258025577143766,5.244853735980235,5.064774119114809
0.08498668478551608,5.084986684785516,5.258503831268001,5.245331942887764,5.065247733055952
0.08544179596576029,5.08544179596576,5.258962921331884,5.245790987625058,5.065702368685631
0.0858786696159397,5.08587866961594,5.259403614576596,5.246231637357774,5.066138785823255
0.0862980359483414,5.086298035948341,5.2598266475799775,5.246654628591255,5.066557713920306
0.08670059598653346,5.0867005959865335,5.2602327274776846,5.247060668391506,5.066959853269848
0.08708702272851099,5.087087022728511,5.26062253313627,5.247450435558244,5.067345876168471
0.08745796226342151,5.0874579622634215,5.2609967162796885,5.247824581751218,5.0677164280318605
0.08781403484436456,5.087814034844365,5.261355902571194,5.248183732572058,5.0680721284665005
0.08815583591850906,5.088155835918509,5.261700692652527,5.2485284886033226,5.068413572298713
0.08848393711649472,5.088483937116495,5.262031663141671,5.248859426406184,5.068741330563057
0.08879888720248275,5.088798887202483,5.262349367591207,5.2491770994786675,5.06905595145139
