3.3192662448207417,3.319284093215492,3.3193019416103198,3.3192840932154937,3.3192662448207426
3.3192483964259916,3.319301941793226,3.319319790370813,3.3193019417932264,3.3192483964259916
3.319301940148529,3.3193554871606117,3.319373336286491,3.319355487160613,3.319301940148529
3.3193911806606544,3.3194447304142036,3.31946258045392,3.319444730414203,3.3193911806606544
3.319516119789898,3.3195696733816478,3.3195875247007716,3.3195696733816473,3.319516119789898
3.3196767600949073,3.3197303186217137,3.319748171585874,3.3197303186217133,3.3196767600949073
3.3198731048655334,3.3199266694244294,3.3199445243993098,3.319926669424429,3.3198731048655334
3.3201051581229186,3.320158729811158,3.320176587162516,3.320158729811158,3.3201051581229186
3.3203729246196727,3.3204265045347645,3.3204443646284374,3.3204265045347645,3.3203729246196727
3.3206764098400425,3.3207299990797936,3.320747862281725,3.3207299990797936,3.3206764098400425
3.321015620000092,3.321069219662638,3.3210870863388795,3.321069219662639,3.321015620000092
3.321390562047941,3.3214441732317947,3.3214620437485167,3.3214441732317965,3.321390562047941
3.321801243664001,3.321854867468087,3.3218727421916077,3.321854867468088,3.321801243664001
3.322247673261257,3.3223013107849613,3.322319190081734,3.32230131078496,3.322247673261257
3.3227298599855684,3.322783512328758,3.3228013965654193,3.3227835123287597,3.3227298599855684
3.323247813716006,3.323301481979079,3.3233193715224396,3.3233014819790814,3.323247813716006
3.323801545065194,3.323855230349129,3.3238731255661746,3.323855230349131,3.323801545065194
3.324391065379687,3.324444768786067,3.3244626700440008,3.324444768786069,3.324391065379687
3.325016386740396,3.3250701093714596,3.3250880170376993,3.325070109371462,3.325016386740396
3.3256775219630117,3.325731264921687,3.325749179363872,3.3257312649216875,3.3256775219630117
3.326374484598469,3.3264282489884005,3.32644617057443,3.3264282489884014,3.326374484598469
3.3271072889334077,3.3271610758590247,3.327179004957038,3.3271610758590264,3.3271072889334077
3.327875949990728,3.3279297605572618,3.3279476975356808,3.327929760557264,3.327875949990728
3.3286804835300954,3.328734318843629,3.328752264071142,3.32873431884363,3.3286804835300954
3.3295209060485216,3.3295747672160294,3.32959272106163,3.329574767216029,3.3295209060485216
3.33039723478096,3.3304511229103317,3.330469085743333,3.3304511229103335,3.33039723478096
3.33130948770091,3.331363403901011,3.3313813760910342,3.331363403901013,3.33130948770091
3.3322576835210653,3.3323116289017785,3.3323296108187836,3.3323116289017802,3.3322576835210653
3.333241841694017,3.333295817366248,3.3333138093805537,3.333295817366251,3.333241841694017
3.334261982412889,3.3343159894886565,3.334333991970933,3.3343159894886596,3.334261982412889
3.335318126612122,3.335372166204561,3.335390179525855,3.335372166204563,3.335318126612122
3.3364102959682063,3.3364643691916194,3.3364823937233754,3.3364643691916216,3.3364102959682063
3.337538512900443,3.337592620870344,3.3376106569843964,3.337592620870346,3.337538512900443
3.338702800571776,3.338756944404919,3.3387749924735304,3.3387569444049214,3.338702800571776
3.3399031828895933,3.3399573637040305,3.339975424099886,3.339957363704033,3.3399031828895933
3.3411396845066235,3.341193903421724,3.3412119765179615,3.3411939034217273,3.3411396845066235
3.342412330821787,3.3424665889583034,3.342484675128497,3.3424665889583056,3.342412330821787
3.34372114798113,3.343775446461213,3.3437935460794224,3.343775446461215,3.34372114798113
3.3450661628787457,3.3451205028259974,3.3451386162667625,3.345120502826,3.3450661628787457
3.346447403157767,3.3465017856972783,3.346519913335634,3.346501785697281,3.346447403157767
3.347864897211327,3.3479193234697218,3.3479374656812158,3.347919323469725,3.347864897211327
3.349318674183603,3.349373145289079,3.349391302449777,3.349373145289081,3.349318674183603
3.350808763970862,3.3508632810532224,3.3508814535397318,3.3508632810532255,3.350808763970862
3.3523351972225224,3.352389761413228,3.35240794960271,3.352389761413231,3.3523351972225224
3.3538980053422693,3.3539526177744694,3.353970822044639,3.353952617774472,3.3538980053422693
3.3554972204891635,3.355551882297745,3.3555701030269063,3.3555518822977475,3.3554972204891635
3.3571328755788294,3.3571875879004542,3.3572058254674992,3.3571875879004565,3.3571328755788294
3.3588050042846045,3.3588597682577532,3.358878023042178,3.3588597682577563,3.3588050042846045
3.3605136410387795,3.360568457803782,3.360586730185707,3.3605684578037853,3.3605136410387795
3.362258821033806,3.3623136917329015,3.3623319820930675,3.3623136917329033,3.362258821033806
3.3640405802235995,3.364095506000962,3.364113814720769,3.3640955060009645,3.3640405802235995
3.365858955324794,3.3659139373265736,3.3659322647880825,3.365913937326576,3.365858955324794
3.3677139838180934,3.3677690231924724,3.367787369778408,3.367769023192474,3.3677139838180934
3.3696057039496026,3.3696608018468206,3.3696791679406055,3.3696608018468237,3.3696057039496026
3.3715341547322053,3.3715893123046117,3.3716076982903624,3.3715893123046143,3.3715341547322053
3.373499375946976,3.373554594349069,3.373573000611623,3.3735545943490712,3.373499375946976
3.375501408144607,3.375556688533064,3.3755751154579925,3.375556688533067,3.375501408144607
3.3775402926468576,3.377595636180604,3.377614084154212,3.3775956361806063,3.3775402926468576
3.3796160715480603,3.379671479388284,3.379689948797643,3.379671479388287,3.3796160715480603
3.3817287877166393,3.3817842610268416,3.381802752259789,3.3817842610268443,3.3817287877166393
3.3838784847966155,3.3839340247426657,3.3839525381878266,3.383934024742668,3.3838784847966155
3.3860652072092243,3.3861208149593827,3.386139351006186,3.3861208149593853,3.3860652072092243
3.3882890001544914,3.388344676879464,3.3883632359181473,3.388344676879467,3.3882890001544914
3.390549909612863,3.3906056564858424,3.3906242389074777,3.390605656485845,3.390549909612863
3.3928479823468725,3.3929038005435763,3.3929224067400683,3.3929038005435777,3.3928479823468725
3.3951832659028103,3.395239156601527,3.3952577869656464,3.395239156601529,3.3951832659028103
3.3975558086124513,3.3976117729940807,3.397630427919471,3.397611772994083,3.3975558086124513
3.39996565959478,3.400021698842883,3.400040378724062,3.400021698842886,3.39996565959478
3.4024128687577853,3.4024689840586197,3.4024876892910147,3.402468984058622,3.4024128687577853
3.4048974868002406,3.4049536793428063,3.404972410322755,3.404953679342808,3.4048974868002406
3.4074195652135364,3.407475836189618,3.407494593314386,3.4074758361896214,3.4074195652135364
3.4099791562835424,3.4100355068877524,3.410054290555551,3.41003550688776,3.4099791562835424
3.4125763130924813,3.4126327445223046,3.4126515551323062,3.4126327445223246,3.4125763130924813
3.4152110895208634,3.415267602976689,3.41528644092905,3.4152676029767535,3.4152110895208634
3.417883540249418,3.417940136934544,3.4179590026304525,3.417940136934779,3.417883540249418
3.4205937207610577,3.420650401881622,3.420669295723441,3.4206504018824937,3.4205937207610573
3.4233416873429023,3.4233984541074514,3.423417376499193,3.423398454110703,3.4233416873429023
3.426127497088302,3.426184350706094,3.4262033020551823,3.426184350718219,3.4261274970883018
3.428951207898887,3.429008149573451,3.429027130297227,3.429008149618693,3.4289512078988853
3.4318128784866757,3.431869909391606,3.4318889199415774,3.4318699095604477,3.4318128784866686
3.434712568376163,3.434769689564729,3.434788730517032,3.4347696901948592,3.4347125683761366
3.437650337906384,3.4377075499741174,3.4377266223669642,3.437707552325821,3.4376503379062857
3.440626248232506,3.440683550058398,3.440702656650891,3.4406835588351803,3.4406262482321406
3.4436403613245203,3.44369774537609,3.443716895343018,3.443697778131875,3.4436403613231557
3.446692739948764,3.446750174778423,3.4467694012132233,3.4467502970261505,3.446692739943668
3.4497834475481524,3.4498408125756233,3.449860237705299,3.4498412688158413,3.449783447529125
3.4529125475291917,3.4529693902706198,3.452989468216514,3.452971093002793,3.4529125474581503
3.456080099079426,3.456134732761165,3.4561571518873406,3.456141087520677,3.4560800988141787
3.459286132720161,3.4593322898072776,3.4593633190510027,3.459356006378398,3.4592861317298014
3.462530507587013,3.462544974696784,3.462607828130998,3.4626334872121154,3.462530503889271
3.4658120787705107,3.4657092732618544,3.4658895315640916,3.466039610449798,3.4658120649640485
3.4641398003515045,3.468590508016038,3.469201414413722,3.4698233580589415,3.4641840428023882
