3.188546553164678,3.188563076261553,3.1885795993585093,3.1885630762615547,3.188546553164679
3.188530030067804,3.188579599524605,3.1885961227875113,3.188579599524605,3.188530030067804
3.188579598031179,3.1886291689815547,3.188645692742328,3.188629168981556,3.188579598031179
3.1886622121883943,3.1887117856281244,3.188728310218688,3.1887117856281235,3.1886622121883943
3.1887778741989155,3.1888274511238572,3.1888439768761736,3.188827451123857,3.1887778741989155
3.1889265863860916,3.1889761677922253,3.1889926950382868,3.1889761677922257,3.1889265863860916
3.1891083517372025,3.189157938620667,3.1891744676925287,3.1891579386206668,3.1891083517372025
3.1893231739035888,3.1893727672607177,3.189389298490493,3.189372767260718,3.1893231739035888
3.189571057200775,3.189620658028124,3.189637191748004,3.189620658028124,3.189571057200775
3.1898520066086142,3.189901615903015,3.1899181524452755,3.1899016159030147,3.1898520066086142
3.1901660277714803,3.190215646530047,3.1902321862270653,3.190215646530047,3.1901660277714803
3.190513126998442,3.1905627562186294,3.1905792994028976,3.1905627562186307,3.190513126998442
3.190893311263506,3.1909429519431365,3.190959498947266,3.190942951943138,3.190893311263506
3.1913065882058573,3.19135624134316,3.1913727924998896,3.191356241343158,3.1913065882058573
3.1917529661301214,3.191802632723751,3.191819188365981,3.191802632723753,3.1917529661301214
3.1922324540066525,3.1922821350557546,3.192298695516534,3.192282135055756,3.1922324540066525
3.1927450614718698,3.1927947579760945,3.1928113235886375,3.1927947579760962,3.1927450614718698
3.19329079882859,3.19334051178812,3.1933570828858304,3.1933405117881226,3.19329079882859
3.1938696770463624,3.1939194074619697,3.193935984378441,3.1939194074619723,3.1938696770463624
3.1944817077618906,3.194531456634963,3.194548039703993,3.1945314566349645,3.1944817077618906
3.1951269032794385,3.1951766716120042,3.195193261167606,3.1951766716120056,3.1951269032794385
3.1958052765712273,3.1958550653660094,3.195871661742434,3.19585506536601,3.1958052765712273
3.196516841277947,3.196566651538384,3.1965832550701085,3.1965666515383857,3.196516841277947
3.197261611709184,3.1973114444394746,3.1973280554612376,3.1973114444394755,3.197261611709184
3.198039602843969,3.198089459049092,3.198106077895896,3.198089459049092,3.198039602843969
3.1988508303312657,3.1989007110170395,3.198917338024155,3.1989007110170418,3.1988508303312657
3.199695310490553,3.1997452166636537,3.19976185216664,3.1997452166636555,3.199695310490553
3.200573060312389,3.2006229929803887,3.200639637315114,3.2006229929803913,3.200573060312389
3.201484097458995,3.201534057630395,3.201550711133031,3.201534057630397,3.201484097458995
3.202428440264899,3.2024784289491772,3.2024950919562203,3.20247842894918,3.202428440264899
3.203406107737572,3.203456125945209,3.203472798793481,3.203456125945212,3.203406107737572
3.2044171195580966,3.2044671683006056,3.204483851327291,3.204467168300608,3.2044171195580966
3.205461496081862,3.205511576371843,3.2055282699144723,3.205511576371846,3.205461496081862
3.2065392583392764,3.2065893711904345,3.206606075586917,3.2065893711904367,3.2065392583392764
3.2076504280365166,3.2077005744637055,3.2077172900523316,3.2077005744637077,3.2076504280365166
3.2087950275562926,3.2088452085755432,3.208861935694994,3.2088452085755454,3.2087950275562926
3.2099730799586212,3.2100232965871913,3.210040035576554,3.210023296587194,3.2099730799586212
3.2111846089816534,3.211234862238056,3.211251613436833,3.211234862238059,3.2111846089816534
3.2124296390425147,3.212479929946546,3.212496693694686,3.2124799299465483,3.2124296390425147
3.213708195238148,3.213758524810937,3.213775301448815,3.213758524810939,3.213708195238148
3.21502030334621,3.215070672610247,3.215087462478694,3.2150706726102496,3.21502030334621
3.2163659898259755,3.216416399805149,3.2164332032454706,3.216416399805152,3.2163659898259755
3.2177452818192793,3.217795733538913,3.2178125508928868,3.217795733538916,3.2177452818192793
3.219158207151453,3.2192087016383497,3.2192255332482427,3.2192087016383524,3.219158207151453
3.2206047943323375,3.220655332614796,3.220672178823384,3.2206553326147978,3.2206047943323375
3.2220850725572507,3.2221356556651224,3.2221525168156875,3.222135655665125,3.2220850725572507
3.223599071708049,3.2236497006727607,3.2236665771091233,3.2236497006727634,3.223599071708049
3.2251468223541644,3.225197498208766,3.225214390275272,3.2251974982087686,3.2251468223541644
3.2267283557536786,3.2267790795328746,3.226795987574432,3.2267790795328763,3.2267283557536786
3.228343703854454,3.2283944765946275,3.228411400956705,3.22839447659463,3.228343703854454
3.2299928992952096,3.2300437220344884,3.230060663063129,3.2300437220344915,3.2299928992952096
3.231675975406731,3.231726849184994,3.2317438072268287,3.2317268491849966,3.231675975406731
3.233392966213001,3.2334438920719344,3.233460867474197,3.233443892071937,3.233392966213001
3.235143906432424,3.235194885415552,3.2352118785260866,3.2351948854155546,3.235143906432424
3.23692883147905,3.2369798646317656,3.2369968757990435,3.2369798646317682,3.23692883147905
3.238747777463811,3.238798865833429,3.2388158954065567,3.2387988658334317,3.238747777463811
3.2406007811958113,3.2406519258315876,3.2406689741603256,3.2406519258315907,3.2406007811958113
3.2424878801836106,3.242539082136795,3.24255614957156,3.2425390821367976,3.2424878801836106
3.244409112636572,3.244460372960434,3.244477459852322,3.2444603729604364,3.244409112636572
3.246364517466189,3.246415837216056,3.2464329439168447,3.2464158372160585,3.246364517466189
3.248354134287462,3.248405514520771,3.248422641382944,3.2484055145207735,3.248354134287462
3.2503780034203156,3.2504294451966342,3.2504465925733848,3.2504294451966365,3.2503780034203156
3.252436165891002,3.2524876702720733,3.252504838517319,3.2524876702720764,3.252436165891002
3.254528663433568,3.254580231483346,3.254597420951742,3.2545802314833487,3.254528663433568
3.2566555384913225,3.256707171276008,3.2567243823229655,3.2567071712760116,3.2566555384913225
3.2588168342183157,3.258868532806412,3.2588857657880936,3.258868532806414,3.2588168342183157
3.261012594480916,3.261064359943233,3.261081615216588,3.2610643599432345,3.261012594480916
3.2632428638593005,3.2632946972690275,3.263311975191782,3.2632946972690298,3.2632428638593005
3.2655076876490763,3.265559590081797,3.265576891012488,3.2655595900817973,3.2655076876490763
3.2678071118628575,3.267859084396603,3.267876408694579,3.267859084396605,3.2678071118628575
3.2701411832319076,3.2701932269471863,3.270210574972618,3.2701932269471894,3.2701411832319076
3.272509949207787,3.2725620651876213,3.2725794373015273,3.2725620651876284,3.272509949207787
3.274913457964021,3.274965647293994,3.27498304385824,3.2749656472940107,3.274913457964021
3.277351758397823,3.277404022166098,3.2774214435434335,3.277404022166158,3.277351758397823
3.2798249001318136,3.2798772394291484,3.279894685983239,3.2798772394293616,3.2798249001318136
3.2823329335157823,3.2823853494354527,3.2824028215310084,3.2823853494362463,3.2823329335157823
3.284875909628461,3.28492840326588,3.284945901269099,3.2849284032688364,3.284875909628461
3.2874538802793487,3.28750645273051,3.287523977010671,3.287506452741541,3.2874538802793483
3.290066898010526,3.2901195503661484,3.2901371013015366,3.2901195504073137,3.290066898010524
3.2927150160985432,3.292767749422028,3.2927853274220125,3.292767749575667,3.292715016098537
3.295398288556296,3.2954511038014145,3.29546870938882,3.295451104374804,3.2953982885562723
3.298116770135007,3.298169667838518,3.2981873019570482,3.2981696699784617,3.2981167701349197
3.300870516326509,3.3009234954606073,3.300941160622396,3.3009235034470796,3.300870516326183
3.3036595833670326,3.303712637055016,3.3037303416248456,3.3037126668612826,3.303659583365815
3.3064840282497268,3.306537127767579,3.3065549019606966,3.306537239007397,3.30648402824518
3.309343908786846,3.309396943804887,3.309414899442957,3.309397358962432,3.3093439087698693
3.312239283958887,3.3122918392221687,3.3123103930438194,3.312293388629509,3.312239283895503
3.315170215925564,3.3152207360810957,3.3152414448806367,3.3152265186162917,3.315170215688908
3.318136781684643,3.318179444296014,3.31820813178134,3.3182010252661183,3.318136780801044
3.3211391408199393,3.321152127636981,3.3212106126825938,3.3212326698657995,3.3211391375208406
3.3241779296297325,3.3240793127493853,3.3242495214462546,3.324379903993648,3.3241779173118147
3.3226292327396094,3.3267376722845796,3.3273282563593973,3.327859507350727,3.322669491535885
