3.325325950724936,3.32534380468923,3.325361658653496,3.3253438046892314,3.3253259507249364
3.325308096760642,3.3253616588363624,3.3253795129835524,3.325361658836362,3.325308096760642
3.325361657189977,3.3254152209120265,3.3254330756079993,3.3254152209120282,3.325361657189977
3.325450925547788,3.3255044920137697,3.3255223476243976,3.3255044920137693,3.325450925547788
3.325575903663243,3.325629473970867,3.3256473308620564,3.3256294739708667,3.325575903663243
3.325736594097288,3.325790169344398,3.3258080278821085,3.325790169344398,3.325736594097288
3.325933000142715,3.3259865814273337,3.3260044419775703,3.3259865814273337,3.325933000142715
3.326165125824297,3.3262187142446624,3.326236577173504,3.326218714244663,3.326165125824297
3.326432975898908,3.326486572553511,3.326504438227138,3.326486572553511,3.326432975898908
3.3267365558557143,3.3267901618433506,3.3268080306280234,3.3267901618433506,3.3267365558557143
3.3270758719163647,3.327129488336152,3.3271473605982522,3.327129488336152,3.3270758719163647
3.3274509310352145,3.327504558986653,3.327522435092681,3.327504558986655,3.3274509310352145
3.327861740899567,3.3279153814825677,3.327933261799167,3.3279153814825686,3.327861740899567
3.3283083099299633,3.3283619642448934,3.328379849138855,3.328361964244892,3.3283083099299633
3.3287906472804742,3.328844316428184,3.328862206266467,3.3288443164281856,3.3287906472804742
3.3293087628390343,3.329362447920914,3.329380343070653,3.329362447920916,3.3293087628390343
3.3298626672277853,3.3299163693457934,3.329934270174312,3.3299163693457956,3.3298626672277853
3.3304523718034638,3.330506092060175,3.3305239989349964,3.330506092060176,3.3304523718034638
3.331077888657818,3.331131628156446,3.331149541445321,3.3311316281564483,3.331077888657818
3.3317392306180302,3.331792990462494,3.331810910533388,3.3317929904624948,3.3317392306180302
3.332436411247178,3.3324901925421133,3.332508119763249,3.332490192542114,3.332436411247178
3.333169444844715,3.3332232486955284,3.333241183435385,3.33322324869553,3.333169444844715
3.333938346447004,3.333992173959918,3.3340101165872316,3.3339921739599196,3.333938346447004
3.3347431318278327,3.334796984109909,3.3348149349937177,3.3347969841099108,3.3347431318278327
3.3355838174989834,3.3356376956581815,3.335655655167795,3.3356376956581815,3.3355838174989834
3.3364604207108455,3.3365143258560512,3.3365322943611058,3.3365143258560535,3.3364604207108455
3.337372959453013,3.337426892694071,3.3374448705645223,3.3374268926940727,3.337372959453013
3.338321452454934,3.3383754149027074,3.3383934025088458,3.33837541490271,3.338321452454934
3.339305919186587,3.339359911952981,3.339377909665449,3.3393599119529838,3.339305919186587
3.3403263798591794,3.340380404057191,3.340398412246988,3.3403804040571936,3.3403263798591794
3.341382855425868,3.3414369121696166,3.341454931208128,3.3414369121696197,3.341382855425868
3.3424753675825185,3.3425294579872937,3.342547488246278,3.342529457987297,3.3424753675825185
3.343603938768464,3.343658063950764,3.343676105802399,3.3436580639507665,3.343603938768464
3.3447685921673416,3.3448227532449133,3.3448408070617774,3.344822753244916,3.3447685921673416
3.3459693517079008,3.346023549799778,3.3460416159548894,3.34602354979978,3.3459693517079008
3.3472062420648694,3.347260478291412,3.3472785571582353,3.3472604782914153,3.3472062420648694
3.348479288659833,3.348533564142775,3.348551656095219,3.3485335641427767,3.348479288659833
3.349788517662159,3.349842833524636,3.349860938937092,3.349842833524639,3.349788517662159
3.3511339559899316,3.351188313356539,3.35120643260387,3.351188313356541,3.3511339559899316
3.3525156313109146,3.352570031307728,3.3525881647653,3.352570031307731,3.3525156313109146
3.3539335720435446,3.3539880157981776,3.35400616384186,3.3539880157981807,3.3539335720435446
3.3553878073579484,3.355442295999584,3.3554604590057764,3.355442295999587,3.3553878073579484
3.356878367177014,3.356932901836439,3.356951080182083,3.3569329018364416,3.356878367177014
3.358405282177424,3.35845986398709,3.358478058049665,3.358459863987093,3.358405282177424
3.359968583790794,3.36002321388484,3.360041424042401,3.3600232138848423,3.359968583790794
3.3615683042047797,3.3616229837190796,3.3616412103502586,3.3616229837190823,3.3615683042047797
3.363204476364252,3.3632592064364517,3.363277449920469,3.363259206436454,3.363204476364252
3.364877133972453,3.3649319157420265,3.3649501764587,3.364931915742029,3.364877133972453
3.3665863114922394,3.366641146100502,3.3666594244302845,3.3666411461005046,3.3665863114922394
3.368332044147287,3.3683869327374634,3.3684052290614357,3.3683869327374656,3.368332044147287
3.370114367923383,3.3701693116406397,3.3701876263405266,3.370169311640643,3.370114367923383
3.3719333195697248,3.371988319561201,3.372006653019384,3.3719883195612037,3.3719333195697248
3.3737889366001954,3.373843994015065,3.373862346614605,3.373843994015067,3.3737889366001954
3.375681257294772,3.3757363732842576,3.3757547454089063,3.375736373284261,3.375681257294772
3.3776103207008554,3.377665496418297,3.3776838884525007,3.3776654964182993,3.3776103207008554
3.379576166634696,3.3796314032355794,3.3796498155645094,3.379631403235582,3.379576166634696
3.3815788356828227,3.381634134324825,3.3816525673343767,3.3816341343248277,3.3815788356828227
3.383618369203502,3.383673731046531,3.3836921851233472,3.3836737310465335,3.383618369203502
3.385694809328229,3.3857502355344606,3.385768711065934,3.385750235534463,3.385694809328229
3.3878081989632265,3.387863690697162,3.387882188071463,3.387863690697164,3.3878081989632265
3.389958581791014,3.390014140219506,3.3900326598255903,3.3900141402195088,3.389958581791014
3.392146002271964,3.392201628564262,3.3922201707918918,3.392201628564264,3.392146002271964
3.394370505645889,3.3944262009736987,3.3944447662134403,3.3944262009737014,3.394370505645889
3.3966321379337177,3.3966879034712116,3.396706492114467,3.3966879034712143,3.3966321379337177
3.398930945939085,3.398986782862983,3.3990053953019843,3.3989867828629863,3.398930945939085
3.4012669772500823,3.401322886739659,3.40134152336751,3.401322886739661,3.4012669772500823
3.4036402802409147,3.403696263478066,3.403714924688739,3.4036962634780683,3.4036402802409147
3.406050904073688,3.4061069622429656,3.406125648431311,3.406106962242967,3.406050904073688
3.4084988987001426,3.4085550329887964,3.408573744550574,3.408555032988798,3.4084988987001426
3.410984314863492,3.4110405264615147,3.4110592637933936,3.4110405264615173,3.410984314863492
3.4135072041002137,3.413563494200385,3.4135822576999595,3.4135634942003885,3.4135072041002137
3.4160676187419368,3.416123988539863,3.4161427786056757,3.416123988539871,3.4160676187419368
3.4186656119172985,3.418722062611459,3.418740879643016,3.4187220626114785,3.4186656119172985
3.4213012375538887,3.4213577703456632,3.4213766147434517,3.4213577703457294,3.4213012375538887
3.4239745503801773,3.4240311664738634,3.4240500386394026,3.424031166474098,3.4239745503801773
3.4266856059274873,3.426742306530215,3.426761206866198,3.4267423065310854,3.426685605927487
3.429434460532005,3.429491246853318,3.429510175764091,3.429491246856569,3.429434460532005
3.432221171336811,3.4322780445869627,3.4322970024802837,3.4322780445990904,3.4322211713368107
3.4350457962939376,3.4351027576774507,3.4351217449709917,3.4351027577227033,3.435045796293936
3.4379083941664637,3.4379654448579138,3.437984462003533,3.437965445026802,3.4379083941664565
3.4408090245306076,3.4408661655842185,3.440885213158427,3.4408661662145184,3.4408090245305814
3.443747747777798,3.443804979789929,3.4438240588314426,3.4438049821422667,3.4437477477777
3.4467246251162575,3.4467819469662624,3.4468010602351495,3.446781955745413,3.4467246251158916
3.449739718569694,3.449797122723725,3.449816279397473,3.4497971554883526,3.4497397185683276
3.452793090958826,3.4528505459614744,3.452869779142672,3.4528506682421973,3.452793090953724
3.4558848057815705,3.4559421910206893,3.4559616229695336,3.455942647384051,3.4558848057625227
3.459014926499844,3.4590717893701832,3.459091874330728,3.4590734925619535,3.4590149264287247
3.4621835123557623,3.4622381656294814,3.462260592421237,3.4622445221043203,3.4621835120902236
3.4653905939169705,3.4654367683707483,3.4654678076204193,3.465460491343869,3.4653905929255244
3.4686360303139194,3.4686505063161275,3.4687133783458224,3.468739042725217,3.4686360266121246
3.471918676327348,3.4718158482340256,3.47199615672153,3.4721462745990515,3.471918662505767
3.470245851118908,3.474698053571103,3.475309125707226,3.4759312364436976,3.4702901055019977
