3.3819345268508485,3.381953019774674,3.3819715126985828,3.3819530197746754,3.3819345268508494
3.381916033927023,3.3819715128897947,3.38199000600476,3.381971512889795,3.381916033927023
3.3819715111704842,3.382026991852737,3.382045485540865,3.3820269918527384,3.3819715111704842
3.382063974261696,3.3821194578098033,3.382137952453234,3.3821194578098033,3.382063974261696
3.382193425111105,3.382248912671561,3.382267408652455,3.3822489126715602,3.382193425111105
3.382359866393454,3.3824153591128843,3.382433856813454,3.382415359112884,3.382359866393454
3.382563301547852,3.3826188005730713,3.382637300375598,3.3826188005730717,3.382563301547852
3.382803734777907,3.3828592412559573,3.382877743542792,3.3828592412559577,3.382803734777907
3.3830811710518716,3.3831366861300705,3.3831551912836564,3.3831366861300705,3.3830811710518716
3.3833956161028333,3.383451140928807,3.3834696493316883,3.383451140928807,3.3833956161028333
3.383747076428914,3.38380261215064,3.383821124185483,3.3838026121506406,3.383747076428914
3.384135559293514,3.3841911070593644,3.384209623108962,3.3841911070593658,3.384135559293514
3.3845610727255613,3.384616633684348,3.3846351541316455,3.3846166336843493,3.3845610727255613
3.3850236255198203,3.385079200820825,3.3850977260489192,3.3850792008208237,3.3850236255198203
3.385523227237188,3.385578818030217,3.385597348422384,3.385578818030219,3.385523227237188
3.3860598882050663,3.386115495640486,3.386134031580186,3.386115495640488,3.3860598882050663
3.386633619517702,3.3866892447464867,3.386707786617372,3.3866892447464885,3.386633619517702
3.387244433036624,3.3873000772103823,3.3873186253963374,3.387300077210385,3.387244433036624
3.387892341391064,3.3879480056620874,3.38796656054722,3.38794800566209,3.387892341391064
3.3885773579783764,3.3886330434997065,3.3886516054683504,3.388633043499707,3.3885773579783764
3.389299496964583,3.3893552048900055,3.3893737743267747,3.389355204890006,3.389299496964583
3.390058773284851,3.3901145047689747,3.390133082058735,3.3901145047689765,3.390058773284851
3.390855202644023,3.390910958842307,3.390929544370226,3.390910958842309,3.390855202644023
3.391688801517217,3.3917445835860187,3.391763177737545,3.3917445835860196,3.391688801517217
3.3925595871504037,3.3926153962470136,3.3926339994079155,3.3926153962470136,3.3925595871504037
3.393467577561031,3.39352341484372,3.3935420274000996,3.393523414843722,3.393467577561031
3.394412791538689,3.394468658166749,3.394487280505037,3.3944686581667507,3.394412791538689
3.3953952486457744,3.39545114577956,3.3954697782865457,3.3954511457795626,3.3953952486457744
3.3964149692182075,3.3964708980191816,3.3964895410820226,3.3964708980191833,3.3964149692182075
3.3974719743661748,3.3975279359969432,3.3975465900031776,3.3975279359969455,3.3974719743661748
3.398566285974893,3.398622281599245,3.3986409469368155,3.398622281599247,3.398566285974893
3.3996979267053677,3.3997539574883318,3.3997726345455823,3.3997539574883344,3.3996979267053677
3.4008669199952655,3.4009229871031503,3.4009416762688516,3.400922987103153,3.4008669199952655
3.4020732900597355,3.402129394660153,3.402148096323516,3.4021293946601556,3.4020732900597355
3.403317061892294,3.403373205154219,3.403391919704906,3.4033732051542223,3.403317061892294
3.4045982612657193,3.4046544443595317,3.404673172187681,3.4046544443595352,3.4045982612657193
3.4059169147330026,3.405973138830522,3.4059918803267366,3.405973138830525,3.4059169147330026
3.407273049628299,3.407329315902835,3.4073480714582223,3.407329315902838,3.407273049628299
3.4086666940679144,3.408723003694297,3.4087417737004753,3.4087230036943,3.4086666940679144
3.410097876951336,3.410154231105979,3.4101730159550856,3.410154231105982,3.410097876951336
3.41156662796228,3.4116230278231963,3.4116418279079177,3.411623027823199,3.41156662796228
3.4130729775697466,3.413129424316622,3.4131482400301816,3.413129424316624,3.4130729775697466
3.414616957029165,3.4146734518433686,3.4146922835795706,3.4146734518433712,3.414616957029165
3.4161985983834713,3.416255142448134,3.4162739906013497,3.416255142448137,3.4161985983834713
3.4178179344643227,3.4178745289643517,3.417893393929554,3.4178745289643535,3.4178179344643227
3.4194749988932704,3.4195316450153954,3.4195505271881776,3.4195316450153985,3.4194749988932704
3.4211698260829615,3.4212265250157943,3.4212454247923616,3.4212265250157965,3.4211698260829615
3.4229024512384014,3.422959204172473,3.4229781219496664,3.4229592041724755,3.4229024512384014
3.4246729103582467,3.424729718486038,3.4247486546613577,3.4247297184860406,3.4246729103582467
3.4264812402360794,3.4265381047520767,3.426557059723693,3.4265381047520793,3.4264812402360794
3.428327478461767,3.428384400562503,3.428403374729267,3.4283844005625057,3.428327478461767
3.4302116634228104,3.430268644306909,3.4302876380683647,3.4302686443069117,3.4302116634228104
3.4321338343057475,3.4321908751739683,3.4322098889303754,3.4321908751739714,3.4321338343057475
3.4340940310975765,3.434151133152853,3.4341701673051905,3.434151133152856,3.4340940310975765
3.436092294587196,3.4361494590346804,3.436168513984672,3.436149459034683,3.436092294587196
3.4381286663668953,3.438185894414012,3.43820497056414,3.4381858944140147,3.4381286663668953
3.4402031888338667,3.4402604816903466,3.4402795794438554,3.4402604816903497,3.4402031888338667
3.4423159051917285,3.442373264069655,3.4423923838305797,3.4423732640696576,3.4423159051917285
3.4444668594521217,3.4445242855659814,3.4445434277391547,3.4445242855659837,3.4444668594521217
3.446656096436285,3.446713591002998,3.446732755994065,3.4467135910030002,3.446656096436285
3.4488836617766894,3.4489412260156755,3.4489604142311134,3.4489412260156778,3.4488836617766894
3.4511496019187073,3.4512072370519045,3.451226448899034,3.4512072370519076,3.4511496019187073
3.453453964122278,3.4535116713742102,3.4535309072612077,3.4535116713742133,3.453453964122278
3.455796796463655,3.4558545770614613,3.455873837397381,3.4558545770614635,3.455796796463655
3.4581781478371143,3.45823600301061,3.4582552882053887,3.458236003010612,3.4581781478371143
3.460598067956774,3.460655998938475,3.4606753094029674,3.460655998938478,3.460598067956774
3.4630566073583755,3.4631146153835597,3.463133951529526,3.4631146153835624,3.4630566073583755
3.4655538174011262,3.4656119037078748,3.4656312659480086,3.4656119037078774,3.4655538174011262
3.468089750269571,3.4681479160988062,3.46816730484676,3.4681479160988076,3.468089750269571
3.470664458975489,3.4707227055710335,3.470742121241416,3.470722705571037,3.470664458975489
3.473277997359815,3.4733363259684302,3.473355768976834,3.4733363259684333,3.473277997359815
3.4759304200946213,3.4759888319660477,3.47600830272906,3.4759888319660517,3.4759304200946213
3.4786217826850763,3.4786802790720865,3.478699778007305,3.478680279072094,3.4786217826850763
3.481352141471486,3.481410723629928,3.481430251155978,3.481410723629948,3.481352141471486
3.484121553631342,3.4841802228201706,3.4841997793567354,3.4841802228202403,3.484121553631342
3.4869300771813903,3.4869888346626863,3.4870084206305503,3.4869888346629363,3.4869300771813903
3.4897777709797695,3.48983661801864,3.4898562338398444,3.489836618019572,3.4897777709797695
3.4926646947281257,3.4927236325922633,3.4927432786906207,3.492723632595735,3.4926646947281257
3.49559090897381,3.4956499389316766,3.4956696157346383,3.495649938944632,3.4955909089738095
3.498556475112077,3.498615598426002,3.498635306371629,3.4986155984743497,3.498556475112075
3.50156145538833,3.5016206732886315,3.5016404128515317,3.5016206734690667,3.5015614553883223
3.5046059129004243,3.504665226488666,3.5046849982767982,3.504665227162065,3.5046059129003964
3.5076899116012243,3.507749321488815,3.507769126604936,3.507749324002004,3.5076899116011186
3.510813516302256,3.5108730212604433,3.5108928626521205,3.510873030639905,3.5108135163018614
3.513976792683869,3.5140363845985885,3.514056272103206,3.5140364196036367,3.5139767926823966
3.5171798073425724,3.517239452346843,3.517259421558473,3.517239582989044,3.5171798073370746
3.5204226280543733,3.520482195887742,3.5205023787948053,3.5204826834569993,3.520422628033846
3.523705325293223,3.523764324354956,3.5237852142760033,3.5237661440103087,3.52370532521658
3.5270279810526493,3.52708456196286,3.527108009943943,3.5270913530916572,3.527027980766484
3.5303907401870003,3.530437932499898,3.530470910445253,3.530463277645896,3.530390739118531
3.5337941094037233,3.533805517404483,3.533874421691277,3.533900107928145,3.5337941054143065
3.5320758648239594,3.5371156060230415,3.5373211509872338,3.5374686269611053,3.5320885334074736
