3.114468578306748,3.114484361679301,3.1145001450519194,3.1144843616793025,3.1144685783067487
3.1144527949341945,3.114500145208757,3.114515928738089,3.114500145208757,3.1144527949341945
3.114500143798482,3.1145474954834547,3.114563279482926,3.114547495483456,3.114500143798482
3.1145790594079563,3.1146264134436543,3.1146421982267096,3.1146264134436543,3.1145790594079563
3.114689543329673,3.1147369006564967,3.1147526865366064,3.114736900656496,3.114689543329673
3.114831597757577,3.1148789593160493,3.1148947466067236,3.1148789593160493,3.114831597757577
3.1150052255126286,3.115052592243401,3.1150683812582,3.1150525922434005,3.1150052255126286
3.115210430042808,3.1152578028867306,3.1152735939392717,3.115257802886731,3.115210430042808
3.115447215423323,3.1154945953214512,3.115510388725418,3.1154945953214512,3.115447215423323
3.1157155863567025,3.115762974250337,3.1157787703195043,3.115762974250337,3.1157155863567025
3.116015548172975,3.116062945003692,3.1160787440519226,3.1160629450036925,3.116015548172975
3.1163471068298505,3.1163945135395457,3.116410315880806,3.1163945135395466,3.1163471068298505
3.1167102689129336,3.1167576864438393,3.1167734923922126,3.1167576864438407,3.1167102689129336
3.117105041635941,3.1171524709306695,3.1171682808003593,3.117152470930668,3.117105041635941
3.11753143284097,3.1175788748425357,3.117594688947893,3.117578874842538,3.11753143284097
3.11798945099876,3.118036906650627,3.118052725306138,3.118036906650629,3.11798945099876
3.11847910520897,3.1185265754550846,3.118542398975392,3.118526575455087,3.11847910520897
3.1190004052005524,3.1190478909853425,3.1190637196852777,3.1190478909853447,3.1190004052005524
3.119553361332004,3.11960086360047,3.119616697795023,3.1196008636004726,3.119553361332004
3.1201379845918176,3.120185504289514,3.120201344293875,3.1201855042895144,3.1201379845918176
3.1207542865988027,3.1208018246718954,3.12081767080146,3.1208018246718967,3.1207542865988027
3.121402279602508,3.1214498369978014,3.12146568956818,3.1214498369978023,3.121402279602508
3.1220819764836594,3.1221295541486334,3.1221454134756494,3.1221295541486356,3.1220819764836594
3.1227933907545964,3.122840989637435,3.1228568560371546,3.1228409896374365,3.1227933907545964
3.123536536559734,3.1235841576093577,3.12360003139809,3.123584157609358,3.123536536559734
3.1243114286760725,3.1243590728421777,3.124374954336497,3.1243590728421795,3.1243114286760725
3.125118082513711,3.1251657507467976,3.125181640263536,3.1251657507467994,3.125118082513711
3.125956514116369,3.126004207367773,3.126020105224046,3.1260042073677745,3.125956514116369
3.1268267401619587,3.1268744593838873,3.126890365897099,3.126874459383888,3.1268267401619587
3.127728777963154,3.1277765241087194,3.1277924395965844,3.1277765241087216,3.127728777963154
3.1286626454680104,3.12871041949126,3.128726344271794,3.1287104194912625,3.1286626454680104
3.1296283612605618,3.129676164116524,3.1296920985080696,3.1296761641165265,3.1296283612605618
3.1306259445615137,3.130673777206203,3.130689721527447,3.1306737772062063,3.1306259445615137
3.1316554152288543,3.131703278619338,3.1317192331892985,3.131703278619341,3.1316554152288543
3.132716793758598,3.132764688853007,3.1327806539910656,3.132764688853009,3.132716793758598
3.133810101285466,3.133858029043044,3.13387400506895,3.133858029043046,3.133810101285466
3.1349353595836393,3.134983320964753,3.1349993081986396,3.1349833209647553,3.1349353595836393
3.136092591067504,3.136140587033711,3.1361565857960887,3.1361405870337133,3.136092591067504
3.137281818792456,3.1373298503064997,3.1373458609182987,3.1373298503065015,3.137281818792456
3.1385030664556752,3.1385511344815487,3.138567157264095,3.1385511344815513,3.1385030664556752
3.139756358396965,3.139804463899932,3.1398204991749905,3.1398044638999343,3.139756358396965
3.141041719599602,3.1410898635462305,3.141105911635991,3.1410898635462328,3.141041719599602
3.1423591756912086,3.1424073590494053,3.1424234202765087,3.142407359049408,3.1423591756912086
3.143708752944636,3.143756976683687,3.1437730513712294,3.1437569766836897,3.143708752944636
3.1450904782788895,3.1451387433694817,3.14515483184103,3.1451387433694844,3.1450904782788895
3.1465043792600564,3.146552686674327,3.1465687892539353,3.146552686674329,3.1465043792600564
3.1479504841022945,3.1479988348138415,3.148014951826044,3.1479988348138446,3.1479504841022945
3.149428821668765,3.1494772166527127,3.1494933484225536,3.1494772166527145,3.149428821668765
3.1509394214726987,3.150987861705706,3.1510040085587416,3.1509878617057083,3.1509394214726987
3.152482313678367,3.152530800138678,3.1525469624009905,3.1525308001386803,3.152482313678367
3.154057529102196,3.1541060627696567,3.1541222407678697,3.1541060627696593,3.154057529102196
3.155665099213776,3.1557136810698836,3.1557298751311653,3.155713681069886,3.155665099213776
3.1573050561370075,3.1573536871649437,3.1573698976170275,3.157353687164947,3.1573050561370075
3.1589774326512035,3.159026113835865,3.159042341007049,3.159026113835868,3.1589774326512035
3.1606822621922404,3.1607309945202697,3.160747238739446,3.160730994520272,3.1606822621922404
3.162419578853709,3.1624683633135406,3.1624846249101823,3.162468363313543,3.162419578853709
3.1641894173881244,3.1642382549700048,3.164254534274206,3.164238254970007,3.1641894173881244
3.165991813208126,3.1660407049041606,3.1660570022466192,3.166040704904163,3.165991813208126
3.167826802387716,3.1678757491918987,3.1678920649039544,3.167875749191902,3.167826802387716
3.1696944216635212,3.1697434245717697,3.169759758985398,3.1697434245717724,3.1696944216635212
3.171594708436076,3.1716437684462697,3.171660121894099,3.171643768446272,3.171594708436076
3.1735277007711318,3.1735768188831353,3.173593191698463,3.1735768188831384,3.1735277007711318
3.175493437400967,3.175542614616688,3.175559007133482,3.1755426146166905,3.175493437400967
3.1774919577257674,3.1775411950491708,3.177557607602093,3.1775411950491734,3.1774919577257674
3.1795233018149918,3.179572600252139,3.179589033176549,3.179572600252141,3.1795233018149918
3.1815875104087574,3.1816368709678553,3.1816533245998238,3.1816368709678566,3.1815875104087574
3.1836846249192923,3.1837340486107113,3.1837505232870296,3.183734048610714,3.1836846249192923
3.18581468743235,3.185864175268668,3.18588067132687,3.1858641752686703,3.18581468743235
3.1879777407087118,3.1880272937047507,3.188043811483114,3.1880272937047534,3.1879777407087118
3.1901738281856575,3.1902234473585196,3.1902399871960823,3.190223447358523,3.1901738281856575
3.192402993978496,3.192452680347596,3.1924692425841643,3.192452680347599,3.192402993978496
3.1946652828821147,3.194715037469215,3.194731622445384,3.1947150374692224,3.1946652828821147
3.1969607403725244,3.1970105642017748,3.197027172258933,3.197010564201791,3.1969607403725244
3.19928941260847,3.199339306706427,3.1993559381867898,3.1993393067064844,3.19928941260847
3.2016513464330387,3.201701311828682,3.201717967075315,3.2017013118288875,3.2016513464330387
3.204046589375297,3.2040966270999474,3.2041133064569083,3.2040966271007174,3.204046589375297
3.2064751896519597,3.2065253007389107,3.2065420045516553,3.2065253007417804,3.2064751896519597
3.208937196169071,3.2089873816520775,3.2090041102690257,3.2089873816627867,3.2089371961690705
3.2114326585237207,3.211482919431317,3.211499673209585,3.2114829194712753,3.211432658523719
3.2139616270057805,3.2140119643398886,3.2140287436667245,3.214011964489018,3.2139616270057743
3.2165241525996437,3.21657456725574,3.2165913726284048,3.2165745678123017,3.2165241525996215
3.2191202869859326,3.219170779455028,3.2191876117788554,3.219170781532165,3.2191202869858486
3.221750082542791,3.2218006517995894,3.2218175134998304,3.221800659551659,3.2217500825424783
3.224413592344612,3.2244642317007175,3.2244811308692105,3.2244642606321725,3.2244135923434434
3.2271108701456077,3.2271615517894605,3.227178517644129,3.2271616597643797,3.2271108701412454
3.229841970274028,3.229892587667396,3.2299097281534648,3.229892990639976,3.2298419702577412
3.2326069470030436,3.2326571004526325,3.232674816662364,3.2326586043843193,3.232606946942234
3.2354058508612784,3.2354540504777365,3.235473833659035,3.235459663292714,3.2354058506342374
3.238238707069684,3.238279416938006,3.238306804203322,3.2383003644932695,3.2382387062219884
3.2411053896656727,3.241118106001284,3.241173601722981,3.241196284255055,3.2411053865006414
3.24400488713508,3.2439140156784827,3.244073212432265,3.2442057843033316,3.2440048753177866
3.242527333932377,3.2464598571453074,3.24699944802427,3.2475487652082244,3.2425664112416968
