4.307367105362964,4.307395763595235,4.307424421827748,4.3073957635952365,4.307367105362964
4.307338447130692,4.307424422158547,4.307453080721408,4.3074244221585465,4.307338447130692
4.3074244191858675,4.307510397186871,4.30753905674079,4.307510397186872,4.3074244191858675
4.307567707705914,4.307653690662286,4.307682351868011,4.307653690662285,4.307567707705914
4.307768315994188,4.307854305888337,4.307882969406685,4.307854305888336,4.307768315994188
4.308026248675571,4.308112247490196,4.308140913982072,4.308112247490195,4.308026248675571
4.30834151169664,4.308427521414791,4.3084561915412305,4.3084275214147905,4.30834151169664
4.3087141123259185,4.308800134931101,4.308828809353276,4.308800134931101,4.3087141123259185
4.3091440591542,4.309230096630423,4.309258776009674,4.309230096630423,4.3091440591542
4.309631362094831,4.3097174164267145,4.309746101424604,4.3097174164267145,4.309631362094831
4.310176032384156,4.310262105557004,4.310290796835302,4.310262105557003,4.310176032384156
4.310778082581992,4.310864176581862,4.310892874802585,4.310864176581863,4.310778082581992
4.311437526572084,4.3115236433858675,4.311552349211338,4.311523643385868,4.311437526572084
4.312154379562667,4.312240521178195,4.312269235271027,4.312240521178194,4.312154379562667
4.312928658087129,4.31301482649323,4.31304354951637,4.313014826493233,4.312928658087129
4.313760380004665,4.313846577191238,4.313875309807999,4.31384657719124,4.313760380004665
4.314649564500947,4.31473579245906,4.31476453533314,4.314735792459063,4.314649564500947
4.315596232088956,4.31568249281093,4.315711246606443,4.315682492810931,4.315596232088956
4.316600404609818,4.31668670008927,4.316715465470784,4.3166867000892735,4.316600404609818
4.317662105233593,4.317748437465593,4.317777215098094,4.317748437465594,4.317662105233593
4.318781358460351,4.3188677294414,4.31889651999044,4.318867729441401,4.318781358460351
4.31995819012105,4.320044601849239,4.3200734059808426,4.320044601849241,4.31995819012105
4.321192627378613,4.321279081853687,4.321307900234447,4.32127908185369,4.321192627378613
4.322484698729048,4.322571197952474,4.322600031249545,4.322571197952475,4.322484698729048
4.323834434002569,4.323920979977619,4.323949828858776,4.323920979977618,4.323834434002569
4.325241864364845,4.325328459096668,4.325357324230305,4.32532845909667,4.325241864364845
4.3267070223181925,4.32679366781393,4.326822549869102,4.3267936678139325,4.3267070223181925
4.328229941702943,4.328316639971789,4.328345539618223,4.328316639971792,4.328229941702943
4.329810657698797,4.329897410752058,4.329926328660216,4.329897410752062,4.329810657698797
4.3314492068262425,4.331536016677448,4.331564953518508,4.331536016677451,4.3314492068262425
4.333145626948019,4.333232495613006,4.33326145205892,4.33323249561301,4.333145626948019
4.334899957270674,4.334986886767642,4.33501586349116,4.334986886767645,4.334899957270674
4.336712238346123,4.336799230695741,4.336828228370423,4.336799230695744,4.336712238346123
4.338582512073316,4.338669569298781,4.338698588599043,4.3386695692987844,4.338582512073316
4.340510821699892,4.340597945827049,4.3406269874281715,4.340597945827053,4.340510821699892
4.342497211823997,4.342584404881362,4.342613469459547,4.342584404881365,4.342497211823997
4.344541728395978,4.344628992414895,4.344658080647242,4.344628992414898,4.344541728395978
4.3466444187203725,4.346731755735032,4.346760868299616,4.346731755735036,4.3466444187203725
4.348805331457711,4.348892743505252,4.3489218810811385,4.348892743505256,4.348805331457711
4.351024516626539,4.3511120057471535,4.351141169014408,4.351112005747157,4.351024516626539
4.3533020256054495,4.353389593842437,4.353418783482165,4.35338959384244,4.3533020256054495
4.355637911135132,4.3557255605349905,4.355754777229374,4.355725560534994,4.355637911135132
4.358032227320519,4.358119959933033,4.358149204365342,4.3581199599330365,4.358032227320519
4.360485029632967,4.360572847511298,4.360602120365927,4.360572847511301,4.360485029632967
4.362996374912515,4.363084280113261,4.363113582075771,4.363084280113265,4.362996374912515
4.365566321370195,4.365654315953509,4.365683647710592,4.365654315953512,4.365566321370195
4.368194928590355,4.368283014619983,4.36831237685959,4.368283014619987,4.368194928590355
4.370882257533099,4.370970437076503,4.370999830487792,4.370970437076506,4.370882257533099
4.373628370536716,4.37371664566516,4.373746070938554,4.373716645665164,4.373628370536716
4.37643333132028,4.376521704108876,4.376551161936097,4.37652170410888,4.37643333132028
4.379297204986167,4.3793856775139925,4.3794151685880625,4.379385677513995,4.379297204986167
4.3822200580227015,4.382308632372858,4.382338157388177,4.382308632372861,4.3822200580227015
4.385201958306846,4.385290636566594,4.385320196218902,4.385290636566597,4.385201958306846
4.388242975106996,4.388331759367779,4.388361354354242,4.388331759367783,4.388242975106996
4.391343179085724,4.391432071443297,4.39146170246251,4.3914320714433,4.391343179085724
4.394502642302704,4.39459164485718,4.394621312609192,4.394591644857184,4.394502642302704
4.397721438217551,4.397810553073544,4.397840258259898,4.397810553073548,4.397721438217551
4.400999641692903,4.401088870959553,4.401118614283308,4.401088870959557,4.400999641692903
4.4043373289973715,4.4044266747884695,4.404456456954228,4.404426674788473,4.4043373289973715
4.407734577808666,4.407824042242724,4.407853863956676,4.407824042242727,4.407734577808666
4.4111914672167485,4.411281052417093,4.411310914387012,4.411281052417095,4.4111914672167485
4.414708077727033,4.414797785821888,4.4148276887572075,4.414797785821891,4.414708077727033
4.4182844912636625,4.418374324386237,4.418404268998023,4.4183743243862414,4.4182844912636625
4.421920791172803,4.422010751461385,4.422040738462417,4.4220107514613884,4.421920791172803
4.425617062226059,4.4257071518240965,4.425737181928867,4.4257071518241,4.425617062226059
4.429373390623911,4.4294636116801,4.42949368560484,4.429463611680102,4.429373390623911
4.433189863999185,4.433280218667552,4.433310337130296,4.433280218667556,4.433189863999185
4.437066571420646,4.4371570618606535,4.437187225581218,4.437157061860657,4.437066571420646
4.44100360339659,4.441094231773211,4.4411244414732645,4.441094231773214,4.44100360339659
4.445001051878535,4.445091820362341,4.4451220767654265,4.445091820362343,4.445001051878535
4.4490590102649445,4.4491499210322045,4.449180224863753,4.449149921032207,4.4490590102649445
4.453177573405033,4.453268628637796,4.4532989806251635,4.453268628637804,4.453177573405033
4.457356837602612,4.457448039488804,4.457478440361307,4.457448039488809,4.457356837602612
4.461596900620007,4.461688251353502,4.461718701842452,4.461688251353515,4.461596900620007
4.465897861682034,4.465989363462761,4.466019864301484,4.465989363462795,4.465897861682034
4.4702598214800275,4.470351476514028,4.470382028437927,4.470351476514158,4.4702598214800275
4.474682882175944,4.474774692675399,4.474805296422057,4.474774692675883,4.474682882175944
4.479167147406507,4.47925911558957,4.479289771899021,4.479259115591366,4.479167147406507
4.483712722287428,4.483804850377363,4.483835559993092,4.483804850384065,4.483712722287428
4.488319713417688,4.488412003639368,4.4884427673119225,4.488412003664384,4.488319713417687
4.492988228883822,4.493080683450515,4.493111501950853,4.493080683543866,4.492988228883817
4.497718378264138,4.497810999328007,4.497841873497109,4.497810999676413,4.497718378264121
4.502510272632076,4.502603062100277,4.502633993033169,4.502603063400566,4.502510272632015
4.5073640245541995,4.507456983407872,4.507487973134724,4.507456988260669,4.507364024553971
4.512279748056796,4.512372873842288,4.5124039278371955,4.512372891953422,4.512279748055945
4.517257558408807,4.5173508360673065,4.517381972418337,4.517350903659887,4.517257558405627
4.522297570833748,4.522390939599793,4.522422222108966,4.522391191862167,4.522297570821874
4.527399892976596,4.527493129389177,4.527524784555555,4.527494070857955,4.527399892932259
4.532564580965042,4.53265690042477,4.532689715866122,4.532660414081842,4.532564580799493
4.537791383254537,4.537880175478742,4.537916764402323,4.537893288803805,4.537791382636384
4.5430782474818745,4.543155653833347,4.543203877460628,4.543204594094673,4.543078245173718
4.540416396534888,4.548460314912154,4.548538497512176,4.548642964940546,4.540422950889161
