4.334816762052922,4.334845737103742,4.334874712154815,4.334845737103743,4.334816762052922
4.334787787002101,4.334874712490195,4.334903687876186,4.334874712490195,4.334787787002101
4.3348747094763596,4.334961637978764,4.334990614369541,4.3349616379787665,4.3348747094763596
4.3350195820525945,4.33510651557899,4.3351354936444375,4.33510651557899,4.3350195820525945
4.335222408079897,4.335309348640141,4.335338329050241,4.33530934864014,4.335222408079897
4.3354831922472,4.335570141851444,4.335599125276249,4.335570141851444,4.3354831922472
4.335801940583426,4.335888901242181,4.335917888351889,4.33588890124218,4.335801940583426
4.33617866045775,4.3362656341819905,4.336294625646917,4.336265634181991,4.33617866045775
4.336613360579904,4.336700349381135,4.3367293458717775,4.336700349381135,4.336613360579904
4.337106051000553,4.337193056890866,4.337222059077954,4.337193056890867,4.337106051000553
4.337656743111632,4.337743768103825,4.3377727766583,4.337743768103825,4.337656743111632
4.338265449646869,4.338352495754528,4.338381511347576,4.33835249575453,4.338265449646869
4.338932184682304,4.339019253919842,4.339048277222965,4.339019253919844,4.338932184682304
4.339656963636812,4.339744058019598,4.339773089704579,4.339744058019596,4.339656963636812
4.340439803272745,4.340526924817175,4.340555965556148,4.340526924817178,4.340439803272745
4.341280721696673,4.341367872420205,4.341396922885695,4.341367872420207,4.341280721696673
4.342179738359983,4.342266920281297,4.342295981146179,4.3422669202813005,4.342179738359983
4.343136874059811,4.3432240891988325,4.343253161136436,4.343224089198835,4.343136874059811
4.344152150939797,4.344239401317796,4.344268485001883,4.3442394013177985,4.344152150939797
4.345225592491004,4.345312880130694,4.345341976235505,4.345312880130696,4.345225592491004
4.3463572235528805,4.346444550478462,4.346473659678756,4.346444550478463,4.3463572235528805
4.347547070314261,4.347634438551539,4.347663561522588,4.347634438551541,4.347547070314261
4.348795160314415,4.348882571890865,4.348911709308501,4.348882571890868,4.348795160314415
4.350101522444169,4.35018897938903,4.3502181319296644,4.3501889793890305,4.350101522444169
4.351466186947086,4.351553691291421,4.3515828596321,4.351553691291422,4.351466186947086
4.352889185420684,4.352976739197487,4.353005924015882,4.352976739197489,4.352889185420684
4.354370550817715,4.354458156061998,4.3544873580364385,4.354458156062002,4.354370550817715
4.355910317447517,4.355997976196339,4.3560271960058765,4.355997976196342,4.355910317447517
4.357508520977375,4.3575962352699875,4.357625473594371,4.35759623526999,4.357508520977375
4.359165198433968,4.359252970311887,4.359282227831633,4.35925297031189,4.359165198433968
4.3608803882049205,4.360968219711975,4.360997497108363,4.360968219711978,4.3608803882049205
4.362654130040301,4.362742023222738,4.36277132117787,4.362742023222742,4.362654130040301
4.364486465054249,4.364574421960824,4.364603741157624,4.364574421960827,4.364486465054249
4.366377435726648,4.366465458408709,4.366494799530958,4.366465458408713,4.366377435726648
4.368327085904869,4.368415176416408,4.368444540148791,4.368415176416411,4.368327085904869
4.37033546080551,4.370423621203288,4.370453008231399,4.37042362120329,4.37033546080551
4.372402607016231,4.372490839359835,4.372520250370223,4.3724908393598385,4.372402607016231
4.374528572497687,4.374616878849628,4.374646314529794,4.374616878849632,4.374528572497687
4.376713406585437,4.376801789011228,4.376831250049681,4.376801789011231,4.376713406585437
4.378957159991946,4.379045620560175,4.379075107646458,4.379045620560178,4.378957159991946
4.3812598848086495,4.381348425591083,4.381377939415798,4.381348425591088,4.3812598848086495
4.383621634508064,4.383710257579724,4.383739798834552,4.383710257579729,4.383621634508064
4.386042463945968,4.386131171385227,4.386160740762957,4.38613117138523,4.386042463945968
4.388522429363633,4.388611223252262,4.388640821446838,4.388611223252266,4.388522429363633
4.391061588390059,4.391150470813352,4.391180098519891,4.391150470813356,4.391061588390059
4.393660000044359,4.393748973091207,4.393778631006001,4.393748973091211,4.393660000044359
4.396317724738158,4.396406790501123,4.396436479321711,4.3964067905011275,4.396317724738158
4.399034824278012,4.399123984853421,4.399153705278583,4.399123984853425,4.399034824278012
4.401811361867939,4.401900619355978,4.401930372085792,4.401900619355982,4.401811361867939
4.404647402111994,4.404736758616781,4.404766544352615,4.404736758616784,4.404647402111994
4.407543011016868,4.407632468646532,4.407662288091122,4.407632468646535,4.407543011016868
4.4104982559945825,4.410587816861375,4.410617670718806,4.410587816861378,4.4104982559945825
4.413513205865233,4.413602872085585,4.413632761061348,4.413602872085589,4.413513205865233
4.416587930859759,4.4166777045544,4.41670762935541,4.416677704554404,4.416587930859759
4.419722502622845,4.419812385916861,4.419842347251493,4.419812385916864,4.419722502622845
4.422916994215792,4.42300698923872,4.423036987816829,4.423006989238724,4.422916994215792
4.426171480119482,4.426261589005417,4.426291625538371,4.426261589005421,4.426171480119482
4.429486036237456,4.429576261125098,4.429606336325815,4.429576261125102,4.429486036237456
4.43286073989894,4.432951082931721,4.432981197514686,4.432951082931724,4.43286073989894
4.43629566986202,4.436386133188182,4.436416287869479,4.4363861331881855,4.43629566986202
4.439790906316854,4.4398814920895155,4.4399116875868705,4.43988149208952,4.439790906316854
4.443346530888902,4.443437241266172,4.44346747829896,4.443437241266175,4.443346530888902
4.446962626642264,4.447053463787325,4.44708374307661,4.447053463787329,4.446962626642264
4.45063927808308,4.450730244164262,4.450760566432841,4.450730244164267,4.45063927808308
4.45437657116293,4.454467668353816,4.454498034326217,4.454467668353819,4.45437657116293
4.458174593282345,4.458265823761856,4.458296234164407,4.45826582376186,4.458174593282345
4.462033433294391,4.462124799246872,4.462155254807692,4.462124799246876,4.462033433294391
4.465953181508241,4.466044685123557,4.466075186572609,4.46604468512356,4.465953181508241
4.4699339296929,4.470025573166513,4.47005612123563,4.470025573166514,4.4699339296929
4.473975771080891,4.474067556613972,4.474098152036894,4.474067556613974,4.473975771080891
4.478078800372105,4.478170730171606,4.4782013736839845,4.47817073017161,4.478078800372105
4.4822431137376215,4.482335190016378,4.482365882355835,4.482335190016381,4.4822431137376215
4.486468808823643,4.486561033800451,4.486591775706603,4.486561033800458,4.486468808823643
4.490755984755476,4.4908483606551926,4.4908791528696765,4.490848360655209,4.490755984755476
4.495104742141546,4.495197271195184,4.495228114461691,4.495197271195235,4.495104742141546
4.499515183077553,4.499607867522318,4.499638762586658,4.499607867522502,4.499515183077553
4.503987411150575,4.5040802532298905,4.504111200840125,4.504080253230575,4.503987411150575
4.508521531443339,4.508614533406551,4.508645534313381,4.508614533409092,4.508521531443339
4.513117650538477,4.513210814639603,4.513241869597766,4.513210814649081,4.513117650538476
4.5177758765228875,4.517869205015625,4.517900314788998,4.517869205050998,4.517775876522886
4.522496318992159,4.522589814111021,4.5226209794916095,4.522589814243033,4.522496318992153
4.527279089055008,4.5273727529447,4.5274039748233825,4.527372753437371,4.527279089054985
4.532124299337783,4.532218133789394,4.532249413419862,4.532218135628095,4.5321242993376964
4.537032063988753,4.537126069455247,4.537157409438568,4.537126076317454,4.53703206398843
4.542002498680915,4.542096670604275,4.542128078561718,4.5420966962147356,4.542002498679707
4.547035720605548,4.54713003571923,4.547161537989287,4.5471301313000705,4.5470357206010386
4.552131848411105,4.552226213677816,4.552257906376137,4.552226570395227,4.552131848394267
4.557291001820006,4.557385064204809,4.557417303442211,4.5573863955104486,4.557291001757133
4.562513299358141,4.562605737879205,4.562639847677451,4.562610706447224,4.562513299123382
4.567798845045842,4.567884740276428,4.567925642941164,4.567903283477619,4.567798844169265
4.573147650609702,4.573208735239506,4.57327470033316,4.573277940352829,4.573147647336594
4.570452670626228,4.5785278497387445,4.578686482799149,4.578786130263949,4.570461938953628
