3.914407520157371,3.914431665440185,3.9144558107229965,3.914431665440186,3.914407520157372
3.9143833748745576,3.9144558109897223,3.914479956539274,3.9144558109897223,3.9143833748745576
3.9144558085890417,3.914528247104873,3.91455239345466,3.9145282471048746,3.9144558085890417
3.914576532869049,3.9146489753860845,3.9146731230696177,3.9146489753860836,3.914576532869049
3.914745550381865,3.914817998500796,3.914842148051653,3.914817998500795,3.914745550381865
3.9149628648618435,3.915035320183581,3.915059472135404,3.915035320183581,3.9149628648618435
3.9152284811105553,3.915300945236279,3.9153251001228027,3.915300945236278,3.9152284811105553
3.915542404996946,3.915614879528185,3.91563903788326,3.9156148795281855,3.915542404996946
3.9159046434575737,3.915977129996258,3.9160012923538683,3.915977129996258,3.9159046434575737
3.9163152044968927,3.9163877046454165,3.9164118715396934,3.9163877046454165,3.9163152044968927
3.9167740971875356,3.9168466125488113,3.9168707845140784,3.9168466125488113,3.9167740971875356
3.9172813316706976,3.9173538638482435,3.917378041419001,3.917353863848245,3.9172813316706976
3.9178369191564997,3.9179094697544654,3.9179336534654476,3.9179094697544667,3.9178369191564997
3.9184408719244224,3.9185134425476824,3.9185376329338446,3.918513442547681,3.9184408719244224
3.9190932033238033,3.919165795578005,3.919189993174574,3.919165795578007,3.9190932033238033
3.91979392777435,3.9198665432659685,3.9198907486084456,3.9198665432659707,3.91979392777435
3.9205430607666663,3.9206157011030847,3.9206399147272686,3.920615701103087,3.9205430607666663
3.921340618862885,3.9214132856524455,3.921437508094455,3.9214132856524477,3.921340618862885
3.9221866196972974,3.922259314549363,3.9222835463456605,3.922259314549366,3.9221866196972974
3.923081081977038,3.9231538065020586,3.923178048189467,3.9231538065020604,3.923081081977038
3.9240240254828014,3.9240967812923673,3.9241210334080976,3.9240967812923686,3.9240240254828014
3.9250154710696017,3.925088259776529,3.925112522858188,3.9250882597765298,3.9250154710696017
3.926055440667602,3.9261282638859667,3.926152538471584,3.926128263885969,3.926055440667602
3.927143957282947,3.927216816628164,3.9272411032562182,3.9272168166281647,3.927143957282947
3.92828104499864,3.9283539420875235,3.9283782412969614,3.9283539420875235,3.92828104499864
3.929466728975513,3.929539665426328,3.929563977756586,3.9295396654263306,3.929466728975513
3.9307010354531595,3.9307740128857107,3.930798338876719,3.930774012885713,3.9307010354531595
3.931983991750978,3.93205701178664,3.93208135197887,3.9320570117866427,3.931983991750978
3.9333156262692075,3.93338869053101,3.9334130454654814,3.9333886905310127,3.9333156262692075
3.934695968490037,3.934769078602729,3.9347934488210248,3.934769078602732,3.934695968490037
3.9361250489787634,3.936198206568854,3.9362225926131518,3.9361982065688577,3.9361250489787634
3.937602899384938,3.937676106080782,3.9377005084938785,3.937676106080785,3.937602899384938
3.9391295524436174,3.9392028098754728,3.9392272292007897,3.939202809875476,3.9391295524436174
3.940705041976634,3.940778351776711,3.9408027885583308,3.940778351776714,3.940705041976634
3.9423294028938773,3.942402766696429,3.9424272214791007,3.942402766696432,3.9423294028938773
3.94400267119467,3.9440760906360306,3.9441005639652107,3.944076090636034,3.94400267119467
3.945724883969166,3.9457983606878235,3.9458228531096835,3.9457983606878266,3.945724883969166
3.9474960793997584,3.9475696150364223,3.9475941270978714,3.9475696150364254,3.9474960793997584
3.9493162967625897,3.9493898929602502,3.949414425208957,3.949389892960253,3.9493162967625897
3.9511855764290464,3.9512592348330364,3.951283787817455,3.95125923483304,3.9511855764290464
3.953103959867337,3.9531776821254043,3.953202256394789,3.953177682125407,3.953103959867337
3.9550714896440997,3.9551452774064604,3.95516987351089,3.9551452774064635,3.9550714896440997
3.9570882094260464,3.9571620643454555,3.9571866828358635,3.957162064345459,3.9570882094260464
3.95915416398165,3.959228087713469,3.9592527291416397,3.959228087713472,3.95915416398165
3.9612693991828913,3.9613433933851363,3.9613680583037585,3.9613433933851394,3.9612693991828913
3.9634339620070076,3.9635080283404394,3.9635327173030963,3.9635080283404425,3.9634339620070076
3.9656479005383622,3.965722040666533,3.9657467542277494,3.965722040666536,3.9656479005383622
3.967911263970265,3.9679854795595793,3.9680102182748422,3.9679854795595824,3.967911263970265
3.9702241026069,3.9702983953267004,3.970323159752451,3.9702983953267035,3.9702241026069
3.9725864678652636,3.9726608393878693,3.972685630081565,3.9726608393878724,3.9725864678652636
3.974998412277163,3.97507286427796,3.975097681798067,3.9750728642779634,3.974998412277163
3.977459989491262,3.9775345236487545,3.9775593685547763,3.977534523648757,3.977459989491262
3.9799712542751493,3.9800458722710186,3.980070745123533,3.980045872271022,3.9799712542751493
3.9825322625174637,3.9826069660366556,3.982631867397312,3.9826069660366588,3.9825322625174637
3.9851430712300653,3.9852178619608423,3.985242792392397,3.985217861960845,3.9851430712300653
3.9878037385502556,3.987878618184248,3.987903578250598,3.9878786181842516,3.9878037385502556
3.990514323743003,3.990589293975313,3.990614284241487,3.9905892939753156,3.990514323743003
3.993274887203285,3.993349949732516,3.9933749707647324,3.993349949732519,3.993274887203285
3.9960854904584067,3.9961606469867466,3.996185699352406,3.996160646986749,3.9960854904584067
3.9989461961703765,3.9990214484036715,3.999046532671392,3.9990214484036746,3.9989461961703765
4.001857068138375,4.001932417786172,4.001957534525821,4.001932417786175,4.001857068138375
4.004818171301201,4.004893620076846,4.00491876985953,4.004893620076849,4.004818171301201
4.007829571739807,4.007905121360481,4.007930304758609,4.0079051213604835,4.007829571739807
4.010891336679854,4.010966988866667,4.010992206453952,4.01096698886667,4.010891336679854
4.014003534494357,4.014079290972391,4.0141045433238665,4.0140792909723935,4.014003534494357
4.017166234706275,4.0172420972046785,4.017267384896732,4.017242097204681,4.017166234706275
4.020379507991288,4.020455478243317,4.020480801853718,4.020455478243318,4.020379507991288
4.023643426180485,4.023719505923598,4.023744866031494,4.0237195059236015,4.023643426180485
4.026958062263205,4.027034253239096,4.027059650425071,4.027034253239098,4.026958062263205
4.0303234903898195,4.030399794344523,4.0304252291905875,4.030399794344525,4.0303234903898195
4.033739785874656,4.033816204558601,4.033841677648244,4.033816204558606,4.033739785874656
4.037207025198918,4.03728356036699,4.0373090722851765,4.037283560366997,4.037207025198918
4.040725286013657,4.040801939425268,4.04082749075849,4.040801939425288,4.040725286013657
4.0442946471427925,4.044371420561937,4.044397011898228,4.044371420562008,4.0442946471427925
4.047915188586171,4.047992083781478,4.0480177157104755,4.047992083781741,4.047915188586171
4.051586991522705,4.0516640102673405,4.051689683380451,4.051664010268313,4.051586991522705
4.055310138313498,4.055387282384735,4.055412997275689,4.055387282388357,4.055310138313498
4.059084712505083,4.059161983682409,4.059187740949212,4.059161983695931,4.059084712505083
4.062910798832651,4.062988198890629,4.06301399914282,4.06298819894107,4.0629107988326485
4.066788483223365,4.066866013904645,4.066891857790365,4.066866014092896,4.066788483223357
4.0707178527996986,4.070795515714228,4.07082140402111,4.070795516416798,4.070717852799667
4.074698995882792,4.074776792131456,4.074802726163054,4.074776794753515,4.074698995882674
4.078732001995697,4.07880993076576,4.078835913746141,4.0788099405515394,4.078732001995257
4.082816961865496,4.082895015189761,4.082921057504201,4.082895051711252,4.082816961863852
4.08695396741864,4.087032110623596,4.08705824936966,4.087032246925416,4.0869539674125
4.0911431117352635,4.091221210516336,4.091247582425418,4.091221719208262,4.091143111712339
4.095384488760724,4.095462037281072,4.09548915060742,4.095463935769881,4.095384488675128
4.099678191587805,4.099753299239823,4.099783046953301,4.099760384588724,4.0996781912682065
4.1040243023566525,4.104089921137117,4.104129353377239,4.104116364363513,4.104024301163321
4.108422833105947,4.108452729574757,4.10852808105503,4.108551418324771,4.108422828650212
4.11287338002686,4.112770083000943,4.112978822943353,4.1131383992303325,4.11287336338968
4.110610333341318,4.116775399458812,4.117478728487114,4.118149992263531,4.110659661079163
