3.607360944162262,3.607381752555228,3.6074025609481835,3.6073817525552294,3.607360944162263
3.607340135769296,3.607402561169635,3.6074233697840796,3.6074025611696348,3.607340135769296
3.607402559176138,3.607464986569936,3.6074857958488833,3.607464986569938,3.607402559176138
3.6075065993687847,3.607569030085105,3.6075898404715665,3.6075690300851044,3.6075065993687847
3.6076522585621222,3.607714693930134,3.6077355058671765,3.607714693930134,3.6076522585621222
3.607839539857083,3.6079019812061337,3.6079227951368833,3.607901981206133,3.607839539857083
3.608068447240778,3.608130895900439,3.6081517122680853,3.6081308959004383,3.608068447240778
3.608338985586648,3.6084014428867595,3.6084222621345967,3.6084014428867595,3.608338985586648
3.608651160654629,3.6087136279253573,3.6087344504967755,3.6087136279253573,3.608651160654629
3.609004979091397,3.60906745766328,3.6090882840017917,3.6090674576632793,3.609004979091397
3.609400448430576,3.609462939634568,3.6094837701838363,3.609462939634568,3.609400448430576
3.609837577093056,3.6099000822605807,3.6099209174644216,3.6099000822605825,3.609837577093056
3.6103163743872853,3.6103788948502964,3.610399735152695,3.6103788948502973,3.6103163743872853
3.6108368505096093,3.6108993876006266,3.6109202334457593,3.610899387600626,3.6108368505096093
3.6113990165446883,3.611461571596843,3.6114824234291016,3.6114615715968448,3.6113990165446883
3.6120028844658725,3.612065458812972,3.612086317076954,3.6120654588129737,3.6120028844658725
3.6126484671356476,3.61271106211222,3.6127319272527783,3.612711062112222,3.6126484671356476
3.6133357783061486,3.613398395247486,3.6134192677097294,3.6133983952474886,3.6133357783061486
3.6140648326196465,3.614127472861862,3.6141483530911573,3.614127472861864,3.6140648326196465
3.614835645609089,3.6148983104891648,3.614919198931179,3.6148983104891665,3.614835645609089
3.615648233698698,3.6157109245545307,3.6157318216552405,3.6157109245545316,3.615648233698698
3.6165026142045686,3.616565332375025,3.616586238580719,3.616565332375026,3.6165026142045686
3.617398805335317,3.6174615521602766,3.617482467917598,3.617461552160279,3.617398805335317
3.6183368261927633,3.6183996030131844,3.6184205287691116,3.6183996030131858,3.6183368261927633
3.619316696772636,3.6193795049305906,3.619400441132493,3.6193795049305906,3.619316696772636
3.6203384379653283,3.6204012788040494,3.6204222258996785,3.620401278804051,3.6203384379653283
3.6214020715566653,3.6214649464206143,3.621485904858122,3.6214649464206166,3.6214020715566653
3.62250762022872,3.622570530463617,3.6225915006915925,3.6225705304636193,3.62250762022872
3.62365510756066,3.6237180545135517,3.623739036981011,3.623718054513554,3.62365510756066
3.6248445580296287,3.624907543048929,3.6249285382053467,3.6249075430489315,3.6248445580296287
3.6260759970116574,3.6261390214471967,3.6261600297425214,3.626139021447199,3.6260759970116574
3.627349450782597,3.6274125159856743,3.627433537870351,3.627412515985677,3.627349450782597
3.6286649465191254,3.6287280538425652,3.6287490897675365,3.628728053842568,3.6286649465191254
3.6300225122997403,3.6300856630979315,3.63010671351467,3.630085663097935,3.6300225122997403
3.631422177105804,3.631485372734761,3.631506438095275,3.631485372734764,3.631422177105804
3.6328639708226333,3.632927212640048,3.632948293396905,3.6329272126400505,3.6328639708226333
3.634347924240627,3.6344112136059,3.6344323102122416,3.6344112136059032,3.634347924240627
3.635874069056379,3.6359374073307,3.6359585202402562,3.635937407330703,3.635874069056379
3.6374424378738985,3.6375058264202678,3.637526956087384,3.637505826420271,3.6374424378738985
3.6390530642057963,3.639116504389107,3.6391376512687454,3.63911650438911,3.6390530642057963
3.6407059824745684,3.6407694756616134,3.6407906402093926,3.640769475661616,3.6407059824745684
3.642401228013822,3.6424647755734,3.64248595824558,3.642464775573403,3.642401228013822
3.6441388370696752,3.644202440372599,3.6442236416261284,3.644202440372602,3.6441388370696752
3.6459188468020383,3.6459825072212113,3.646003727513722,3.645982507221214,3.6459188468020383
3.6477412952860493,3.647805014196493,3.6478262539863358,3.647805014196496,3.6477412952860493
3.6496062215134493,3.6496700002923808,3.649691260038633,3.6496700002923843,3.6496062215134493
3.6515136653940887,3.651577505420951,3.6515987855834386,3.6515775054209536,3.6515136653940887
3.6534636677573835,3.6535275704139147,3.6535488714532174,3.653527570413918,3.6534636677573835
3.6554562703538402,3.6555202370241147,3.6555415594015943,3.6555202370241178,3.6554562703538402
3.657491515856631,3.6575555479271094,3.657576892104931,3.657555547927112,3.657491515856631
3.659569447863181,3.6596335467227714,3.6596549131639113,3.659633546722774,3.659569447863181
3.6616901108967954,3.6617542779368972,3.6617756671051596,3.6617542779369003,3.6616901108967954
3.6638535504083114,3.6639177870228803,3.6639391993829156,3.663917787022883,3.6638535504083114
3.6660598127778274,3.666124120363408,3.6661455563807417,3.6661241203634107,3.6660598127778274
3.668308945316398,3.668373325272193,3.668394785413234,3.668373325272196,3.668308945316398
3.670600996267833,3.6706654499957416,3.670686934727796,3.6706654499957447,3.670600996267833
3.6729360148104675,3.6730005437151654,3.6730220535064557,3.673000543715168,3.6729360148104675
3.6753140510590505,3.675378656548003,3.6754001918676993,3.6753786565480056,3.6753140510590505
3.677735156066563,3.6777998395501106,3.6778214008683263,3.6777998395501137,3.677735156066563
3.6801993818261614,3.6802641447175537,3.6802857325053813,3.680264144717557,3.6801993818261614
3.6827067812731067,3.6827716249885687,3.6827932397180914,3.6827716249885714,3.6827067812731067
3.685257408286761,3.6853223342455412,3.6853439763898423,3.6853223342455443,3.685257408286761
3.6878513176925796,3.6879163273169984,3.6879379973501956,3.6879163273170015,3.6878513176925796
3.690488565264175,3.6905536599796895,3.6905753583769387,3.6905536599796918,3.690488565264175
3.693169207725411,3.693234388960659,3.6932561161981754,3.6932343889606614,3.693169207725411
3.6958933027525056,3.6959585719393604,3.695980328494446,3.6959585719393626,3.6958933027525056
3.6986609089762124,3.6987262675498456,3.6987480539008972,3.698726267549848,3.6986609089762124
3.7014720859839905,3.701537535382917,3.701559352009443,3.70153753538292,3.7014720859839905
3.7043268943222643,3.704392435988396,3.7044142833710407,3.704392435988399,3.7043268943222643
3.707225395498654,3.7072910308773674,3.7073129094979342,3.7072910308773706,3.707225395498654
3.710167651984326,3.7102333825244984,3.7102552928659462,3.7102333825245015,3.710167651984326
3.713153727216287,3.7132195543703674,3.713241496916855,3.7132195543703768,3.713153727216287
3.7161836855997876,3.7162496108238363,3.7162715860607323,3.7162496108238607,3.7161836855997876
3.719257592510728,3.719323617264465,3.719345625678377,3.7193236172645463,3.719257592510728
3.7223755142981103,3.7224416400449303,3.7224636821237667,3.7224416400452243,3.7223755142981103
3.725537518286514,3.725603746493389,3.7256258227265335,3.725603746494481,3.725537518286514
3.7287436727786476,3.7288100049155832,3.7288321157945026,3.7288100049196555,3.728743672778647
3.7319940470578734,3.7320604845957983,3.732082630616237,3.732060484610996,3.731994047057873
3.7352887113908393,3.735355255793511,3.7353774374636535,3.735355255850223,3.7352887113908366
3.7386277370300904,3.73869438972376,3.738716607594645,3.7386943899354135,3.738627737030081
3.7420111962167577,3.7420779584768065,3.7421002132557555,3.7420779592667097,3.7420111962167235
3.7454391621832395,3.7455060347109557,3.745528327684858,3.745506037658951,3.7454391621831116
3.74891170915588,3.748978690498923,3.7490010251137753,3.7489787015011355,3.7489117091554034
3.7524289123570513,3.752495993015093,3.752518380770182,3.752496034076416,3.752428912355271
3.7559908480037034,3.756057988434222,3.756080470875445,3.7560581416790857,3.7559908479970563
3.759597593283623,3.759664641842656,3.759687372618291,3.7596652137674242,3.7595975932588055
3.7632492261980333,3.7633156130344902,3.763339163987644,3.7633177475135207,3.763249226105371
3.7669458246095795,3.76700942010964,3.767035922784269,3.7670173861936567,3.7669458242636003
3.7706874606033502,3.770740320010226,3.7707777208461346,3.7707700502132395,3.7706874593115405
3.774474167321261,3.774486678481781,3.774564590376806,3.77459763450163,3.774474162497905
3.7783057445804396,3.7781676362188383,3.7783963276776817,3.77858173491857,3.7783057265709203
3.776350919978896,3.78148179413546,3.782271349196519,3.7830272509240537,3.776406379979368
