3.131843565064794,3.131859459337078,3.1318753536093293,3.1318594593370794,3.131843565064795
3.1318276707925103,3.1318753537674517,3.131891248197899,3.131875353767452,3.1318276707925103
3.1318753523436373,3.1319230367423327,3.131938931647366,3.131923036742334,3.1318753523436373
3.1319548224392246,3.1320025092108836,3.132018404906911,3.1320025092108823,3.1319548224392246
3.1320660826611353,3.132113772755053,3.1321296695585152,3.1321137727550528,3.1320660826611353
3.132209135224089,3.132256829589679,3.1322727278170492,3.132256829589679,3.132209135224089
3.1323839829757025,3.132431682562524,3.132447582530327,3.1324316825625234,3.1323839829757025
3.132590629396598,3.1326383351543954,3.1326542371792123,3.132638335154396,3.132590629396598
3.132829078600516,3.132876791479245,3.1328926958777386,3.1328767914792444,3.132829078600516
3.133099335334475,3.1331470562843444,3.1331629633732447,3.1331470562843444,3.133099335334475
3.1334014049789145,3.133449134950415,3.1334650450465578,3.1334491349504154,3.1334014049789145
3.133735293547915,3.133783033491839,3.133798946912168,3.1337830334918406,3.133735293547915
3.1341010076893703,3.134148758556869,3.1341646756184294,3.1341487585568704,3.1341010076893703
3.1344985546852393,3.134546317427844,3.1345622384478204,3.1345463174278425,3.1344985546852393
3.134927942451802,3.134975718021451,3.134991643317161,3.1349757180214524,3.134927942451802
3.1353891795399216,3.1354369688890085,3.135452898777914,3.1354369688890107,3.1353891795399216
3.1358822751353626,3.1359300792167506,3.135946014016481,3.135930079216753,3.1358822751353626
3.136407239059082,3.136455058826159,3.1364709988545103,3.136455058826161,3.136407239059082
3.136964081767607,3.13701191817429,3.1370278637492457,3.137011918174293,3.136964081767607
3.137552814353355,3.1376006683541604,3.137616619793888,3.1376006683541613,3.137552814353355
3.1381734485450647,3.1382213210951115,3.1382372787179897,3.1382213210951124,3.1381734485450647
3.1388259967081784,3.1388738887632264,3.1388898528878517,3.1388738887632277,3.1388259967081784
3.139510471845277,3.1395583843617767,3.1395743553069675,3.1395583843617785,3.139510471845277
3.1402268875965405,3.140274821531647,3.1402907996164533,3.1402748215316474,3.1402268875965405
3.1409752582402057,3.141023214551826,3.1410392000955554,3.141023214551826,3.1409752582402057
3.1417555986930807,3.1418035783398945,3.1418195716621162,3.1418035783398968,3.1417555986930807
3.1425679245110567,3.142615928452566,3.142631929873108,3.1426159284525674,3.1425679245110567
3.1434122518896666,3.143460281086209,3.143476290925198,3.1434602810862113,3.1434122518896666
3.144288597664623,3.144336653077419,3.1443526716552617,3.1443366530774206,3.144288597664623
3.145196979312399,3.1452450619035925,3.1452610895410054,3.1452450619035948,3.145196979312399
3.1461374149508874,3.1461855256835576,3.1462015627015703,3.1461855256835602,3.1461374149508874
3.1471099233399746,3.147158063178186,3.1471741098981605,3.147158063178188,3.1471099233399746
3.1481145238822332,3.1481626937910625,3.1481787505346923,3.1481626937910647,3.1481145238822332
3.1491512366235743,3.1491994375691474,3.1492155046584815,3.1491994375691506,3.1491512366235743
3.1502200822539557,3.1502683152034843,3.1502843929609243,3.150268315203486,3.1502200822539557
3.1513210821081143,3.151369348029915,3.151385436778241,3.1513693480299176,3.1513210821081143
3.1524542581662853,3.152502558029835,3.152518658092207,3.152502558029838,3.1524542581662853
3.1536196330549817,3.1536679678309367,3.1536840795309136,3.153667967830939,3.1536196330549817
3.1548172300477995,3.154865600708027,3.1548817243695657,3.1548656007080296,3.1548172300477995
3.1560470730661825,3.1560954805838173,3.156111616531302,3.1560954805838195,3.1560470730661825
3.1573091866803242,3.157357632029769,3.157373780588003,3.157357632029772,3.1573091866803242
3.1586035961099523,3.1586520802669393,3.158668241761166,3.1586520802669416,3.1586035961099523
3.159930327225261,3.1599788511668647,3.1599950259227927,3.1599788511668674,3.159930327225261
3.161289406547788,3.1613379712524847,3.161354159596265,3.161337971252487,3.161289406547788
3.162680861251345,3.162729467699026,3.162745669957295,3.1627294676990285,3.162680861251345
3.164104719162976,3.1641533683349836,3.164169584834861,3.1641533683349854,3.164104719162976
3.165561008763902,3.1656097016430818,3.1656259327121865,3.165609701643085,3.165561008763902
3.167049759190549,3.1670984967612625,3.167114742727719,3.167098496761265,3.167049759190549
3.168571000235538,3.1686197834837064,3.168636044676161,3.168619783483709,3.168571000235538
3.1701247623487374,3.1701735922618837,3.1701898690095045,3.170173592261886,3.1701247623487374
3.1717110766383185,3.1717599542055828,3.171776246838097,3.171759954205585,3.1717110766383185
3.1733299748718413,3.1733789010840314,3.1733952099317126,3.173378901084034,3.1733299748718413
3.174981489477379,3.1750304653270063,3.17504679072069,3.175030465327009,3.174981489477379
3.1766656535446227,3.1767146800259276,3.176731022297038,3.17671468002593,3.1766656535446227
3.1783825008260664,3.178431578935061,3.178447938415597,3.1784315789350632,3.1783825008260664
3.180132065738163,3.1801811964726534,3.1801975734952266,3.180181196472656,3.180132065738163
3.181914383362532,3.181963567722173,3.1819799626200065,3.181963567722175,3.181914383362532
3.183729489447201,3.1837787284335093,3.183795141540444,3.1837787284335124,3.183729489447201
3.185577420407817,3.1856267150242283,3.1856431466747464,3.185626715024231,3.185577420407817
3.187458213328963,3.187507564580854,3.1875240151100845,3.1875075645808564,3.187458213328963
3.189371905965422,3.189421314860148,3.1894377846038777,3.189421314860151,3.189371905965422
3.191318536743517,3.191368004290439,3.1913844935851348,3.1913680042904415,3.191318536743517
3.1932981447624256,3.193347671972972,3.193364181155768,3.1933476719729748,3.1932981447624256
3.195310769795588,3.195360357683257,3.1953768870920007,3.19536035768326,3.195310769795588
3.197356452292059,3.197406101872482,3.1974226518457165,3.1974061018724846,3.197356452292059
3.1994352333779443,3.1994849456689045,3.199501516545894,3.199484945668907,3.1994352333779443
3.2015471548578374,3.2015969308793077,3.201613523000049,3.201596930879309,3.2015471548578374
3.2036922592162567,3.2037420999904507,3.203758713695684,3.2037420999904533,3.2036922592162567
3.2058705896191744,3.2059204961705596,3.205937131801779,3.2059204961705605,3.2058705896191744
3.208082189915495,3.2081321632708413,3.2081488211703104,3.2081321632708435,3.208082189915495
3.210327104638588,3.210377145827015,3.2103938263377745,3.2103771458270187,3.210327104638588
3.212605379007884,3.212655489060869,3.212672192526749,3.212655489060877,3.212605379007884
3.214917058930395,3.214967238881832,3.21498396564748,3.214967238881857,3.214917058930395
3.217262191002386,3.217312441888595,3.2173291922994802,3.217312441888679,3.217262191002386
3.219640822510958,3.219691145370687,3.219707919773172,3.219691145370986,3.219640822510958
3.2220530014357305,3.222103397310033,3.2221201960515335,3.2221033973111437,3.2220530014357305
3.224498776450516,3.2245492463821894,3.2245660698117873,3.22454924638633,3.2244987764505155
3.2269781969250193,3.2270287419564254,3.227045590427096,3.2270287419718717,3.226978196925019
3.229491312926575,3.2295419340914022,3.2295588079683055,3.2295419341490446,3.229491312926573
3.2320381752218927,3.2320888735143085,3.232105773205682,3.2320888737294333,3.232038175221884
3.2346188352788303,3.234669611538263,3.2346865376106853,3.234669612341128,3.234618835278798
3.237233345268105,3.237284199749233,3.237301153357667,3.2372842027455953,3.237233345267984
3.2398817580646293,3.2399326888329,3.239949673325163,3.2399327000156055,3.2398817580641768
3.242564127246284,3.2426151241925854,3.2426321510944756,3.2426151659274915,3.242564127244594
3.2452805070775543,3.2453315295966836,3.245348640932669,3.245331685355296,3.2452805070712447
3.248030952403674,3.2480818461839367,3.248099197684215,3.248082427489783,3.248030952380116
3.250815518019317,3.2508657050511736,3.250883876130479,3.2508678745395074,3.250815517931359
3.2536342549603035,3.2536815798709764,3.2537027272470156,3.2536896766064176,3.253634254631899
3.2564871888083227,3.2565236322254174,3.256555776380188,3.2565538500072506,3.256487187582169
3.259374192961278,3.259369983842185,3.2594428960410697,3.259482759460234,3.259374188383206
3.262294248977573,3.2621392141409804,3.2623630644816743,3.262560103409412,3.262294231884411
3.2607977086510456,3.2645295592624954,3.2653100443352407,3.2661003578113323,3.260854079367112
