3.571079128545663,3.571099615973998,3.5711201034024582,3.5710996159739996,3.571079128545664
3.571058641117328,3.571120103619829,3.571140591265422,3.571120103619829,3.571058641117328
3.5711201016658767,3.5711815661225743,3.5712020544195724,3.5711815661225756,3.5711201016658767
3.5712225370712636,3.571284004785023,3.5713044941677268,3.571284004785022,3.5712225370712636
3.5713659495047305,3.571427421778539,3.5714479126812746,3.5714274217785387,3.5713659495047305
3.571550342006111,3.5716118201431315,3.5716323130002965,3.571611820143132,3.571550342006111
3.5717757184839827,3.571837203787592,3.571857699033645,3.571837203787592,3.5717757184839827
3.572042083715772,3.5721035774896057,3.572124075559109,3.572103577489606,3.572042083715772
3.5723494433479472,3.572410946895965,3.5724314482235684,3.5724109468959644,3.5723494433479472
3.572697803896225,3.572759318522754,3.572779823543238,3.5727593185227535,3.572697803896225
3.5730871727458244,3.5731486997555897,3.573169208903863,3.5731486997555892,3.5730871727458244
3.5735175581517242,3.5735790988499136,3.5735996125610616,3.573579098849915,3.5735175581517242
3.5739889692389775,3.5740505249312986,3.574071043640545,3.574050524931299,3.5739889692389775
3.574501416003049,3.574562987995754,3.5745835121385277,3.5745629879957526,3.574501416003049
3.5750549093101918,3.5751164989101407,3.5751370289220703,3.575116498910143,3.5750549093101918
3.5756494608978433,3.5757110694125505,3.5757316057294855,3.5757110694125527,3.5756494608978433
3.5762850833750615,3.576346712112754,3.5763672551707613,3.5763467121127563,3.5762850833750615
3.5769617902229984,3.577023440492639,3.5770439907280527,3.577023440492641,3.5769617902229984
3.577679595795405,3.5777412689067636,3.577761826756183,3.5777412689067662,3.577679595795405
3.5784385153191387,3.5785002125828385,3.5785207784831328,3.57850021258284,3.5784385153191387
3.579238564894772,3.5793002876223277,3.5793208620106793,3.579300287622329,3.579238564894772
3.580079761497152,3.580141511001023,3.5801620943149217,3.580141511001024,3.580079761497152
3.5809621229760573,3.5810239005696984,3.581044493246975,3.5810239005697007,3.5809621229760573
3.5818856680568323,3.581947475054752,3.5819680775335714,3.5819474750547533,3.5818856680568323
3.582850416341124,3.5829122540589062,3.58293286677781,3.582912254058906,3.582850416341124
3.583856388307568,3.583918258061955,3.5839388814598543,3.5839182580619573,3.583856388307568
3.584903605312576,3.5849655084214898,3.584986142937702,3.5849655084214915,3.584903605312576
3.5859920895911266,3.5860540273737262,3.586074673447984,3.5860540273737285,3.5859920895911266
3.587121864257577,3.5871838380343255,3.5872044961067755,3.5871838380343277,3.587121864257577
3.5882929533065404,3.5883549643992234,3.588375634910474,3.5883549643992256,3.5882929533065404
3.589505381613764,3.589567431345561,3.5895881147366797,3.589567431345564,3.589505381613764
3.590759174937063,3.590821264632589,3.590841961345113,3.590821264632592,3.590759174937063
3.592054359917271,3.592116490902627,3.592137201378601,3.5921164909026295,3.592054359917271
3.5933909640792367,3.5934531376820598,3.593473862364028,3.593453137682061,3.5933909640792367
3.5947690158328416,3.5948312333823527,3.594851972713398,3.5948312333823553,3.5947690158328416
3.5961885444740616,3.596250807301112,3.5962715617248584,3.5962508073011152,3.5961885444740616
3.597649580186055,3.597711889623183,3.597732659583818,3.597711889623186,3.597649580186055
3.59915215404028,3.59921451142176,3.5992352973640416,3.599214511421763,3.59915215404028
3.600696297997656,3.6007587046595435,3.6007795070288267,3.6007587046595466,3.600696297997656
3.602282044909751,3.602344502189929,3.602365321432191,3.602344502189932,3.602282044909751
3.60390942852,3.6039719377582453,3.6039927743200764,3.6039719377582484,3.60390942852
3.6055784834649667,3.605641046002981,3.6056619003316235,3.605641046002984,3.6055784834649667
3.6072892452756276,3.6073518624570977,3.60737273500045,3.6073518624571004,3.6072892452756276
3.6090417503786876,3.6091044235493346,3.6091253147559774,3.6091044235493377,3.6090417503786876
3.610836036097957,3.6108987666055876,3.610919676924795,3.61089876660559,3.610836036097957
3.612672140655722,3.61273492985027,3.6127558597320286,3.6127349298502724,3.612672140655722
3.6145501031741603,3.6146129524077515,3.6146339023027707,3.6146129524077537,3.6145501031741603
3.616469963676822,3.6165328743038123,3.6165538446635557,3.6165328743038154,3.616469963676822
3.6184317630901,3.618494736467135,3.618515727743813,3.618494736467138,3.6184317630901
3.6204355432447586,3.6204985807308128,3.6205195933774337,3.6204985807308154,3.6204355432447586
3.622481346877496,3.6225444498339407,3.6225654843042965,3.6225444498339434,3.622481346877496
3.624569217632522,3.624632387423166,3.6246534441718605,3.624632387423169,3.624569217632522
3.6266992000632157,3.6267624380543455,3.6267835175368224,3.6267624380543486,3.6266992000632157
3.628871339633734,3.628934647194187,3.6289557498667273,3.62893464719419,3.628871339633734
3.6310856827207485,3.6311490612219557,3.631170187541707,3.631149061221959,3.6310856827207485
3.6333422766151626,3.6334057274311915,3.633426877856184,3.633405727431194,3.6333422766151626
3.635641169523859,3.6357046940314754,3.6357258690206318,3.6357046940314786,3.635641169523859
3.637982410571512,3.6380460101502283,3.638067210163396,3.638046010150231,3.637982410571512
3.640366049802415,3.640429725834539,3.640450951332493,3.6404297258345424,3.640366049802415
3.642792138182334,3.642855892053025,3.6428771434974947,3.6428558920530283,3.642792138182334
3.645260727600429,3.6453245606977536,3.645345838551428,3.6453245606977562,3.645260727600429
3.647771870871172,3.6478357845861438,3.647857089312699,3.6478357845861464,3.647771870871172
3.6503256217363127,3.6503896174629564,3.650410949527075,3.650389617462959,3.6503256217363127
3.6529220348669114,3.6529861140023083,3.65300747386969,3.652986114002311,3.6529220348669114
3.6555611658653375,3.6556253298096832,3.6556467179470666,3.655625329809686,3.6555611658653375
3.658243071267375,3.6583073214240267,3.6583287382992014,3.6583073214240294,3.658243071267375
3.660967808544326,3.6610321463198576,3.661053592401689,3.6610321463198603,3.660967808544326
3.6637354361051315,3.6637998629093933,3.6638213386678364,3.6637998629093955,3.6637354361051315
3.6665460132985976,3.666610530544753,3.6666320364508698,3.6666105305447547,3.6665460132985976
3.669399600415559,3.669464209520161,3.669485746046141,3.6694642095201635,3.669399600415559
3.672296258691176,3.6723609610741956,3.6723825286933685,3.6723609610741983,3.672296258691176
3.675236050307187,3.6753008473920876,3.6753224465789485,3.675300847392095,3.675236050307187
3.6782190383942504,3.678283931608021,3.678305562838249,3.678283931608044,3.6782190383942504
3.681245287034293,3.6813102778075044,3.6813319415579864,3.681310277807578,3.681245287034293
3.684314861262909,3.684379951029726,3.684401647778618,3.6843799510299964,3.684314861262909
3.6874278270717897,3.6874930172698743,3.687514747496764,3.687493017270881,3.6874278270717897
3.690584251411186,3.690649543481224,3.6906713076676856,3.690649543484978,3.690584251411186
3.693784202192422,3.6938495975761554,3.6938713962077805,3.6938495975901606,3.6937842021924214
3.697027748290414,3.6970932484232018,3.6971150819971195,3.697093248475472,3.6970277482904117
3.7003149595462625,3.7003805658291284,3.700402434882027,3.7003805660241995,3.700314959546254
3.703645906769838,3.703711620465025,3.7037335256776647,3.703711621193054,3.7036459067698067
3.707020661742316,3.707086483583475,3.7071084261705525,3.7070864863005464,3.707020661742199
3.710439297218166,3.7105052259560147,3.710527209120527,3.710505236096389,3.710439297217729
3.7139018869237517,3.713967913901903,3.7139899482591474,3.7139679517467585,3.7139018869221183
3.717408505535668,3.7174745944686998,3.7174967182674106,3.717474735709384,3.71740850552957
3.7209592285397948,3.7210252401698267,3.721047594632408,3.7210257672938014,3.7209592285170285
3.724554131391477,3.724619543038408,3.7246426527985985,3.7246215103163887,3.724554131306474
3.728193284588071,3.7282561477937475,3.7282819632071837,3.7282634898666913,3.7281932842706893
3.7318767248659555,3.7319298003413306,3.7319655623696977,3.7319572016725053,3.731876723680923
3.735604287048514,3.735620766335924,3.7356932842577755,3.7357230307727125,3.7356042826238474
3.7393746229912868,3.739255693696085,3.739463777552768,3.739637354536725,3.739374606470407
3.7374531174064116,3.7425636079043665,3.7432687777204956,3.7439880033510162,3.7375042331033947
