4.336922284229466,4.3369511432525085,4.336980002275342,4.33695114325251,4.336922284229467
4.336893425206424,4.336980002608359,4.337008861964624,4.336980002608359,4.336893425206424
4.33697999960705,4.337066580009884,4.337095440366467,4.3370665800098855,4.33697999960705
4.337124292053221,4.3372108774576645,4.337239739481474,4.3372108774576645,4.337124292053221
4.3373263058790945,4.337412898286076,4.337441762644098,4.337412898286075,4.3373263058790945
4.3375860457527375,4.337672647163458,4.337701514522773,4.337672647163458,4.3375860457527375
4.337903517676229,4.337990130092264,4.338019001120061,4.337990130092264,4.337903517676229
4.338278728985966,4.338365354409315,4.338394229772937,4.338365354409317,4.338278728985966
4.338711688352896,4.3387983287860985,4.338827209153082,4.3387983287860985,4.338711688352896
4.33920240578291,4.339289063229117,4.3393179492671745,4.339289063229117,4.33920240578291
4.339750892617254,4.339837569080286,4.339866461457375,4.339837569080286,4.339750892617254
4.340357161532958,4.34044385901742,4.340472758401749,4.340443859017422,4.340357161532958
4.341021226543363,4.341107947054709,4.3411368541147635,4.341107947054711,4.341021226543363
4.341743102998696,4.3418298485432985,4.341858763947886,4.341829848543297,4.341743102998696
4.342522807586661,4.34260958017192,4.342638504590173,4.3426095801719224,4.342522807586661
4.343360358333169,4.343447159967552,4.3434760940689925,4.343447159967555,4.343360358333169
4.344255774602974,4.344342607296159,4.344371551750658,4.344342607296162,4.344255774602974
4.345209077100561,4.345295942863443,4.345324898341336,4.345295942863444,4.345209077100561
4.346220287870899,4.346307188715738,4.346336155887771,4.346307188715742,4.346220287870899
4.347289430300402,4.347376368240865,4.347405347778269,4.347376368240868,4.347289430300402
4.348416529117809,4.348503506169057,4.34853249874357,4.348503506169059,4.348416529117809
4.349601610395214,4.349688628574007,4.349717634857877,4.349688628574008,4.349601610395214
4.350844701549146,4.350931762873888,4.35096078353993,4.35093176287389,4.350844701549146
4.352145831341619,4.352232937832465,4.352261973554076,4.352232937832465,4.352145831341619
4.35350502988135,4.353592183560266,4.353621235011464,4.353592183560265,4.35350502988135
4.354922328624929,4.355009531515813,4.355038599371221,4.355009531515815,4.354922328624929
4.356397760378128,4.356485014506859,4.356514099441779,4.356485014506862,4.356397760378128
4.357931359297205,4.358018666691746,4.3580477693821615,4.358018666691748,4.357931359297205
4.3595231608903156,4.359610523580752,4.359639644703388,4.359610523580754,4.3595231608903156
4.3611732020189,4.361260622037576,4.361289762269885,4.3612606220375785,4.3611732020189
4.362881520899201,4.362969000280779,4.362998160300988,4.362969000280782,4.362881520899201
4.36464815710383,4.36473569788537,4.364764878372503,4.364735697885374,4.36464815710383
4.366473151563329,4.36656075578437,4.366589957418301,4.3665607557843735,4.366473151563329
4.368356546567839,4.368444216270497,4.36847343973192,4.368444216270501,4.368356546567839
4.370298385768849,4.37038612299787,4.3704153689684,4.370386122997874,4.370298385768849
4.372298714180888,4.3723865209837705,4.37241579014589,4.372386520983774,4.372298714180888
4.374357578183401,4.374445456610457,4.374474749647629,4.37444545661046,4.374357578183401
4.37647502552262,4.376562977627041,4.37659229522367,4.376562977627045,4.37647502552262
4.378651105313479,4.378739133151467,4.378768475992943,4.378739133151471,4.378651105313479
4.3808858680416085,4.380973973672407,4.381003342445169,4.380973973672409,4.3808858680416085
4.383179365565385,4.383267551051391,4.383296946442916,4.383267551051395,4.383179365565385
4.385531651118015,4.385619918524865,4.385649341223708,4.385619918524868,4.385531651118015
4.387942779309726,4.3880311307063655,4.388060581402188,4.388031130706368,4.387942779309726
4.390412806129919,4.390501243588704,4.390530722972292,4.390501243588707,4.390412806129919
4.392941788949494,4.3930303145462535,4.393059823309566,4.393030314546257,4.392941788949494
4.395529786523119,4.395618402337264,4.395647941173441,4.395618402337266,4.395529786523119
4.398176858991671,4.398265567106257,4.3982951367096685,4.398265567106261,4.398176858991671
4.400883067884631,4.40097187038646,4.401001471452706,4.4009718703864635,4.400883067884631
4.40364847612256,4.40373737510225,4.403767008328211,4.403737375102254,4.40364847612256
4.406473148019692,4.406562145571777,4.406591811655651,4.406562145571781,4.406473148019692
4.409357149286525,4.4094462475095355,4.409475947150829,4.40944624750954,4.409357149286525
4.412300547032477,4.412389748029003,4.412419481928602,4.412389748029007,4.412300547032477
4.415303409768583,4.415392715645408,4.415422484505585,4.415392715645412,4.415303409768583
4.41836580741033,4.418455220278475,4.418485024802903,4.418455220278479,4.41836580741033
4.4214878112804445,4.421577333255266,4.421607174149086,4.42157733325527,4.4214878112804445
4.424669494111783,4.424759127313081,4.424789005282887,4.424759127313084,4.424669494111783
4.42791093005034,4.4280006766023945,4.428030592356304,4.428000676602397,4.42791093005034
4.431212194658156,4.431302056689875,4.431332010937517,4.431302056689878,4.431212194658156
4.434573364916476,4.434663344561436,4.434693338014027,4.434663344561439,4.434573364916476
4.437994519228837,4.438084618625379,4.4381146519957095,4.438084618625383,4.437994519228837
4.441475737424207,4.4415659587155565,4.441596032718033,4.441565958715559,4.441475737424207
4.445017100760312,4.445107446094615,4.445137561445299,4.445107446094618,4.445017100760312
4.4486186919268444,4.448709163457311,4.448739320873947,4.4487091634573135,4.4486186919268444
4.45228059504889,4.4523711949338205,4.4524013951358725,4.452371194933824,4.45228059504889
4.456002895690311,4.45609362609324,4.456123869801876,4.456093626093242,4.456002895690311
4.459785680857211,4.459876543946975,4.459906831885145,4.459876543946978,4.459785680857211
4.463629039001494,4.463720036952303,4.463750369844774,4.463720036952306,4.463629039001494
4.467533060024422,4.467624195015988,4.4676545735893205,4.467624195015991,4.467533060024422
4.471497835280326,4.471589109497909,4.471619534480551,4.47158910949791,4.471497835280326
4.475523457580261,4.475614873214789,4.47564534533705,4.475614873214791,4.475523457580261
4.479610021195796,4.4797015804439475,4.479732100438063,4.47970158044395,4.479610021195796
4.483757621862872,4.48384932692715,4.4838798955273065,4.483849326927158,4.483757621862872
4.48796635678564,4.488058209874494,4.488088827816849,4.488058209874513,4.48796635678564
4.49223632464047,4.492328327968349,4.492358995991082,4.49232832796841,4.49223632464047
4.496567625579941,4.496659781367355,4.496690500210732,4.496659781367573,4.496567625579941
4.500960361236887,4.501052671710411,4.50108344211691,4.501052671711211,4.500960361236887
4.505414634728594,4.505507102120501,4.505537924835293,4.50550710212349,4.505414634728594
4.509930550660943,4.510023177207702,4.510054052980277,4.510023177218852,4.509930550660942
4.514508215132691,4.51460100306911,4.514631932659264,4.514601003110708,4.51450821513269
4.519147735739792,4.519240687276786,4.51927167147696,4.519240687432036,4.519147735739785
4.5238492215797494,4.52394233882129,4.523973378539761,4.523942339400687,4.523849221579722
4.5286127832560235,4.528706067888868,4.528737164460119,4.528706070051233,4.528612783255921
4.533438532882139,4.533531985018047,4.5335631413606166,4.533531993088208,4.533438532881759
4.5383265840839355,4.538420197940573,4.5384514228760855,4.538420228059235,4.538326584082515
4.54327705199047,4.543370799784235,4.543402124143927,4.543370912190136,4.54327705198517
4.548290053157206,4.548383825061975,4.5484153617252465,4.548384244572224,4.5482900531374115
4.553365705091798,4.55345908558122,4.5534912531228615,4.553460651236109,4.553365705017886
4.558504123450533,4.558595559048256,4.558629913948869,4.558601402231474,4.558504123174553
4.563705405614233,4.563789113212408,4.563831441392883,4.563810920566373,4.5637054045837475
4.568969534710378,4.5690240467942695,4.569095817843883,4.569105434057388,4.568969530862607
4.574295819338946,4.574241721410417,4.574422349130995,4.5745454669566925,4.574295804971529
4.571596668131031,4.579224670377467,4.5798063903129975,4.5803582796668625,4.57163734739555
