4.931699647720822,4.931735717791616,4.931771787862722,4.931735717791618,4.931699647720823
4.931663577650028,4.931771788303749,4.931807858815309,4.931771788303749,4.931663577650028
4.931771784340281,4.931879998958077,4.931916070791007,4.9318799989580775,4.931771784340281
4.931952131172544,4.93206035239728,4.932096426432563,4.932060352397278,4.931952131172544
4.932204622551115,4.932312853025961,4.932348930144643,4.93231285302596,4.932204622551115
4.932529264642306,4.932637507010814,4.932673588094108,4.932637507010815,4.932529264642306
4.9329260653746445,4.9330343222808795,4.933070408210148,4.9330343222808795,4.9329260653746445
4.933395034439273,4.93350330852792,4.933539400184736,4.9335033085279205,4.933395034439273
4.933936183290312,4.93404447720679,4.934080575472985,4.93404447720679,4.933936183290312
4.93454952514537,4.934657841535949,4.934693947293623,4.934657841535949,4.93454952514537
4.935235074986118,4.935343416498027,4.935379530629596,4.935343416498028,4.935235074986118
4.935992849558912,4.936101218840468,4.936137342228714,4.93610121884047,4.935992849558912
4.936822867375535,4.9369312670762175,4.936967400604324,4.936931267076219,4.936822867375535
4.93772514871396,4.937833581484571,4.937869726036137,4.937833581484569,4.93772514871396
4.938699715619228,4.938808184111968,4.938844340571093,4.938808184111971,4.938699715619228
4.939746591904407,4.939855098773028,4.93989126802428,4.939855098773031,4.939746591904407
4.9408658031515715,4.9409743510514454,4.94101053397998,4.940974351051447,4.9408658031515715
4.942057376712958,4.942165968301217,4.942202165792756,4.942165968301221,4.942057376712958
4.9433213417120685,4.943429979647717,4.943466192588612,4.943429979647723,4.9433213417120685
4.944657729044971,4.944766415989003,4.944802645266248,4.944766415989004,4.944657729044971
4.946066571381579,4.946175309997065,4.946211556498381,4.946175309997067,4.946066571381579
4.947547903167081,4.947656696119319,4.947692960733145,4.947656696119321,4.947547903167081
4.949101760623385,4.949210610579997,4.94924689419555,4.949210610580001,4.949101760623385
4.950728181750711,4.95083709138176,4.950873394889077,4.950837091381761,4.950728181750711
4.952427206329165,4.95253617830726,4.952572502597228,4.952536178307261,4.952427206329165
4.954198875920486,4.954307912920912,4.954344258885295,4.954307912920913,4.954198875920486
4.956043233869804,4.95615233857063,4.956188707102126,4.956152338570633,4.956043233869804
4.957960325307498,4.958069500389675,4.95810589238196,4.958069500389678,4.957960325307498
4.959950197151111,4.960059445298625,4.96009586164637,4.960059445298628,4.959950197151111
4.962012898107401,4.962122222007355,4.962158663606268,4.96212222200736,4.962012898107401
4.964148478674387,4.964257881017123,4.964294348764009,4.964257881017128,4.964148478674387
4.966356991143537,4.966466474622757,4.966502969415528,4.96646647462276,4.966356991143537
4.9686384896019575,4.9687480569148486,4.968784579652572,4.968748056914852,4.9686384896019575
4.970993029934784,4.971102683782117,4.9711392353650705,4.971102683782123,4.970993029934784
4.973420669827536,4.973530412913787,4.97356699424347,4.9735304129137905,4.973420669827536
4.975921468768567,4.976031303802034,4.976067915781223,4.976031303802038,4.975921468768567
4.9784954880516405,4.978605417744561,4.978642061277352,4.978605417744565,4.9784954880516405
4.981142790778571,4.981252817847233,4.981289493839068,4.981252817847237,4.981142790778571
4.983863441861875,4.983973569026744,4.9840102783844635,4.983973569026748,4.983863441861875
4.98665750802758,4.986767738013419,4.98680448164528,4.986767738013423,4.98665750802758
4.989525057818119,4.98963539335408,4.989672172169824,4.989635393354083,4.989525057818119
4.992466161595207,4.992576605414978,4.992613420325836,4.99257660541498,4.992466161595207
4.995480891542899,4.995591446384792,4.995628298303562,4.995591446384797,4.995480891542899
4.998569321670651,4.9986799902777665,4.99871688011881,4.998679990277771,4.998569321670651
5.001731527816527,5.0018423129368195,5.001879241616153,5.001842312936823,5.001731527816527
5.004967587650425,5.005078492036852,5.00511546047213,5.005078492036855,5.004967587650425
5.008277580677424,5.008388607088057,5.008425616198651,5.008388607088061,5.008277580677424
5.011661588241174,5.0117727394393246,5.011809790146342,5.011772739439329,5.011661588241174
5.0151196935274145,5.015230972281719,5.015268065508069,5.0152309722817225,5.0151196935274145
5.018651981567488,5.0187633906520945,5.0188005273224965,5.018763390652099,5.018651981567488
5.022258539242061,5.0223700814366765,5.022407262477725,5.022370081436681,5.022258539242061
5.025939455284787,5.026051133374859,5.026088359715031,5.026051133374863,5.025939455284787
5.02969482028617,5.029806637062942,5.029843909632685,5.029806637062945,5.02969482028617
5.033524726697383,5.033636684958084,5.033674004689809,5.033636684958086,5.033524726697383
5.037429268834292,5.037541371382211,5.037578739210363,5.037541371382216,5.037429268834292
5.041408542881501,5.041520792526131,5.041558209387204,5.041520792526135,5.041408542881501
5.045462646896471,5.04557504645359,5.045612513286225,5.045575046453594,5.045462646896471
5.049591680813703,5.049704233105558,5.049741750850504,5.049704233105563,5.049591680813703
5.053795746449057,5.053908454304455,5.0539460239046505,5.053908454304459,5.053795746449057
5.058074947504149,5.058187813758568,5.058225436159188,5.058187813758574,5.058074947504149
5.062429389570754,5.062542417066491,5.062580093214987,5.062542417066495,5.062429389570754
5.066859180135395,5.066972371721649,5.067010102567772,5.066972371721652,5.066859180135395
5.071364428583897,5.071477787116948,5.071515573612801,5.071477787116952,5.071364428583897
5.07594524620617,5.076058774549462,5.076096617649535,5.076058774549464,5.07594524620617
5.080601746200916,5.080715447225197,5.08075334788643,5.080715447225202,5.080601746200916
5.085334043680549,5.085447920263992,5.085485879445782,5.085447920263997,5.085334043680549
5.0901422556761275,5.090256310704456,5.090294329368726,5.0902563107044605,5.0901422556761275
5.095026501142363,5.095140737508978,5.095178816620213,5.0951407375089826,5.095026501142363
5.099986900962783,5.100101321568888,5.100139462094174,5.100101321568893,5.099986900962783
5.105023577954919,5.105138185709639,5.105176388618687,5.105138185709642,5.105023577954919
5.110136656875536,5.110251454696068,5.110289720961295,5.110251454696071,5.110136656875536
5.115326264426111,5.115441255237816,5.115479585834361,5.115441255237825,5.115326264426111
5.12059252925818,5.120707715994742,5.12074611190051,5.120707715994751,5.12059252925818
5.125935581978943,5.1260509675824775,5.12608942977819,5.126050967582491,5.125935581978943
5.131355555156863,5.131471142578039,5.131509672047286,5.131471142578081,5.131355555156863
5.136852583327379,5.136968375525545,5.1370069732548345,5.136968375525686,5.136852583327379
5.142426802998717,5.142542802941945,5.142581469920827,5.142542802942457,5.142426802998717
5.148078352657754,5.148194563322684,5.148233300544079,5.148194563324593,5.148078352657753
5.153807372776,5.153923797146974,5.153962605608212,5.153923797154093,5.153807372776
5.159614005815648,5.159730646881011,5.15976952758771,5.159730646907578,5.159614005815646
5.165498396235701,5.165615256973725,5.16565421095404,5.165615257072871,5.165498396235696
5.171460690498184,5.171577773824151,5.171616802181859,5.171577774194172,5.171460690498166
5.1775010370742045,5.177618345642852,5.177657449755076,5.177618347023806,5.177501037074135
5.1836195864489145,5.183737121917985,5.1837763041717855,5.183737127071842,5.183619586448657
5.189816491119593,5.1899342514083955,5.189973517942248,5.189934270643126,5.189816491118634
5.196091905552807,5.196209874653765,5.196249245545684,5.196209946439786,5.196091905549225
5.202445985902494,5.202564096108179,5.202603643146948,5.202564364021112,5.202445985889119
5.208878888331393,5.208996880729526,5.209036866912813,5.208997880608608,5.20887888828145
5.215390759184394,5.215507671565721,5.2155490631661685,5.215511403219064,5.215390758997905
5.221981677639977,5.222093983182806,5.222140310967077,5.222107910103575,5.221981676943619
5.228651321270071,5.22874627255846,5.228810287415764,5.2287982492845435,5.228651318669822
5.225293169209588,5.235429498365213,5.235556316852982,5.235623480949019,5.225300130069668
