3.8863055839566556,3.8863294192839173,3.8863532546111847,3.8863294192839186,3.8863055839566565
3.886281748629394,3.8863532548736326,3.886377090463364,3.886353254873633,3.886281748629394
3.886353252511417,3.8864247611178593,3.886448597495007,3.8864247611178615,3.886353252511417
3.8864724270478543,3.88654393959141,3.886567777280933,3.886543939591409,3.8864724270478543
3.8866392748632754,3.886710792918982,3.8867346324459136,3.886710792918981,3.8866392748632754
3.8868537996322106,3.8869253247753286,3.8869491666647598,3.8869253247753286,3.8868537996322106
3.887116006079301,3.8871875398853586,3.887211384662478,3.887187539885358,3.887116006079301
3.887425899979471,3.887497444024339,3.887521292214439,3.8874974440243393,3.887425899979471
3.8877834881581492,3.887855044018093,3.887878896146597,3.8878550440180923,3.8877834881581492
3.888188778491561,3.888260347743287,3.8882842043357786,3.8882603477432864,3.888188778491561
3.8886417799069646,3.888713364127714,3.888737225709946,3.888713364127714,3.8886417799069646
3.8891425023830917,3.889214103150665,3.889237970248582,3.889214103150667,3.8891425023830917
3.889690956950431,3.88976257584329,3.8897864489830396,3.889762575843291,3.889690956950431
3.8902871556917495,3.8903587942890305,3.8903826739970033,3.890358794289029,3.8902871556917495
3.8909311117424665,3.8910027716240716,3.891026658426915,3.8910027716240734,3.8909311117424665
3.8916228392912293,3.891694522037892,3.891718416462521,3.891694522037894,3.8916228392912293
3.8923623535804337,3.892434060773758,3.8924579633473777,3.89243406077376,3.8923623535804337
3.8931496709067965,3.893221404129335,3.8932453153794713,3.893221404129337,3.8931496709067965
3.893984808622022,3.8940565694573253,3.8940804899118326,3.894056569457329,3.893984808622022
3.8948677851334312,3.8949395751661235,3.89496350535321,3.8949395751661244,3.8948677851334312
3.8957986199047006,3.8958704407205156,3.895894381168786,3.8958704407205165,3.8957986199047006
3.8967773334565967,3.8968491866424637,3.8968731378808954,3.8968491866424646,3.8967773334565967
3.897803947367761,3.8978758345118667,3.897899797069854,3.897875834511869,3.897803947367761
3.89887848427557,3.8989504069674057,3.898974381374783,3.898950406967407,3.89887848427557
3.9000009678769874,3.900072927707408,3.900096914494469,3.9000729277074075,3.9000009678769874
3.9011714229294783,3.9012434214907623,3.901267421188289,3.901243421490765,3.9011714229294783
3.9023898752519526,3.9024619141379,3.9024859272771475,3.902461914137902,3.9023898752519526
3.9036563517257967,3.903728432531743,3.9037524596445055,3.903728432531746,3.9036563517257967
3.904970880295883,3.9050430046187836,3.905067046237386,3.9050430046187863,3.904970880295883
3.9063334899716424,3.906405659410133,3.9064297160674624,3.906405659410136,3.9063334899716424
3.90774421082821,3.907816426982669,3.9078404992121842,3.9078164269826723,3.90774421082821
3.9092030740075496,3.909275338480157,3.909299426815924,3.90927533848016,3.9092030740075496
3.910710111719699,3.910782426114491,3.910806531091204,3.9107824261144937,3.910710111719699
3.912265357243967,3.912337723166915,3.9123618453198987,3.912337723166918,3.912265357243967
3.9138688449302554,3.913941263989313,3.9139654038545615,3.9139412639893165,3.9138688449302554
3.9155206102003532,3.9155930840055313,3.9156172421197235,3.915593084005534,3.9155206102003532
3.9172206895493287,3.9172932197127492,3.9173173966132624,3.9172932197127524,3.9172206895493287
3.9189691205469255,3.919041708682881,3.919065904907821,3.919041708682884,3.9189691205469255
3.920765941839021,3.9208385895640423,3.920862805652262,3.920838589564045,3.920765941839021
3.9226111931490952,3.922683902082018,3.9227081385731335,3.9226839020820212,3.9226111931490952
3.9245049152797873,3.924577687041812,3.924601944476227,3.924577687041815,3.9245049152797873
3.9264471501144773,3.9265199863292235,3.926544265248158,3.926519986329226,3.9264471501144773
3.9284379406188794,3.9285108429124573,3.928535143857953,3.9285108429124604,3.9284379406188794
3.9304773308427112,3.930550300843783,3.9305746243587345,3.9305503008437856,3.9304773308427112
3.9325653659213966,3.9326384052612435,3.9326627518894175,3.932638405261247,3.9325653659213966
3.9347020920778077,3.9347752023903837,3.93479957267644,3.9347752023903872,3.9347020920778077
3.936887556624055,3.9369607395460586,3.9369851340355715,3.9369607395460617,3.936887556624055
3.939121807963307,3.9391950651342427,3.9392194843737127,3.9391950651342453,3.939121807963307
3.941404895591657,3.9414782286539016,3.941502673190799,3.9414782286539047,3.941404895591657
3.9437368701000604,3.9438102806989113,3.9438347510816785,3.9438102806989144,3.9437368701000604
3.9461177831762555,3.9461912729600157,3.946215769738095,3.946191272960019,3.9461177831762555
3.948547687606772,3.948621258226809,3.948645781950661,3.948621258226812,3.948547687606772
3.9510266372790057,3.951100290389804,3.9511248416109273,3.9511002903898067,3.9510266372790057
3.9535546871832414,3.953628424442475,3.9536530037134416,3.953628424442478,3.9535546871832414
3.956131893414824,3.9562057164834274,3.9562303243578816,3.9562057164834306,3.956131893414824
3.9587583131763124,3.9588322237185323,3.958856860751242,3.9588322237185345,3.9587583131763124
3.961434004779695,3.961508004463167,3.9615326712100014,3.96150800446317,3.961434004779695
3.9641590276486345,3.9642331181444375,3.9642578151624392,3.96423311814444,3.9641590276486345
3.9669334423207885,3.9670076253035114,3.967032353150891,3.9670076253035145,3.9669334423207885
3.9697573104501225,3.969831587597944,3.969856346834092,3.9698315875979473,3.9697573104501225
3.972630694809321,3.972705067804056,3.972729858989589,3.972705067804059,3.972630694809321
3.9755536592922085,3.975628129819384,3.975652953516148,3.9756281298193876,3.9755536592922085
3.978526268916212,3.9786008386651313,3.978625695436239,3.9786008386651344,3.978526268916212
3.981548589824895,3.981623260488699,3.981648150898538,3.9816232604887025,3.981548589824895
3.984620689290505,3.984695462566248,3.9847203871805053,3.98469546256625,3.984620689290505
3.987742635716585,3.9878175133052913,3.9878424726909834,3.9878175133052944,3.987742635716585
3.990914498640623,3.9909894822473566,3.9910144769728504,3.9909894822473593,3.990914498640623
3.994136348736734,3.994211440070673,3.9942364707056988,3.9942114400706767,3.994136348736734
3.997408257818423,3.9974834585929138,3.9975085257085943,3.9974834585929164,3.997408257818423
4.000730298841347,4.000805610773975,4.000830714942844,4.000805610773977,4.000730298841347
4.004102545906132,4.004177970718802,4.004203112514837,4.004177970718803,4.004102545906132
4.00752507426129,4.007600613680271,4.007625793678909,4.0076006136802755,4.00752507426129
4.010997960306085,4.0110736160621,4.011098834840245,4.011073616062104,4.010997960306085
4.014521281593527,4.014597055421796,4.014622313557873,4.014597055421805,4.014521281593527
4.018095116833362,4.018171010473691,4.018196308547658,4.01817101047372,4.018095116833362
4.021719545895141,4.021795561091961,4.02182089968533,4.021795561092071,4.021719545895141
4.025394649811313,4.025470788313693,4.0254961680096395,4.025470788314091,4.025394649811313
4.029120510780361,4.029196774341869,4.029222195725446,4.029196774343339,4.029120510780361
4.032897212169995,4.032973602547992,4.032999066206937,4.032973602553458,4.032897212169995
4.036724838520401,4.036801357473168,4.036826864000858,4.036801357493572,4.0367248385204
4.040603475547467,4.040680124823429,4.040705674829758,4.040680124899581,4.0406034755474645
4.044533210145977,4.044609991443329,4.04463558559517,4.044609991727526,4.044533210145964
4.048514130392076,4.048591045208738,4.048616684380069,4.0485910462694,4.048514130392028
4.052546325541366,4.0526233746194915,4.052649060446968,4.0526233785779775,4.052546325541188
4.056629886001425,4.056707067280897,4.0567328042103465,4.056707082054362,4.056629886000762
4.06076490315455,4.060842204292337,4.060868007059151,4.06084225942837,4.060764903152074
4.064951468307438,4.065028839674749,4.065054760305552,4.0650290454479014,4.06495146829819
4.069189666549993,4.069266925793687,4.0692931490404,4.069267693759504,4.069189666515466
4.073479540936917,4.0735560479096105,4.07358321630286,4.073558914034253,4.073479540808001
4.077820883675727,4.077894508604981,4.077924754227178,4.077905205266651,4.07782088319437
4.082212018952539,4.082276348607417,4.08231608673422,4.082316269610806,4.082212017155211
4.080001229886719,4.086682780137934,4.08674697449149,4.086831769287149,4.080006576420228
