3.5653519195104844,3.565372281930752,3.565392644351007,3.5653722819307534,3.5653519195104852
3.5653315570902167,3.5653926445665487,3.5654130072023764,3.5653926445665487,3.5653315570902167
3.5653926426263043,3.5654537320428448,3.565474095325421,3.5654537320428465,3.5653926426263043
3.5654944530028208,3.5655555456531167,3.565575910013627,3.5655555456531154,3.5654944530028208
3.565636990375458,3.565698087553174,3.5657184534228383,3.5656980875531734,3.565636990375458
3.565820257762319,3.5658813607612827,3.565901728571392,3.5658813607612827,3.565820257762319
3.5660442590439922,3.566105369158256,3.56612573934016,3.566105369158256,3.5660442590439922
3.5663089989637213,3.5663701174875917,3.5663904904727355,3.566370117487592,3.5663089989637213
3.5666144831275632,3.566675611355668,3.5666959875755944,3.5666756113556675,3.5666144831275632
3.566960718004612,3.5670218572319308,3.5670422371183066,3.567021857231931,3.566960718004612
3.567347710927219,3.567408862449139,3.5674292464337665,3.5674088624491396,3.567347710927219
3.567775470091281,3.567836635203652,3.5678570237184895,3.5678366352036535,3.567775470091281
3.568244004556549,3.5683051845557148,3.568325578032877,3.568305184555716,3.568244004556549
3.5687533242469223,3.5688145204297888,3.568834919301584,3.5688145204297874,3.5687533242469223
3.5693034399508807,3.569364653614944,3.5693850583138795,3.5693646536149455,3.5693034399508807
3.569894363321836,3.56995559576525,3.5699760067240423,3.569955595765252,3.569894363321836
3.570526106878574,3.57058735940018,3.57060777705178,3.5705873594001822,3.570526106878574
3.571198684005736,3.571259957905117,3.571280382682735,3.5712599579051187,3.571198684005736
3.5719121089542853,3.5719734055318257,3.571993837868922,3.571973405531829,3.5719121089542853
3.572666396842067,3.5727277173989886,3.5727481577293085,3.5727277173989895,3.572666396842067
3.5734615636543428,3.573522909492751,3.5735433582503386,3.573522909492752,3.5734615636543428
3.5742976262444004,3.5743589986673405,3.5743794562865543,3.5743589986673423,3.5742976262444004
3.575174602334163,3.575236002645667,3.5752564695611873,3.5752360026456698,3.575174602334163
3.5760925105148584,3.57615394002,3.5761744166668477,3.576153940020001,3.5760925105148584
3.577051370247713,3.577112830252636,3.5771333170661963,3.5771128302526356,3.577051370247713
3.5780512018646524,3.5781126936766294,3.5781331910926797,3.578112693676631,3.5780512018646524
3.579092026569076,3.579153551496568,3.5791740599512565,3.57915355149657,3.579092026569076
3.5801738664366205,3.5802354257893136,3.580255945719216,3.580235425789315,3.5801738664366205
3.5812967444160098,3.5813583395048645,3.5813788713469665,3.5813583395048667,3.5812967444160098
3.5824606843298783,3.582522316467182,3.582542860658917,3.5825223164671853,3.5824606843298783
3.5836657108756653,3.5837273813750796,3.583747938354345,3.5837273813750823,3.5836657108756653
3.584911849626526,3.5849735598031347,3.5849941300082935,3.5849735598031374,3.584911849626526
3.5861991270322875,3.586260878202646,3.586281462072556,3.5862608782026486,3.5861991270322875
3.587527570420434,3.587589363902613,3.587609961876639,3.587589363902615,3.587527570420434
3.588897207997097,3.5889590451107467,3.5889796576287734,3.588959045110749,3.588897207997097
3.590308068848131,3.590369950914509,3.5903905784169674,3.590369950914511,3.590308068848131
3.5917601829401593,3.591822111282202,3.591842754210073,3.5918221112822057,3.5917601829401593
3.593253581121725,3.593315557064075,3.5933362158589115,3.5933155570640776,3.593253581121725
3.594788295124399,3.594850319993475,3.5948709950974216,3.5948503199934776,3.594788295124399
3.596364357563984,3.596426432688013,3.5964471245438148,3.5964264326880153,3.596364357563984
3.5979818019417107,3.598043928650789,3.5980646377018184,3.5980439286507915,3.5979818019417107
3.599640662645479,3.599702842271613,3.599723568961879,3.5997028422716157,3.599640662645479
3.6013409749511514,3.601403208828312,3.601423953602485,3.601403208828315,3.6013409749511514
3.6030827750238332,3.603145064488016,3.603165827791423,3.6031450644880185,3.6030827750238332
3.6048660999192528,3.604928446308503,3.6049492285871665,3.604928446308506,3.6048660999192528
3.606690987585104,3.606753392239587,3.6067741939402342,3.6067533922395896,3.606690987585104
3.6085574768624715,3.6086199411245126,3.608640762694597,3.6086199411245157,3.6085574768624715
3.6104656074872685,3.610528132701416,3.6105489745891153,3.610528132701419,3.6104656074872685
3.6124154200917205,3.612478007604776,3.612498870259037,3.612478007604779,3.6124154200917205
3.614406956205857,3.6144696073669405,3.614490491237472,3.614469607366943,3.614406956205857
3.616440258259067,3.6165029744196624,3.616523879956967,3.6165029744196655,3.616440258259067
3.6185153695816865,3.6185781520956906,3.6185990797510708,3.6185781520956923,3.6185153695816865
3.620632334406571,3.6206951846303492,3.6207161348559374,3.6206951846303514,3.620632334406571
3.622791197870774,3.6228541171632083,3.622875090411966,3.6228541171632114,3.622791197870774
3.624992006017218,3.625054995739758,3.6250759924655065,3.6250549957397604,3.624992006017218
3.627234805796398,3.627297867313102,3.6273188879705396,3.6272978673131053,3.627234805796398
3.6295196450681226,3.6295827797457343,3.6296038247904394,3.6295827797457365,3.6295196450681226
3.631846572603309,3.63190978181128,3.631930851699745,3.6319097818112835,3.631846572603309
3.6342156380857826,3.6342789231963377,3.6343000183859813,3.634278923196341,3.6342156380857826
3.6366268921141303,3.6366902545023185,3.6367113754514935,3.6366902545023216,3.6366268921141303
3.6390803862035783,3.639143827247329,3.6391649744153467,3.6391438272473313,3.6390803862035783
3.6415761727879246,3.6416396938680817,3.641660867715233,3.641639693868085,3.6415761727879246
3.6441143052214557,3.6441779077218523,3.644199108709416,3.6441779077218546,3.6441143052214557
3.6466948377809687,3.6467585230884585,3.6467797516787344,3.646758523088461,3.6466948377809687
3.649317825667768,3.6493815951722963,3.6494028518285933,3.649381595172299,3.649317825667768
3.6519833250097293,3.652047180104361,3.6520684652910513,3.6520471801043635,3.6519833250097293
3.654691392863383,3.654755334944383,3.654776649126892,3.6547553349443858,3.654691392863383
3.657442087216038,3.6575061176829067,3.6575274613277338,3.657506117682909,3.657442087216038
3.6602354669879533,3.6602995872434843,3.6603209608182334,3.660299587243486,3.6602354669879533
3.663071592034522,3.6631358034848427,3.663157207458239,3.663135803484846,3.663071592034522
3.6659505231484903,3.666014827203141,3.666036262045028,3.6660148272031434,3.6659505231484903
3.6688723220622523,3.6689367201342145,3.6689581863155927,3.6689367201342185,3.6688723220622523
3.671837051450115,3.671901544955874,3.671923042948915,3.671901544955878,3.671837051450115
3.674844774930662,3.6749093652902594,3.674930895568317,3.674909365290268,3.674844774930662
3.6778955570691068,3.6779602457061915,3.6779818087438327,3.677960245706218,3.6778955570691068
3.680989463379707,3.681054251721576,3.6810758479946,3.6810542517216676,3.680989463379707
3.6841265603282145,3.684191449805814,3.6842130797913315,3.6841914498061517,3.6841265603282145
3.687306915334334,3.687371907382142,3.6873935715587614,3.6873719073833913,3.687306915334334
3.6905305967742583,3.690595692829663,3.6906173916781824,3.6905956928343207,3.6905305967742583
3.6937976739832026,3.693862875484082,3.693884609489986,3.6938628755014604,3.6937976739832017
3.6971082172579717,3.697173525633477,3.697195295296225,3.697173525698338,3.697108217257969
3.7004622978594535,3.7005277144956357,3.7005495203631034,3.7005277147376954,3.7004622978594433
3.7038599880145004,3.7039255141265133,3.703947356922866,3.7039255150299017,3.703859988014462
3.707301360914109,3.7073669970730605,3.707388878171942,3.7073670004445907,3.707301360913964
3.710786490689765,3.710852235079686,3.7108741582472544,3.7108522476625594,3.7107864906892223
3.7143154522622637,3.7143812943086703,3.714403272074826,3.714381341269176,3.714315452260237
3.717888320446896,3.717954217817912,3.7179762944742105,3.7179543930790855,3.717888320439329
3.7215051647227195,3.7215709620418815,3.721593294925014,3.7215716161336374,3.7215051646944675
3.725166018725763,3.725231170701887,3.725254307050325,3.7252336118359883,3.725166018620277
3.7288707024044725,3.728933394989581,3.7289591507384134,3.728942505539716,3.7288707020106107
3.732617785360861,3.732672556113559,3.7327063953740343,3.7327065575738536,3.7326177838902574
3.7307312851652537,3.7364326487297674,3.7364873170703174,3.736559545491411,3.730735838969725
