3.8840470387472945,3.8840709134949543,3.8840947882427757,3.884070913494956,3.8840470387472954
3.8840231639996348,3.884094788506001,3.884118663516738,3.884094788506001,3.8840231639996348
3.8840947861400834,3.884166413012685,3.884190288812172,3.8841664130126863,3.8840947861400834
3.88421415777608,3.884285788592486,3.884309665706593,3.8842857885924853,3.88421415777608
3.884381281536643,3.8844529178745875,3.884476796829236,3.884452917874587,3.884381281536643
3.884596161102571,3.884667804539996,3.884691685861164,3.8846678045399954,3.884596161102571
3.884858801206537,3.884930453321659,3.8849543375354325,3.8849304533216586,3.884858801206537
3.885169207633313,3.88524087000468,3.8852647576372425,3.8852408700046803,3.885169207633313
3.885527387219949,3.8855990614265106,3.885622953004189,3.88559906142651,3.885527387219949
3.8859333478560725,3.8860050354772295,3.8860289315264995,3.8860050354772295,3.8859333478560725
3.886387098484159,3.8864588010998387,3.8864827021473487,3.8864588010998387,3.886387098484159
3.886888649099933,3.886960368290626,3.8869842748632113,3.8869603682906275,3.886888649099933
3.887438010752679,3.88750974809953,3.8875336607242494,3.8875097480995313,3.887438010752679
3.8880351955457315,3.8881069526305843,3.8881308718347123,3.888106952630583,3.8880351955457315
3.8886802166369048,3.8887519950423557,3.888775921353444,3.8887519950423584,3.8886802166369048
3.8893730882390267,3.8894448895485003,3.8894688234943624,3.8894448895485025,3.8893730882390267
3.890113825620456,3.8901856514182622,3.8902095935270076,3.8901856514182644,3.890113825620456
3.890902445105703,3.890974296977092,3.890998247777149,3.890974296977095,3.890902445105703
3.891738964076034,3.8918108436072707,3.8918348036273924,3.8918108436072734,3.891738964076034
3.8926234009701624,3.8926953097485755,3.892719279517875,3.892695309748577,3.8926234009701624
3.8935557752849483,3.8936277148989937,3.893651694946969,3.8936277148989946,3.8935557752849483
3.8945361075761644,3.8946080796154825,3.894632070472025,3.8946080796154834,3.8945361075761644
3.895564419459261,3.895636425514751,3.895660427710169,3.8956364255147538,3.895564419459261
3.8966407336102336,3.8967127752741124,3.8967367893391422,3.8967127752741137,3.8966407336102336
3.8977650737664735,3.8978371526323254,3.8978611790981716,3.8978371526323254,3.8977650737664735
3.8989374647277057,3.899009582390551,3.899033621788899,3.899009582390553,3.8989374647277057
3.900157932356921,3.9002300904132863,3.900254143276313,3.9002300904132885,3.900157932356921
3.9014265035814097,3.9014987036293722,3.9015227704897772,3.9014987036293745,3.9014265035814097
3.9027432063937644,3.902815450033025,3.90283953142405,3.9028154500330277,3.9027432063937644
3.9041080698529806,3.9041803586849224,3.904204455140372,3.9041803586849255,3.9041080698529806
3.9055211240855687,3.905593459713326,3.9056175717675785,3.9055934597133297,3.9055211240855687
3.906982400286737,3.907054784315251,3.907078912503294,3.907054784315254,3.906982400286737
3.9084919307215746,3.9085643647576473,3.9085885096150927,3.9085643647576505,3.9084919307215746
3.9100497487263026,3.9101222343786746,3.9101463964417773,3.910122234378678,3.9100497487263026
3.911655888709583,3.9117284275889874,3.9117526073946625,3.9117284275889905,3.911655888709583
3.9133103861538134,3.913382979873042,3.9134071779588924,3.913382979873045,3.9133103861538134
3.9150132776165245,3.9150859277904835,3.915110144694822,3.9150859277904857,3.9150132776165245
3.916764600731777,3.916837308977559,3.916861545239419,3.9168373089775628,3.916764600731777
3.91856439421163,3.9186371621485683,3.9186614183077375,3.9186371621485714,3.91856439421163
3.9204126978476226,3.920485527097358,3.920509803694391,3.9204855270973606,3.9204126978476226
3.922309552512314,3.922382444698861,3.922406742275098,3.922382444698864,3.922309552512314
3.924255000160882,3.924327956910683,3.9243522760082814,3.9243279569106857,3.924255000160882
3.9262490838327264,3.926322106774718,3.9263464479366657,3.926322106774721,3.9262490838327264
3.9282918476531195,3.9283649384188037,3.928389302188942,3.928364938418807,3.9282918476531195
3.9303833368349506,3.9304564970584455,3.9304808839814904,3.9304564970584486,3.9303833368349506
3.932523597680439,3.93259682899856,3.9326212396201106,3.9325968289985633,3.932523597680439
3.934712677582948,3.9347859816352475,3.9348104165018385,3.934785981635251,3.934712677582948
3.9369506250288087,3.9370240034576556,3.93704846311675,3.9370240034576587,3.9369506250288087
3.93923748959918,3.939310944049826,3.939335429049844,3.9393109440498293,3.93923748959918
3.941573321972001,3.9416468540926304,3.941671364982979,3.9416468540926335,3.941573321972001
3.9439581739239156,3.9440317853657247,3.9440563226968086,3.944031785365728,3.9439581739239156
3.9463920983323004,3.9464657907495515,3.9464903550727963,3.9464657907495546,3.9463920983323004
3.948875149177304,3.948948924227394,3.948973516095282,3.948948924227397,3.948875149177304
3.951407381543934,3.9514812408874587,3.9515058608535174,3.9514812408874613,3.951407381543934
3.9539888516241852,3.954062796925007,3.954087445543865,3.95406279692501,3.9539888516241852
3.956619616719227,3.956693649644526,3.9567183274719206,3.9566936496445297,3.956619616719227
3.959299735241602,3.959373857461968,3.95939856505477,3.959373857461971,3.959299735241602
3.962029266717522,3.9621034799069834,3.9621282178232087,3.9621034799069865,3.962029266717522
3.9648082717891238,3.964882577625248,3.964907346424091,3.964882577625251,3.9648082717891238
3.9676368122168717,3.967711212380803,3.9677360126226575,3.9677112123808063,3.9676368122168717
3.9705149508819058,3.9705894470584533,3.9706142793049244,3.9705894470584564,3.9705149508819058
3.9734427517884994,3.973517345666186,3.9735422104801246,3.9735173456661896,3.9734427517884994
3.976420280066541,3.9764949733376818,3.9765198712831986,3.976494973337685,3.976420280066541
3.9794476019740546,3.9795223963348088,3.979547327977299,3.979522396334812,3.9794476019740546
3.982524784899761,3.9825996820502154,3.982624647956381,3.982599682050218,3.982524784899761
3.9856518973656994,3.9857268990099177,3.985751899747791,3.9857268990099204,3.9856518973656994
3.9888290090298777,3.988904116875984,3.9889291530149436,3.988904116875987,3.9888290090298777
3.9920561906889693,3.9921314064492046,3.9921564785600028,3.9921314064492077,3.9920561906889693
3.995333514281083,3.9954088396718728,3.99543394832666,3.9954088396718745,3.995333514281083
3.99866105288853,3.998736489630547,3.998761635402893,3.998736489630549,3.99866105288853
4.002038880740653,4.002114430558902,4.002139614023814,4.002114430558906,4.002038880740653
4.00546707321674,4.005542737840611,4.005567959574559,4.005542737840616,4.00546707321674
4.008945706848916,4.009021488012249,4.009046748593191,4.009021488012265,4.008945706848916
4.01247485932513,4.012550758766282,4.012576058773697,4.012550758766333,4.01247485932513
4.016054609492175,4.01613062895406,4.01615596896899,4.016130628954236,4.016054609492175
4.019685037358728,4.019761178588797,4.019786559193969,4.019761178589457,4.019685037358728
4.023366224098488,4.023442488848434,4.023467910628636,4.0234424888508995,4.023366224098488
4.02709825205331,4.027174642077827,4.027200105621242,4.027174642087016,4.02709825205331
4.030881204736404,4.030957721788331,4.030983227691495,4.0309577218226185,4.030881204736403
4.034715166835583,4.034791812647604,4.034817361533784,4.034791812775572,4.034715166835577
4.03860022421653,4.03867700043273,4.03870259302047,4.038677000910318,4.038600224216509
4.04253646392599,4.04261337184632,4.042639009205051,4.042613373628716,4.04253646392591
4.046523974194336,4.046601013821515,4.046626698324705,4.046601020473592,4.046523974194038
4.050562844434057,4.050640010920712,4.050665749798659,4.050640035746913,4.0505628444329425
4.05465316521431,4.054730435628625,4.054756254202313,4.054730528282464,4.0546531652101505
4.0587950280948215,4.058872312177173,4.058898303099497,4.058872657970486,4.058795028079293
4.062988524637476,4.063065481885749,4.0630919880480265,4.063066772420695,4.062988524579494
4.067233740615297,4.06730910268034,4.067337394786156,4.067313919084784,4.067233740398804
4.071530722194865,4.071599793434163,4.071634569331471,4.071617768733486,4.071530721386514
4.075879278636157,4.075924779529979,4.075983320372085,4.075991865131174,4.075879275617892
4.080277831655498,4.080236725677522,4.080382067495718,4.080487095801234,4.080277820385659
4.07804918770292,4.084362224028899,4.084821128132036,4.085296630192395,4.078082719233278
