3.3880064188941503,3.3880249179532878,3.388043417012398,3.388024917953289,3.388006418894151
3.3879879198350134,3.388043417203554,3.3880619164538834,3.388043417203554,3.3879879198350134
3.3880434154824948,3.3880989145720304,3.3881174143960306,3.3880989145720317,3.3880434154824948
3.3881359092481267,3.388191411206047,3.388209911986187,3.3881914112060465,3.3881359092481267
3.38826540304404,3.3883209090178403,3.3883394111366245,3.38832090901784,3.38826540304404
3.388431899547338,3.388487410684658,3.3885059145246363,3.3884874106846574,3.388431899547338
3.3886354022001517,3.388690919648821,3.388709425592608,3.3886909196488206,3.3886354022001517
3.3888759152098005,3.388931440117866,3.388949948548156,3.3889314401178665,3.3888759152098005
3.389153443548908,3.389208977064704,3.389227488364267,3.389208977064704,3.389153443548908
3.3894679929556246,3.389523536227783,3.3895420507795038,3.3895235362277836,3.3894679929556246
3.3898195699337967,3.389875124111305,3.3898936422981882,3.3898751241113048,3.3898195699337967
3.3902081817532164,3.39026374798546,3.390282270190639,3.390263747985461,3.3902081817532164
3.3906338364498922,3.3906894158866914,3.3907079424934428,3.3906894158866927,3.3906338364498922
3.391096542826334,3.3911521366179858,3.3911706680097407,3.3911521366179858,3.391096542826334
3.3915963104518565,3.391651919749178,3.3916704563095514,3.391651919749179,3.3915963104518565
3.3921331496629668,3.392188775617332,3.3922073177301173,3.392188775617334,3.3921331496629668
3.3927070715636676,3.3927627153270588,3.3927812633762615,3.392762715327061,3.3927070715636676
3.3933180880259446,3.393373750750982,3.3933923051208086,3.393373750750984,3.3933180880259446
3.393966211690126,3.39402189453012,3.3940404556050208,3.3940218945301224,3.393966211690126
3.3946514559653798,3.394707160074374,3.3947257282390186,3.3947071600743755,3.3946514559653798
3.395373835030178,3.395429561562974,3.395448137202312,3.3954295615629753,3.395373835030178
3.3961333638328273,3.3961891139450393,3.3962076974442823,3.396189113945041,3.3961333638328273
3.3969300580919897,3.3969858329400906,3.3970044246847357,3.396985832940093,3.3969300580919897
3.397763934297259,3.397819735038625,3.397838335414452,3.397819735038626,3.397763934297259
3.3986350097097726,3.398690837502704,3.3987094468958285,3.3986908375027034,3.3986350097097726
3.3995433023628223,3.399599158366595,3.399617777163447,3.399599158366598,3.3995433023628223
3.4004888310624932,3.400544716437418,3.4005633450247705,3.40054471643742,3.4004888310624932
3.4014716153883833,3.4015275312958186,3.4015461700608016,3.401527531295821,3.4014716153883833
3.4024916756942627,3.402547623296684,3.4025662726267893,3.4025476232966865,3.4024916756942627
3.403549033108849,3.403605013569874,3.403623673852982,3.403605013569876,3.403549033108849
3.404643709536556,3.4046997240209973,3.404718395645376,3.404699724021,3.404643709536556
3.4057757276582996,3.4058317773321902,3.405850460686529,3.405831777332193,3.4057757276582996
3.40694511093229,3.407001196962944,3.40701989243635,3.4070011969629466,3.40694511093229
3.4081518835949103,3.4082080071509617,3.408226715132982,3.408208007150963,3.4081518835949103
3.4093960706615847,3.409452232913018,3.409470953793653,3.40945223291302,3.4093960706615847
3.4106776979276696,3.41073390004588,3.4107526342156045,3.4107339000458823,3.4106776979276696
3.411996791969422,3.4120530351272365,3.412071782976991,3.4120530351272387,3.411996791969422
3.4133533801449185,3.4134096655166597,3.413428427437898,3.413409665516663,3.4133533801449185
3.4147474905950803,3.4148038193565977,3.4148225957412692,3.4148038193566004,3.4147474905950803
3.416179152244679,3.41623552557339,3.416254316813975,3.4162355255733927,3.416179152244679
3.4176483948033822,3.417704813878328,3.417723620367837,3.41770481387833,3.4176483948033822
3.4191552487668444,3.419211714768709,3.4192305369007157,3.419211714768712,3.4191552487668444
3.420699745417784,3.420756259528963,3.4207750976975992,3.4207562595289653,3.420699745417784
3.4222819168271372,3.422338480231767,3.4223573348317533,3.42233848023177,3.4222819168271372
3.4239017958552247,3.4239584097392313,3.423977281165878,3.423958409739233,3.4239017958552247
3.425559416152929,3.425616081704058,3.4256349703532853,3.4256160817040606,3.425559416152929
3.4272548121629174,3.427311530570795,3.4273304368391515,3.4273115305707975,3.4272548121629174
3.4289880191208932,3.4290447915770526,3.429063715861725,3.4290447915770557,3.4289880191208932
3.4307590730568642,3.4308159007548187,3.430834843453642,3.4308159007548205,3.4307590730568642
3.4325680107964773,3.4326248949317186,3.4326438564431974,3.4326248949317217,3.4325680107964773
3.434414869962306,3.4344718117323882,3.4344907924557138,3.434471811732391,3.434414869962306
3.436299688975262,3.436356689579822,3.436375689914878,3.4363566895798248,3.436299688975262
3.438222507055959,3.4382795676967692,3.4382985880441534,3.4382795676967723,3.438222507055959
3.4401833642261415,3.4402404861071574,3.440259526868189,3.4402404861071605,3.4401833642261415
3.4421823013101527,3.4422394856375402,3.442258547214282,3.4422394856375433,3.4421823013101527
3.444219359936377,3.444276607918579,3.444295690713849,3.444276607918582,3.444219359936377
3.446294582538798,3.446351895386562,3.446370999803949,3.4463518953865644,3.446294582538798
3.4484080123585086,3.4484653912849383,3.448484517728809,3.448465391284941,3.4484080123585086
3.4505596934452845,3.4506171396658782,3.4506362885414097,3.4506171396658813,3.4505596934452845
3.4527496706591907,3.452807185391891,3.4528263571050677,3.452807185391894,3.4527496706591907
3.4549779896721984,3.4550355741374394,3.455054769095076,3.4550355741374417,3.4549779896721984
3.4572446969698536,3.457302352390596,3.457321571000353,3.4573023523905997,3.4572446969698536
3.4595498398529623,3.4596075674547504,3.4596268101251457,3.459607567454753,3.4595498398529623
3.4618934664393115,3.4619512674503,3.4619705345907312,3.4619512674503037,3.4618934664393115
3.4642756256654,3.4643335013164225,3.4643527933371643,3.464333501316425,3.4642756256654
3.466696367288242,3.466754318812839,3.466773636125078,3.4667543188128422,3.466696367288242
3.4691557418871546,3.4692137705216233,3.4692331135374634,3.469213770521625,3.4691557418871546
3.471653800865604,3.4717119078490426,3.471731276981525,3.4717119078490453,3.471653800865604
3.474190596453074,3.4742487830274325,3.4742681786905387,3.4742487830274347,3.474190596453074
3.4767661817069606,3.4768244491170797,3.476843871725768,3.4768244491170823,3.4767661817069606
3.4793806105145064,3.4794389600081685,3.479458409978369,3.47943896000817,3.4793806105145064
3.4820339375947604,3.48209237042273,3.4821118481713667,3.4820923704227336,3.4820339375947604
3.4847262185005516,3.484784735916624,3.4848042418616423,3.484784735916633,3.4847262185005516
3.4874575096205382,3.4875161128815826,3.4875356474419488,3.4875161128816026,3.4874575096205382
3.49022786818123,3.4902865585472287,3.490306122142962,3.4902865585472984,3.49022786818123
3.493037352249094,3.493096130983147,3.4931157240353783,3.4930961309833988,3.493037352249094
3.49588602073265,3.4959448891008953,3.4959645120320064,3.4959448891018274,3.4958860207326494
3.498773933384632,3.498832892655781,3.4988525458899242,3.498832892659256,3.498773933384632
3.5017011508041427,3.501760202247686,3.5017798862126575,3.501760202260643,3.5017011508041422
3.5046677344388804,3.504726879318171,3.504746594452374,3.5047268793665287,3.504667734438878
3.5076737465873764,3.507732986133749,3.5077527329121434,3.507732986314221,3.507673746587369
3.5107192504013014,3.510778585717309,3.510798364748233,3.5107785863908427,3.510719250401273
3.5138043098880103,3.5138637415859546,3.513883553972645,3.5138637440996496,3.5138043098879046
3.5169289899142133,3.5169885167658657,3.5170083654567366,3.516988526147214,3.5169289899138185
3.5200933562161274,3.5201529701065617,3.520172864941228,3.5201530051186536,3.5200933562146535
3.5232974754468147,3.5233571425030368,3.5233771190829577,3.5233572731715266,3.5232974754413116
3.5265414154395254,3.5266010053758152,3.526621195716045,3.526601493043185,3.5265414154189774
3.5298252467261504,3.529884267844666,3.5299051653622175,3.529886087866201,3.52982524664943
3.5331490513588824,3.533205653914485,3.53322911002196,3.533212446409974,3.533149051072429
3.5365129742515484,3.536560186432436,3.5365931744011645,3.536585536679307,3.5365129731820026
3.5399175221721744,3.5399289431625536,3.5399978644709558,3.540023552724091,3.539917518178743
3.5381986831466765,3.5432401995746545,3.5434457875960215,3.5435932915673622,3.538211354276708
