3.3650904137843893,3.365108732913745,3.3651270520431833,3.3651087329137463,3.36509041378439
3.365072094655034,3.3651270522321504,3.3651453715504,3.36512705223215,3.365072094655034
3.3651270505330224,3.365182009809431,3.365200329694118,3.3651820098094323,3.3651270505330224
3.3652186446698216,3.3652736067784397,3.3652919276072057,3.3652736067784383,3.3652186446698216
3.365346878953451,3.3654018450273053,3.3654201671778288,3.3654018450273053,3.365346878953451
3.365511756027244,3.3655667271994996,3.3655850510495116,3.3655667271994996,3.365511756027244
3.365713279289928,3.365768256693932,3.365786582621221,3.3657682566939315,3.365713279289928
3.365951452895765,3.366006437665088,3.3660247660475124,3.366006437665088,3.365951452895765
3.3662262817546473,3.366281275023142,3.366299606238659,3.366281275023142,3.3662262817546473
3.3665377715323763,3.3665927744341784,3.3666111088608366,3.366592774434178,3.3665377715323763
3.3668859286507438,3.3669409423203613,3.3669592803363315,3.3669409423203613,3.3668859286507438
3.3672707602878833,3.3673257858601944,3.3673441278437752,3.3673257858601953,3.3672707602878833
3.3676922743784408,3.3677473129887567,3.3677656593183936,3.3677473129887576,3.3676922743784408
3.368150479613888,3.3682055323979996,3.3682238834522913,3.3682055323979987,3.368150479613888
3.3686453854428615,3.3687004535370613,3.36871880969478,3.3687004535370635,3.3686453854428615
3.3691770020714684,3.369232086612607,3.3692504482527097,3.369232086612609,3.3691770020714684
3.3697453404636817,3.3698004425892067,3.369818810090839,3.369800442589208,3.3697453404636817
3.3703504123417116,3.3704055331897034,3.370423906932231,3.3704055331897056,3.3703504123417116
3.3709922301864603,3.371047370895667,3.371065751258686,3.3710473708956696,3.3709922301864603
3.3716708072379302,3.371725968947836,3.371744356311162,3.3717259689478367,3.3716708072379302
3.372386157495754,3.372441341346579,3.3724597360903066,3.3724413413465792,3.372386157495754
3.3731382957196523,3.373193502852435,3.373211905356907,3.373193502852436,3.3731382957196523
3.373927237429993,3.3739824689866005,3.3740008796324537,3.3739824689866027,3.373927237429993
3.3747529989083507,3.374808256031544,3.3748266751996883,3.3748082560315447,3.3747529989083507
3.3756155971980863,3.3756708810315437,3.375689309103211,3.3756708810315432,3.3756155971980863
3.376515050104969,3.376570361793331,3.3765887991500776,3.3765703617933323,3.376515050104969
3.377451376197816,3.3775067168867268,3.3775251639104495,3.3775067168867285,3.377451376197816
3.3784245948091662,3.378479965645329,3.378498422718258,3.3784799656453317,3.3784245948091662
3.3794347260359805,3.379490128167182,3.379508595671912,3.3794901281671845,3.3794347260359805
3.380481790740352,3.3805372253155155,3.380555703635025,3.380537225315517,3.380481790740352
3.381565810550292,3.3816212787195066,3.3816397682371697,3.3816212787195092,3.381565810550292
3.382686807860487,3.3827423107750505,3.3827608118746375,3.3827423107750527,3.382686807860487
3.383844805833105,3.383900344645581,3.383918857711283,3.383900344645584,3.383844805833105
3.385039828398639,3.385095404262889,3.385113929679335,3.385095404262892,3.385039828398639
3.3862719002567947,3.3863275143280145,3.3863460524802704,3.386327514328017,3.3862719002567947
3.387541046877349,3.387596700312119,3.387615251585713,3.387596700312122,3.387541046877349
3.3888472945010815,3.388902988457401,3.388921553238344,3.3889029884574042,3.3888472945010815
3.390190670140733,3.390246405778074,3.3902649844528576,3.390246405778077,3.390190670140733
3.391571201581978,3.3916269800613144,3.391645573016931,3.3916269800613166,3.391571201581978
3.3929889173844257,3.3930447398682775,3.3930633474922463,3.39304473986828,3.3929889173844257
3.3944438468826474,3.3944997145351326,3.394518337215497,3.394499714535135,3.3944438468826474
3.395936020187252,3.3959919341741225,3.3960105722994665,3.3959919341741256,3.395936020187252
3.3974654681859713,3.3975214296746485,3.3975400836341203,3.397521429674651,3.3974654681859713
3.399032222544764,3.399088232704396,3.3991069028877163,3.399088232704399,3.399032222544764
3.400636315708975,3.4006923757104683,3.400711062507938,3.400692375710471,3.400636315708975
3.4022777809045066,3.4023338919205686,3.4023525957230976,3.4023338919205717,3.4022777809045066
3.403956652139027,3.4040128153442084,3.404031536543327,3.4040128153442106,3.403956652139027
3.405672964203168,3.405729180773917,3.405747919761768,3.40572918077392,3.405672964203168
3.407426752671849,3.407483023786536,3.407501780955919,3.4074830237865386,3.407426752671849
3.4092180539054833,3.4092743807444643,3.4092931564888325,3.4092743807444665,3.4092180539054833
3.411046905051371,3.411103288797008,3.411122083510491,3.4111032887970105,3.411046905051371
3.4129133440449912,3.4129697858817085,3.412988599959127,3.4129697858817107,3.4129133440449912
3.414817409611385,3.4148739107257224,3.4148927445625787,3.4148739107257247,3.414817409611385
3.416759141266592,3.4168157028472184,3.416834556839752,3.416815702847221,3.416759141266592
3.4187385793190326,3.4187952025568196,3.4188140771019886,3.4187952025568227,3.4187385793190326
3.420755764871001,3.420812450959051,3.4208313464545603,3.420812450959054,3.420755764871001
3.4228107398201377,3.4228674899538314,3.4228864067981415,3.422867489953834,3.4228107398201377
3.42490354686097,3.424960362237999,3.4249793008303557,3.424960362238002,3.42490354686097
3.4270342294864187,3.427091111306853,3.427110072047275,3.4270911113068556,3.4270342294864187
3.4292028319894126,3.4292597814557215,3.429278764745046,3.4292597814557246,3.4292028319894126
3.431409399464484,3.4314664177815892,3.4314854240214534,3.431466417781592,3.431409399464484
3.4336539778093806,3.4337110661847046,3.4337300957775896,3.4337110661847077,3.4336539778093806
3.435936613726764,3.435993773370264,3.4360128267194945,3.4359937733702672,3.435936613726764
3.438257354725878,3.4383145868501,3.4383336643598628,3.4383145868501024,3.438257354725878
3.440616249124287,3.4406735549443974,3.440692657019758,3.4406735549444,3.440616249124287
3.4430133460496073,3.4430707267834593,3.4430898538303643,3.4430707267834624,3.4430133460496073
3.445448695441319,3.4455061523094725,3.4455253047347867,3.4455061523094743,3.445448695441319
3.447922348052549,3.4479798822783327,3.447999060489833,3.4479798822783354,3.447922348052549
3.450434355451936,3.4504919682614776,3.4505111726678868,3.45049196826148,3.450434355451936
3.45298477002548,3.4530424626477716,3.453061693658752,3.4530424626477747,3.45298477002548
3.4555736449784638,3.4556314186453845,3.4556506766715693,3.4556314186453885,3.4555736449784638
3.4582010343373737,3.4582588902837497,3.458278175736752,3.458258890283758,3.4582010343373737
3.4608669929518556,3.460924932415494,3.460944245707931,3.460924932415518,3.4608669929518556
3.4635715764967205,3.4636296007184444,3.4636489422639616,3.463629600718532,3.4635715764967205
3.4663148414739613,3.4663729516976116,3.4663923219109387,3.466372951697929,3.4663148414739613
3.4690968452147986,3.4691550426871087,3.46917444198425,3.469155042688291,3.469096845214798
3.4719176458817707,3.471975931851783,3.471995360650665,3.4719759318561905,3.4719176458817707
3.474777302470849,3.474835678187593,3.4748551369104397,3.4748356782040375,3.4747773024708484
3.477675874813574,3.477734341517311,3.4777538305994677,3.477734341578671,3.4776758748135714
3.48061342357924,3.4806719824686154,3.48069150239145,3.4806719826976162,3.4806134235792308
3.4835900102770982,3.483648662386467,3.483668213800105,3.483648663241117,3.4835900102770623
3.486605697258589,3.4866644430000515,3.4866840271813833,3.486664446189692,3.4866056972584554
3.489660547719619,3.4897193851737716,3.4897390057356943,3.489719397077813,3.48966054771912
3.4927546257026663,3.492813544239728,3.492833213509811,3.4928135886667464,3.492754625700803
3.495887996097723,3.495946952572668,3.4959667153970795,3.495947118378564,3.495887996090765
3.499060724634869,3.499119554556148,3.4991395771272713,3.4991201733596697,3.4990607246088903
3.5022728778240895,3.5023309638897877,3.5023518651961925,3.5023332733239596,3.5022728777270933
3.505524522571426,3.5055795579827325,3.505603646443748,3.5055881770128914,3.50552452220927
3.5088157238503523,3.5088590990259725,3.508894985583174,3.508891266074593,3.5088157224981584
3.512146530819672,3.5121461286876343,3.512225930788387,3.5122661792041487,3.5121465257709237
3.515516894787732,3.515352954116511,3.515596429678594,3.515800994182695,3.515516875936893
3.51379174430795,3.5181523633120912,3.519005839626789,3.5198244919111485,3.5138517507150158
