3.3823664123474044,3.382384853126338,3.3824032939052433,3.3823848531263394,3.3823664123474053
3.3823479715684712,3.382403294095642,3.382421735065013,3.382403294095642,3.3823479715684712
3.382403292381362,3.3824586166227495,3.382477058163537,3.382458616622751,3.382403292381362
3.382495494751985,3.3825508218504705,3.3825692643436325,3.3825508218504696,3.382495494751985
3.3826245805849515,3.382679911683514,3.38269835551005,3.3826799116835136,3.3826245805849515
3.3827905525468283,3.3828458887885904,3.382864334329548,3.3828458887885904,3.3827905525468283
3.382993414066204,3.383048756594476,3.38306720423096,3.3830487565944756,3.382993414066204
3.3832331693338333,3.3832885192921496,3.3833069694053455,3.38328851929215,3.3832331693338333
3.383509823302782,3.383565181834946,3.3835836348061252,3.3835651818349457,3.383509823302782
3.3838233816886034,3.383878749938729,3.3838972061492716,3.383878749938728,3.3838233816886034
3.384173850969545,3.384229230082103,3.3842476899134972,3.384229230082103,3.384173850969545
3.384561238386801,3.3846166295066418,3.384635093340519,3.3846166295066435,3.384561238386801
3.3849855519447383,3.385040956217163,3.385059424435282,3.385040956217164,3.3849855519447383
3.3854468004112257,3.3855022189819968,3.3855206919662884,3.3855022189819954,3.3854468004112257
3.3859449933179095,3.3860004273333124,3.386018905465878,3.3860004273333137,3.3859449933179095
3.3864801409606007,3.3865355915674775,3.3865540752306025,3.3865355915674797,3.3864801409606007
3.3870522543996096,3.387107722745405,3.387126212321573,3.3871077227454074,3.3870522543996096
3.387661345460166,3.387716832692963,3.387735328564874,3.387716832692966,3.387661345460166
3.3883074267328546,3.388362934001417,3.3883814365519958,3.38836293400142,3.3883074267328546
3.38899051157404,3.389046040027863,3.389064549640279,3.3890460400278637,3.38899051157404
3.389710614106383,3.389766164895717,3.3897846819533974,3.3897661648957182,3.389710614106383
3.3904677492193267,3.390523323495239,3.390541848381869,3.390523323495239,3.3904677492193267
3.391261932569643,3.391317531484042,3.3913360645836086,3.3913175314840442,3.391261932569643
3.3920931805820036,3.392148805287702,3.3921673469844653,3.3921488052877025,3.3920931805820036
3.3929615104495716,3.3930171621003007,3.393035712778848,3.393017162100301,3.3929615104495716
3.3938669401346195,3.393922619885089,3.393941179930331,3.3939226198850907,3.3938669401346195
3.3948094883691735,3.3948651973751094,3.3948837671722933,3.3948651973751116,3.3948094883691735
3.395789174655706,3.395844914073895,3.39586349400862,3.3958449140738978,3.395789174655706
3.396806019267829,3.3968617902561573,3.3968803807143857,3.39686179025616,3.396806019267829
3.397860043251037,3.3979158469685298,3.39793444833661,3.397915846968532,3.397860043251037
3.3989512684234544,3.399007106030316,3.3990257186949915,3.399007106030319,3.3989512684234544
3.400079717376627,3.400135590034303,3.4001542143827237,3.4001355900343055,3.400079717376627
3.401245413476365,3.4013013223475497,3.4013199587672887,3.4013013223475523,3.401245413476365
3.4024483808635457,3.4025043271122613,3.4025229759913236,3.4025043271122635,3.4024483808635457
3.4036886444550225,3.403744629246632,3.4037632909734774,3.403744629246635,3.4036886444550225
3.404966229944513,3.4050222544457736,3.405040929409332,3.405022254445777,3.404966229944513
3.4062811638035133,3.4063372291826246,3.4063559177723,3.4063372291826273,3.4062811638035133
3.4076334732822855,3.4076895807089254,3.407708283314614,3.407689580708928,3.4076334732822855
3.409023186410821,3.4090793370561907,3.409098054068293,3.4090793370561934,3.409023186410821
3.4104503319998725,3.4105065270367287,3.410525258846174,3.410506527036732,3.4104503319998725
3.4119149396419757,3.4119711802446933,3.4119899272429417,3.411971180244696,3.4119149396419757
3.4134170397125407,3.413473327057138,3.4134920896362,3.413473327057141,3.4134170397125407
3.4149566633709405,3.415012998635127,3.4150317771875787,3.4150129986351296,3.4149566633709405
3.416533842561639,3.4165902269248614,3.41660902184386,3.416590226924863,3.416533842561639
3.418148610015348,3.4182050446588343,3.418223856338116,3.4182050446588375,3.418148610015348
3.419800999250228,3.4198574853570176,3.4198763141909416,3.4198574853570203,3.419800999250228
3.421491044573068,3.4215475833280733,3.421566429711611,3.4215475833280755,3.421491044573068
3.4232187810805605,3.4232753736705956,3.423294237999365,3.4232753736705983,3.4232187810805605
3.4249842446605676,3.4250408922743993,3.425059774944655,3.425040892274402,3.4249842446605676
3.4267874719933986,3.4268441758217816,3.426863077230449,3.4268441758217842,3.4267874719933986
3.428628500553155,3.4286852617888943,3.428704182333579,3.4286852617888974,3.428628500553155
3.430507368609107,3.430564188447074,3.4305831285260675,3.4305641884470766,3.430507368609107
3.4324241152270383,3.4324809948642323,3.4324999548765414,3.4324809948642354,3.4324241152270383
3.4343787802706935,3.434435720906286,3.434454701251639,3.4344357209062877,3.4343787802706935
3.436371404403212,3.436428407238581,3.4364474083174423,3.436428407238584,3.436371404403212
3.43840202908861,3.438459095327387,3.4384781175409764,3.4384590953273895,3.43840202908861
3.440470696593271,3.4405278274413904,3.4405468711916893,3.4405278274413935,3.440470696593271
3.4425774499874846,3.442634646653223,3.4426537123429934,3.4426346466532256,3.4425774499874846
3.4447223331470207,3.444779596841036,3.4447986848738363,3.4447795968410397,3.4447223331470207
3.446905390754679,3.4469627226900745,3.446981833470275,3.446962722690078,3.446905390754679
3.449126668301975,3.4491840696943132,3.4492032036271083,3.449184069694316,3.449126668301975
3.451386212090734,3.451443684158108,3.4514628416495317,3.4514436841581104,3.451386212090734
3.4536840692347908,3.4537416131978578,3.4537607946547997,3.4537416131978604,3.4536840692347908
3.4560202876617194,3.4560779047437356,3.4560971105739626,3.4560779047437387,3.4560202876617194
3.4583949161145275,3.4584526075414206,3.4584718381535646,3.4584526075414237,3.4583949161145275
3.4608080041534746,3.460865771153853,3.4608850269574685,3.460865771153856,3.4608080041534746
3.46325960215783,3.4633174459630562,3.4633367273685995,3.463317445963059,3.46325960215783
3.4657497613277237,3.4658076831719535,3.4658269905908106,3.4658076831719553,3.4657497613277237
3.468278533686016,3.468336534806232,3.468355868650737,3.4683365348062343,3.468278533686016
3.470845972080163,3.4709040537162275,3.4709234143996723,3.4709040537162297,3.470845972080163
3.473452130184141,3.4735102935788453,3.473529681515503,3.4735102935788484,3.473452130184141
3.476097062500416,3.4761553088995187,3.47617472450465,3.476155308899526,3.476097062500416
3.4787808243619,3.478839155014176,3.4788585987040417,3.478839155014194,3.4787808243619
3.4815034719339755,3.4815618880912504,3.4815813602831542,3.4815618880913055,3.4815034719339755
3.4842650622165334,3.484323565133704,3.484343066246022,3.484323565133907,3.4842650622165334
3.487065653046048,3.487124243981013,3.48714377443332,3.487124243981769,3.487065653046048
3.4899053030976774,3.489963983310989,3.4899835435244793,3.489963983313808,3.489905303097677
3.492784071887397,3.492842842640789,3.492862433039805,3.4928428426513034,3.4927840718873964
3.495702019774167,3.4957608823249764,3.495780503342648,3.495760882364207,3.495702019774165
3.4986592079621306,3.4987181635423097,3.4987378156416074,3.498718163688718,3.498659207962125
3.5016556985028493,3.5017147482405333,3.5017344319927557,3.5017147487869416,3.5016556985028267
3.5046915542976094,3.5047506989242185,3.5047704153019414,3.5047507009634673,3.5046915542975237
3.5077668390999954,3.507826077856793,3.5078458293273305,3.5078260854674697,3.5077668390996752
3.5108816175197237,3.510940944075642,3.5109607386831123,3.5109409724794105,3.5108816175185296
3.514035955033689,3.514095342242939,3.514115208850073,3.514095448248537,3.5140359550292293
3.517229918037809,3.5172892610123663,3.5173093062256946,3.5172896566354446,3.51722991802116
3.520463574134329,3.5205224775430253,3.5205430984049033,3.520523954046387,3.5204635740721657
3.523736993780739,3.5237939766205164,3.5238166558044988,3.523799487073049,3.52373699354864
3.527050259837705,3.527099779353805,3.5271300611195255,3.527120344892673,3.5270502589711104
3.5304035230156625,3.5304248198374784,3.5304834644271277,3.5305015724070117,3.5304035197800174
3.533797324317287,3.5337125125533233,3.533877404344496,3.533998960528233,3.5337973122361532
3.5320710320575612,3.5367505017140384,3.537314679869307,3.5378195531252747,3.5321093962612755
