3.558599084508525,3.5586194397846667,3.5586397950609294,3.558619439784668,3.5585990845085256
3.5585787292323836,3.558639795276546,3.5586601507681874,3.5586397952765454,3.5585787292323836
3.558639793338346,3.558700861320947,3.558721217458746,3.558700861320948,3.558639793338346
3.558741567996754,3.558802639210154,3.5588229964249014,3.558802639210153,3.558741567996754
3.5588840553613332,3.5589451310980174,3.558965489820543,3.558945131098017,3.5588840553613332
3.559067258447424,3.559128340000043,3.5591487006612406,3.559128340000043,3.559067258447424
3.5592911811320844,3.5593522697935036,3.559372632824328,3.559352269793503,3.5592911811320844
3.5595558281542115,3.5596169252175622,3.5596372910490626,3.559616925217563,3.5595558281542115
3.5598612051147556,3.5599223118734753,3.5599426809368104,3.5599223118734753,3.5598612051147556
3.5602073184768948,3.560268436224786,3.560288808951223,3.560268436224786,3.5602073184768948
3.560594175566282,3.560655305597554,3.5606756824185006,3.560655305597554,3.560594175566282
3.5610217845713454,3.5610829281806615,3.56110330952768,3.5610829281806633,3.5610217845713454
3.561490154543545,3.561551313026079,3.5615716993308926,3.56155131302608,3.561490154543545
3.561999295397755,3.5620604700492158,3.562080861743741,3.5620604700492144,3.561999295397755
3.5625492179125797,3.5626104100292864,3.56263080754564,3.5626104100292886,3.5625492179125797
3.5631399337308154,3.563201144609738,3.5632215483802376,3.56320114460974,3.5631399337308154
3.563771455359822,3.563832686298622,3.563853096755827,3.5638326862986243,3.563771455359822
3.564443796172025,3.564505048469111,3.564525466045831,3.5645050484691128,3.564443796172025
3.5651569704054054,3.565218245359967,3.5652386704892773,3.5652182453599695,3.5651569704054054
3.565910993164006,3.5659722920760943,3.5659927251913364,3.5659722920760952,3.565910993164006
3.566705880418529,3.5667672045890617,3.566787646123892,3.566767204589063,3.566705880418529
3.5675416490068925,3.5676029997377343,3.567623450126114,3.567602999737736,3.5675416490068925
3.568418316634881,3.5684796952288815,3.568500154905094,3.5684796952288838,3.568418316634881
3.56933590187678,3.5693973096378238,3.569417779036505,3.569397309637824,3.56933590187678
3.5702944241760797,3.5703558624091354,3.5703763419652774,3.570355862409135,3.5702944241760797
3.571293903846208,3.5713553738573633,3.5713758640063364,3.571355373857365,3.571293903846208
3.5723343620712424,3.5723958651677776,3.572416366345349,3.5723958651677794,3.5723343620712424
3.5734158209067504,3.5734773583971617,3.573497871039506,3.573477358397164,3.5734158209067504
3.5745383032805553,3.574599876474632,3.5746204010183362,3.574599876474635,3.5745383032805553
3.5757018329936403,3.5757634432024754,3.575783980084588,3.575763443202478,3.5757018329936403
3.576906434720975,3.5769680832570483,3.5769886329150657,3.576968083257051,3.576906434720975
3.578152134012474,3.5782138221896833,3.5782343850615823,3.5782138221896864,3.578152134012474
3.5794389572939265,3.5795006864276484,3.579521262951881,3.579500686427651,3.5794389572939265
3.5807669318679842,3.580828703275111,3.580849293890653,3.5808287032751127,3.5807669318679842
3.5821360859151747,3.5821979009141636,3.5822185060605043,3.582197900914167,3.5821360859151747
3.583546448494941,3.58360830840587,3.5836289285230434,3.5836083084058723,3.583546448494941
3.5849980495467193,3.5850599556913365,3.5850805912199335,3.5850599556913396,3.5849980495467193
3.586490919891069,3.5865528735928387,3.5865735249740105,3.5865528735928414,3.586490919891069
3.5880250912307914,3.588087093814936,3.588107761490441,3.588087093814939,3.5880250912307914
3.5896005961521187,3.589662648945687,3.5896833333578737,3.58966264894569,3.5896005961521187
3.591217468125928,3.591279572457834,3.5913002740496767,3.5912795724578372,3.591217468125928
3.59287574150899,3.59293789871005,3.5929586179251634,3.592937898710053,3.59287574150899
3.594575451545217,3.5946376629482204,3.5946584002308746,3.594637662948223,3.594575451545217
3.5963166343670037,3.5963789013067538,3.596399657101885,3.596378901306757,3.5963166343670037
3.5980993269965547,3.598161650809919,3.5981824255631474,3.5981616508099217,3.5980993269965547
3.599923567347266,3.5999859493732136,3.6000067435308867,3.5999859493732167,3.599923567347266
3.601789394225129,3.6018518358048053,3.6018726498139633,3.6018518358048084,3.601789394225129
3.6036968473301534,3.6037593498069147,3.6037801841153567,3.6037593498069174,3.6036968473301534
3.6056459672578933,3.6057085319773567,3.605729387033621,3.605708531977359,3.6056459672578933
3.607636795500914,3.60769942381101,3.607720300064413,3.6076994238110127,3.607636795500914
3.6096693744503376,3.609732067701364,3.609752965602013,3.6097320677013665,3.6096693744503376
3.6117437473974383,3.6118065069421053,3.6118274269409083,3.611806506942108,3.6117437473974383
3.613859958535234,3.6139227857287195,3.613943728277407,3.613922785728722,3.613859958535234
3.6160180529601442,3.6160809491601347,3.616101914711278,3.6160809491601373,3.6160180529601442
3.6182180766736507,3.61828104324041,3.6183020322474313,3.618281043240413,3.6182180766736507
3.620460076584025,3.620523114880429,3.6205441277976256,3.620523114880432,3.620460076584025
3.62274410050807,3.6228072118996555,3.6228282491822217,3.6228072118996586,3.62274410050807
3.625070197172878,3.6251333830279178,3.6251544451319404,3.62513338302792,3.625070197172878
3.627438416217678,3.627501677907208,3.6275227652897075,3.6275016779072105,3.627438416217678
3.6298488081956584,3.62991214709353,3.629933260212466,3.6299121470935325,3.6298488081956584
3.6323014245758527,3.6323648420588053,3.6323859813730897,3.6323648420588084,3.6323014245758527
3.6347963177450655,3.6348598151927547,3.6348809811622864,3.634859815192758,3.6347963177450655
3.6373335410098138,3.6373971198048762,3.637418312890534,3.63739711980488,3.6373335410098138
3.639913148598317,3.639976810126415,3.6399980307900908,3.6399768101264187,3.639913148598317
3.6425351956624983,3.642598941312385,3.642620190017005,3.642598941312387,3.6425351956624983
3.645199738280078,3.6452635694436277,3.6452848466531567,3.645263569443631,3.645199738280078
3.6479068334566205,3.6479707515288977,3.647992057708368,3.6479707515289004,3.6479068334566205
3.6506565391276764,3.650720545506993,3.6507418811225043,3.6507205455069958,3.6506565391276764
3.653448914160953,3.6535130102488993,3.6535343757676615,3.653513010248901,3.653448914160953
3.6562840183584906,3.6563482055600063,3.6563696014503355,3.65634820556001,3.6562840183584906
3.6591619124588854,3.659226192182313,3.6592476189136587,3.6592261921823153,3.6591619124588854
3.6620826581395884,3.6621470317967106,3.662168489839679,3.6621470317967146,3.6620826581395884
3.6650463180191624,3.6651107870252697,3.665132276851627,3.6651107870252746,3.6650463180191624
3.6680529556596495,3.6681175214335844,3.6681390435162924,3.668117521433595,3.6680529556596495
3.671102635568926,3.6711672995331406,3.671188854346356,3.6711672995331655,3.671102635568926
3.6741954232031087,3.674260186783698,3.67428177480283,3.6742601867837887,3.6741954232031087
3.6773313849690084,3.677396249595724,3.6774178712974774,3.6773962495960584,3.6773313849690084
3.6805105882266007,3.6805755553327137,3.6805972111953027,3.680575555333962,3.6805105882266007
3.6837331012915326,3.683798172313238,3.683819862817055,3.6837981723178936,3.683733101291532
3.6869989934376863,3.6870641698116584,3.6870858954417898,3.687064169829031,3.6869989934376854
3.690308334899728,3.690373618053922,3.6903953793094186,3.6903736181187607,3.690308334899725
3.6936611968756,3.6937265881948895,3.6937483856232056,3.6937265884368666,3.6936611968755897
3.697057651528424,3.6971231522268373,3.6971449865516535,3.697123153129918,3.6970576515283855
3.700497771984647,3.7005633826323905,3.700585255226648,3.7005633860027736,3.7004977719845016
3.7039816323104215,3.7040473510914356,3.7040692657197805,3.7040473636700346,3.7039816323098798
3.7075093073604726,3.7075751237031627,3.7075970928909965,3.7075751706477087,3.7075093073584484
3.711080871883578,3.711146743469749,3.711168811493342,3.7111469186713575,3.71108087187602
3.714696395293629,3.714762166798927,3.714784490941258,3.7147628206683705,3.71469639526541
3.7183559111731923,3.7184210374910767,3.7184441648043935,3.7184234777954597,3.71835591106783
3.7220592394894014,3.7221219071877973,3.7221476529897797,3.72213101464125,3.7220592390960014
3.7258049502875408,3.725859698780938,3.7258935253256813,3.7258936886837604,3.7258049488186598
3.72391914124154,3.72961841232274,3.7296730608482553,3.729745265949455,3.7239236934993345
