3.1653865642841543,3.1654027932951445,3.1654190223061045,3.165402793295146,3.1653865642841548
3.1653703352731637,3.1654190224683947,3.1654352516417212,3.1654190224683947,3.1653703352731637
3.1654190210070134,3.165467709663555,3.16548393932399,3.165467709663557,3.1654190210070134
3.16550016476272,3.1655488558548344,3.1655650863271334,3.1655488558548335,3.16550016476272
3.1656137681638974,3.1656624626659267,3.1656786942748796,3.165662462665926,3.1656137681638974
3.165759833483692,3.1658085323700957,3.165824765440522,3.165808532370096,3.165759833483692
3.165938363644848,3.165987067890245,3.1660033027470247,3.1659870678902444,3.165938363644848
3.166149362219824,3.166198072799013,3.166214309767084,3.1661980727990136,3.166149362219824
3.1663928334308973,3.166441551318909,3.1664577907232836,3.166441551318909,3.1663928334308973
3.1666687821503414,3.166717508322455,3.1667337504882274,3.1667175083224546,3.1666687821503414
3.166977213900559,3.1670259493323467,3.1670421945847167,3.1670259493323467,3.166977213900559
3.167318134854314,3.167366880521672,3.167383129185932,3.167366880521673,3.167318134854314
3.1676915518349142,3.167740308714099,3.167756561115674,3.1677403087141,3.1676915518349142
3.16809747231648,3.1681462413841293,3.168162497848577,3.168146241384129,3.16809747231648
3.168535904424174,3.1685846866573626,3.1686009475103787,3.1685846866573644,3.168535904424174
3.169006856934523,3.169055653310787,3.169071918878215,3.169055653310789,3.169006856934523
3.1695103392756794,3.169559150773046,3.1695754213809004,3.1695591507730474,3.1695103392756794
3.1700463615277994,3.1700951891248237,3.1701114650992928,3.1700951891248264,3.1700463615277994
3.1706149344233565,3.17066377909916,3.1706800607666277,3.170663779099163,3.1706149344233565
3.1712160693475466,3.1712649320818573,3.1712812197688893,3.1712649320818587,3.1712160693475466
3.1718497783386654,3.1718986601118284,3.1719149541452194,3.1718986601118293,3.1718497783386654
3.1725160740885445,3.1725649758815755,3.172581276588335,3.1725649758815773,3.1725160740885445
3.173214969942982,3.173263892737599,3.1732802004449723,3.173263892737601,3.173214969942982
3.1739464799022126,3.1739954246808764,3.1740117397163465,3.173995424680877,3.1739464799022126
3.1747106186214187,3.1747595863673497,3.1747759090586665,3.1747595863673497,3.1747106186214187
3.175507401411222,3.1755563931084434,3.1755727237836204,3.1755563931084456,3.175507401411222
3.1763368442382065,3.1763858608715934,3.1764021998589183,3.176385860871595,3.1763368442382065
3.1771989637255214,3.177248006280812,3.177264353908871,3.177248006280814,3.1771989637255214
3.178093777153425,3.1781428466172654,3.1781592032149466,3.1781428466172668,3.178093777153425
3.1790213024599026,3.1790703998198846,3.17908676571639,3.1790703998198873,3.1790213024599026
3.1799815582412925,3.180030684485978,3.1800470600108337,3.1800306844859807,3.1799815582412925
3.1809745637529447,3.1810237198719213,3.1810401053549886,3.1810237198719236,3.1809745637529447
3.182000338909892,3.1820495258937846,3.1820659216652745,3.1820495258937873,3.182000338909892
3.1830589042875372,3.183108123128051,3.1831245295185395,3.1831081231280534,3.1830589042875372
3.184150281122393,3.184199532812349,3.18421595015278,3.1841995328123507,3.184150281122393
3.185274491312803,3.185323776846178,3.1853402054678814,3.1853237768461806,3.185274491312803
3.1864315574197364,3.186480877791689,3.1864973180263885,3.1864808777916913,3.1864315574197364
3.1876215026675503,3.1876708588744656,3.187687311054288,3.1876708588744687,3.1876215026675503
3.188844350944823,3.188893743984336,3.1889102084418375,3.1888937439843392,3.188844350944823
3.1901001268051905,3.190149557676228,3.1901660347443803,3.1901495576762313,3.1901001268051905
3.1913888554681904,3.191438325171008,3.191454815183243,3.1914383251710103,3.1913888554681904
3.1927105628201717,3.1927600723563843,3.192776575646572,3.1927600723563874,3.1927105628201717
3.1940652754151717,3.19411482578779,3.194131342690273,3.194114825787793,3.1940652754151717
3.1954530204758718,3.1955026126893435,3.1955191435389385,3.1955026126893453,3.1954530204758718
3.196873825894546,3.1969234609547774,3.196940006086795,3.19692346095478,3.196873825894546
3.1983277202340266,3.1983773991484328,3.1983939588986754,3.198377399148435,3.1983277202340266
3.1998147327287234,3.1998644565062553,3.1998810312110533,3.199864456506258,3.1998147327287234
3.201334893285638,3.2013846629368214,3.201401252933014,3.201384662936824,3.201334893285638
3.2028882324854218,3.20293804902239,3.2029546546473595,3.202938049022393,3.2028882324854218
3.2044747815834347,3.2045246460199692,3.2045412676116496,3.204524646019972,3.2044747815834347
3.2060945725108487,3.2061444858624104,3.206161123759288,3.2061444858624126,3.2060945725108487
3.207747637875779,3.2077976011595353,3.2078142557006775,3.2077976011595384,3.207747637875779
3.2094340109644066,3.2094840251992953,3.209500696724342,3.209484025199298,3.2094340109644066
3.2111537257421703,3.211203791948905,3.211220480798105,3.211203791948907,3.2111537257421703
3.212906816854936,3.2129569360560586,3.21297364257026,3.212956936056061,3.212906816854936
3.2146933196302276,3.2147434928501375,3.2147602173708147,3.21474349285014,3.2146933196302276
3.216513270078468,3.2165634983434637,3.2165802412127187,3.2165634983434668,3.216513270078468
3.21836670489423,3.2184169892325465,3.2184337507931207,3.218416989232549,3.21836670489423
3.2202536614575354,3.220304002899372,3.2203207834946777,3.2203040028993746,3.2202536614575354
3.222174177835174,3.2222245774127334,3.222241377386843,3.2222245774127365,3.222174177835174
3.224128292782024,3.224178751529556,3.2241955712272206,3.224178751529559,3.224128292782024
3.226116045742425,3.2261665646962556,3.226183404462921,3.226166564696258,3.226116045742425
3.2281374768515563,3.228188057050134,3.228204917231949,3.2281880570501365,3.2281374768515563
3.23019262693686,3.2302432694207743,3.230260150364615,3.2302432694207766,3.23019262693686
3.232281537519461,3.2323322433314976,3.2323491453849567,3.2323322433315,3.232281537519461
3.23440425081563,3.2344550210008007,3.2344719445122263,3.2344550210008025,3.23440425081563
3.236560809738284,3.236611645343859,3.23662859066234,3.236611645343862,3.236560809738284
3.2387512578984556,3.2388021599740147,3.2388191274494176,3.2388021599740164,3.2387512578984556
3.2409756396068836,3.241026609204332,3.241043599187299,3.2410266092043347,3.2409756396068836
3.243233999875516,3.243285038049146,3.243302050891104,3.2432850380491494,3.243233999875516
3.2455263844191267,3.2455774922256326,3.2455945282788234,3.2455774922256375,3.2455263844191267
3.2478528396569133,3.2479040181554444,3.247921077772927,3.247904018155458,3.2478528396569133
3.250213412714133,3.2502646629663148,3.250281746501978,3.2502646629663565,3.250213412714133
3.2526081514237504,3.2526594744937083,3.252676582302322,3.2526594744938575,3.2526081514237504
3.255037104328142,3.255088501282455,3.255105633719742,3.2550885012830038,3.255037104328142
3.2575003206807858,3.257551792588235,3.2575689500111875,3.2575517925902737,3.2575003206807858
3.2599978504480016,3.2600493983785195,3.260066581146502,3.260049398386125,3.259997850448001
3.262529744310718,3.2625813693313424,3.2625985778101785,3.2625813693597205,3.2625297443107173
3.265096053666243,3.2651477568259644,3.2651649914031493,3.265147756931869,3.2650960536662383
3.267696830630082,3.26774861290313,3.267765874044586,3.267748613298371,3.267696830630066
3.2703321280377278,3.270383990111894,3.270401278573697,3.270383991586969,3.2703321280376674
3.2730019994463126,3.2730539409330213,3.2730712585513455,3.2730539464381363,3.273001999446089
3.2757064991351745,3.275758515622538,3.2757758682605327,3.275758536168146,3.2757064991343388
3.278445682099884,3.2784977541614326,3.278515162700096,3.2784978308395853,3.2784456820967627
3.281219604007597,3.28127165622322,3.2812891975388387,3.2812719423933387,3.2812196039959427
3.284028320924788,3.2840800691850154,3.284098028838698,3.2840811371989953,3.2840283208812755
3.286871887711481,3.2869222707533616,3.286941711431946,3.286926256682673,3.28687188754902
3.2897503486165234,3.2897954146850155,3.2898202894530475,3.2898102905507405,3.2897503480099504
3.292663682319425,3.292688749917132,3.2927337411444872,3.292744268057295,3.292663680054678
3.2956114811004844,3.295562161519606,3.2956816571504755,3.295769360479278,3.2956114726446115
3.2985910790269517,3.2982667579103375,3.2986613654585324,3.2990400440647316,3.298591047455149
3.297041477050212,3.300252425636269,3.3016570027085903,3.3031384028659714,3.2971450449586337
