3.1395552765396655,3.13957130947162,3.1395873424036473,3.1395713094716213,3.139555276539666
3.1395392436077105,3.1395873425635923,3.1396033756554353,3.1395873425635927,3.1395392436077105
3.1395873411253756,3.139635441519613,3.1396514750909152,3.139635441519614,3.1395873411253756
3.139667504507024,3.1397156072985815,3.1397316416689987,3.1397156072985806,3.139667504507024
3.139779735350776,3.139827841498694,3.139843876987905,3.1398278414986933,3.139779735350776
3.1399240358940794,3.139972146357509,3.139988183285241,3.139972146357509,3.1399240358940794
3.1401004090137725,3.1401485247520218,3.140164563438049,3.1401485247520213,3.1401004090137725
3.140308858226195,3.140356980198758,3.140373020962914,3.1403569801987583,3.140308858226195
3.140549387687318,3.140597516853904,3.1406135600160963,3.140597516853904,3.140549387687318
3.140822002192879,3.1408701395134484,3.1408861853936694,3.140870139513449,3.140822002192879
3.1411267071785445,3.1411748536133457,3.1411909025316764,3.1411748536133453,3.1411267071785445
3.141463508720121,3.141511665229717,3.141527717506355,3.1415116652297184,3.141463508720121
3.1418324135337494,3.1418805810790587,3.1418966370343115,3.1418805810790595,3.1418324135337494
3.142233428976144,3.142281608518462,3.1422976684727617,3.1422816085184606,3.142233428976144
3.1426665630448314,3.142714755545888,3.1427308198198176,3.142714755545889,3.1426665630448314
3.143131824378488,3.143180030800448,3.143196099714736,3.1431800308004503,3.143131824378488
3.143629222257161,3.1436774435626953,3.1436935174382246,3.1436774435626975,3.143629222257161
3.1441587666026614,3.1442070037549366,3.144223082912786,3.1442070037549383,3.1441587666026614
3.144720467978861,3.144768721941621,3.1447848067030257,3.1447687219416243,3.144720467978861
3.145314337592108,3.1453626093296765,3.145378700016081,3.1453626093296774,3.145314337592108
3.1459403872915774,3.1459886777688877,3.1460047747019475,3.1459886777688886,3.1459403872915774
3.1465986295697004,3.146646939752352,3.146663043253939,3.1466469397523533,3.1465986295697004
3.1472890775626152,3.1473374084168917,3.1473535188091035,3.1473374084168935,3.1472890775626152
3.1480117450505958,3.1480600975435107,3.148076215148679,3.1480600975435116,3.1480117450505958
3.148766646458563,3.148815021557873,3.1488311466986025,3.1488150215578736,3.148766646458563
3.1495537968565706,3.1496021955308335,3.149618328529972,3.149602195530835,3.1495537968565706
3.1503732119603347,3.1504216351789354,3.150437776359608,3.150421635178937,3.1503732119603347
3.1512249081317982,3.1512733568649653,3.151289506550595,3.1512733568649676,3.1512249081317982
3.1521089023796773,3.152157377598538,3.1521735361128367,3.1521573775985394,3.1521089023796773
3.1530252123600766,3.15307371503669,3.1530898827036773,3.1530737150366925,3.1530252123600766
3.1539738563770943,3.154022387484467,3.1540385646284887,3.1540223874844697,3.1539738563770943
3.1549548533834657,3.155003413895609,3.155019600841334,3.1550034138956122,3.1549548533834657
3.155968222981229,3.1560168138731797,3.1560330109456216,3.1560168138731823,3.155968222981229
3.1570139854224135,3.1570626076702677,3.1570788151948035,3.1570626076702695,3.1570139854224135
3.158092161609733,3.1581408161906857,3.1581570344930463,3.1581408161906883,3.158092161609733
3.159202773097325,3.1592514609897058,3.1592676903959993,3.1592514609897084,3.159202773097325
3.1603458420915196,3.160394564274811,3.160410805111545,3.1603945642748137,3.1603458420915196
3.161521391451595,3.1615701489064896,3.1615864015005615,3.1615701489064922,3.161521391451595
3.1627294446905743,3.162778238398995,3.1627945030777136,3.162778238398998,3.1627294446905743
3.1639700259760657,3.1640188569212078,3.1640351340123103,3.1640188569212095,3.1639700259760657
3.165243160131111,3.165292029297463,3.1653083191291165,3.1652920292974653,3.165243160131111
3.166548872635025,3.166597781008414,3.166614083909236,3.1665977810084165,3.166548872635025
3.167887189624302,3.167936138191941,3.167952454491004,3.167936138191944,3.167887189624302
3.1692581378935563,3.1693071276440548,3.169323457670893,3.169307127644057,3.1692581378935563
3.1706617448964223,3.1707107768198215,3.1707271209044636,3.1707107768198246,3.1706617448964223
3.172098038746533,3.172147113834362,3.1721634723073153,3.172147113834364,3.172098038746533
3.1735670482184846,3.1736161674637846,3.1736325406560684,3.1736161674637877,3.1735670482184846
3.175068802748883,3.1751179671462424,3.1751343553893845,3.1751179671462446,3.175068802748883
3.1766033324373417,3.1766525429829167,3.176668946608977,3.176652542982919,3.1766033324373417
3.1781706680475414,3.1782199257391137,3.1782363450806894,3.178219925739117,3.1781706680475414
3.1797708410083123,3.1798201468453144,3.179836582235557,3.1798201468453167,3.1797708410083123
3.1814038834147382,3.181453238398285,3.1814696901709025,3.1814532383982868,3.1814038834147382
3.1830698280292684,3.183119233162201,3.183135701651474,3.183119233162204,3.1830698280292684
3.1847687082828746,3.1848181645697893,3.184834650110586,3.184818164569791,3.1847687082828746
3.186500558276219,3.1865500667235,3.1865665696512884,3.186550066723503,3.186500558276219
3.188265412780848,3.1883149743967114,3.18833149504757,3.1883149743967136,3.188265412780848
3.190063307240415,3.1901129230349383,3.1901294617455593,3.1901129230349405,3.190063307240415
3.191894277771918,3.1919439487570727,3.19196050586479,3.1919439487570753,3.191894277771918
3.193758361166956,3.193808088356662,3.1938246641994494,3.1938080883566644,3.193758361166956
3.1956555948930503,3.1957053793031847,3.1957219742196648,3.1957053793031873,3.1956555948930503
3.1975860170949146,3.1976358597433654,3.1976524740728443,3.197635859743368,3.1975860170949146
3.199549666595833,3.199599568502523,3.1996162025849886,3.1995995685025256,3.199549666595833
3.2015465828989775,3.201596545085927,3.2016131992620367,3.2015965450859296,3.2015465828989775
3.2035768061888543,3.20362682968017,3.20364350429131,3.2036268296801724,3.2035768061888543
3.2056403773326343,3.2056904631545997,3.2057071585428654,3.2056904631546024,3.2056403773326343
3.2077373378816674,3.2077874870627343,3.2078042035709498,3.2077874870627365,3.2077373378816674
3.2098677300728826,3.209917943643732,3.2099346816154597,3.2099179436437346,3.2098677300728826
3.2120315968302835,3.212081875823861,3.212098635603418,3.2120818758238636,3.2120315968302835
3.2142289817664786,3.214279327218021,3.214296109150492,3.2142793272180232,3.2142289817664786
3.2164599291841864,3.21651034213126,3.2165271465625085,3.216510342131263,3.2164599291841864
3.218724484077784,3.218774965560333,3.218791792837007,3.218774965560337,3.218724484077784
3.2210226921349276,3.221073243195295,3.22109009366485,3.221073243195306,3.2210226921349276
3.2233545997381094,3.2234052214210784,3.2234220954317863,3.2234052214211086,3.2233545997381094
3.2257202539663137,3.225770947319127,3.225787845220115,3.2257709473192344,3.2257202539663137
3.2281197025966684,3.228170468669007,3.228187390810312,3.2281704686694006,3.2281197025966684
3.230552994106108,3.2306038339499303,3.2306207806827265,3.2306038339513883,3.230552994106108
3.2330201776731,3.2330710923418837,3.2330880640192787,3.233071092347323,3.2330201776731
3.2355213031793566,3.2355722937252263,3.235589290705188,3.235572293745523,3.2355213031793557
3.238056421211588,3.2381074886744923,3.2381245113307213,3.2381074887502295,3.238056421211585
3.240625583063292,3.2406767284304343,3.24069377719298,3.2406767287130918,3.2406255830632804
3.243228840736528,3.2432800647909814,3.2432971402976785,3.2432800658458847,3.2432288407364855
3.245866246943677,3.2459175496992905,3.2459346533608673,3.2459175536362816,3.2458662469435176
3.248537855108768,3.248589233701638,3.2486063698102234,3.248589248394866,3.2485378551081725
3.251243719366202,3.251295160188283,3.251312343783521,3.2512952150247907,3.2512437193639787
3.2539838945437767,3.2540353439017737,3.2540526301107895,3.254035548556802,3.2539838945354753
3.256758436052682,3.2568096907642565,3.256827284201056,3.2568104545561583,3.256758436021688
3.259567399230324,3.2596176989015175,3.259636361373023,3.2596205494450916,3.2595673991146046
3.262410835474978,3.2624573442384786,3.262479912944423,3.2624679827365877,3.2624108350429197
3.2652887696121495,3.2653209296330017,3.2653579634296017,3.2653606335139194,3.2652887679989844
3.268201067610348,3.2681796412517814,3.268270377627063,3.268327819890508,3.2682010615872845
3.271146664232183,3.270926190136718,3.271216085936364,3.2714792068337677,3.2711466417438033
3.2696284419033965,3.2731623691265517,3.2741885691479133,3.2752262797643996,3.26970250873386
