3.600597463009901,3.6006182638583355,3.600639064706901,3.600618263858337,3.6005974630099016
3.6005766621614663,3.600639064928444,3.6006598659983022,3.6006390649284437,3.6005766621614663
3.600639062937031,3.6007014676956706,3.6007222694294287,3.6007014676956723,3.600639062937031
3.6007430654096413,3.600805473487797,3.600826276328073,3.6008054734877963,3.6007430654096413
3.6008886717921564,3.6009510845178028,3.600971888907258,3.6009510845178023,3.6008886717921564
3.601075885182722,3.6011383038840044,3.6011591102653626,3.601138303884005,3.601075885182722
3.601304709564845,3.601367135570134,3.601387944386191,3.6013671355701344,3.601304709564845
3.6015751498075583,3.6016375844454944,3.601658396139139,3.601637584445495,3.6015751498075583
3.6018872116656064,3.60194965626515,3.6019704712793756,3.60194965626515,3.6018872116656064
3.602240901779649,3.6023033576701433,3.602324176448061,3.602303357670143,3.602240901779649
3.6026362276765114,3.6026986961877085,3.6027195191725787,3.6026986961877094,3.6026362276765114
3.603073197769485,3.6031356802316132,3.6031565078668546,3.603135680231615,3.603073197769485
3.6035518213586086,3.6036143191024106,3.6036351518316043,3.603614319102412,3.6035518213586086
3.604072108631024,3.604134622987822,3.604155461254747,3.604134622987821,3.604072108631024
3.6046340706613824,3.604696602963106,3.6047174472117534,3.6046966029631076,3.6046340706613824
3.605237719412223,3.605300270991479,3.6053211216660523,3.605300270991481,3.605237719412223
3.60588306773443,3.6059456399245495,3.605966497469492,3.6059456399245517,3.60588306773443
3.606570129367729,3.606632723502797,3.6066535883628137,3.6066327235027997,3.606570129367729
3.60729891894118,3.6073615363561085,3.607382408976176,3.6073615363561116,3.60729891894118
3.60806945197372,3.6081320940042945,3.6081529748296766,3.608132094004296,3.60806945197372
3.6088817448747634,3.608944412857672,3.6089653023339396,3.6089444128576735,3.6088817448747634
3.6097358149447847,3.6097985102176926,3.6098194087907465,3.6097985102176944,3.6097358149447847
3.610631680375994,3.610694404277586,3.6107153123936535,3.6106944042775884,3.610631680375994
3.611569360252991,3.611632114123023,3.611653032228685,3.6116321141230245,3.611569360252991
3.6125488745534886,3.612611659732822,3.612632588275054,3.6126116597328215,3.6125488745534886
3.613570244149063,3.613633061979734,3.6136540014058833,3.613633061979736,3.613570244149063
3.614633490805914,3.6146963426311842,3.614717293389,3.614696342631186,3.614633490805914
3.6157386371857094,3.615801524350096,3.615822486887764,3.6158015243500987,3.6157386371857094
3.6168857068463818,3.616948630695726,3.6169696054618665,3.6169486306957292,3.6168857068463818
3.6180747242430535,3.618137686124563,3.61815867356825,3.6181376861245647,3.6180747242430535
3.6193057147289283,3.619368715991229,3.6193897165620097,3.619368715991232,3.6193057147289283
3.620578704556225,3.6206417465494187,3.6206627606973347,3.6206417465494223,3.620578704556225
3.6218937208771904,3.6219568049528963,3.6219778331284918,3.621956804952899,3.6218937208771904
3.623250791745089,3.623313919256495,3.6233349619108393,3.623313919256497,3.623250791745089
3.6246499461152526,3.624713118417166,3.6247341760018634,3.624713118417169,3.6246499461152526
3.6260912138461605,3.6261544322950683,3.6261755052622844,3.626154432295071,3.6260912138461605
3.627574625700564,3.6276378916546625,3.627658980457145,3.6276378916546657,3.627574625700564
3.6291002133466113,3.629163528165887,3.6291846332569677,3.62916352816589,3.6291002133466113
3.630668009359074,3.6307313744053245,3.6307524962389333,3.630731374405328,3.630668009359074
3.6322780472205083,3.632341463857411,3.6323626028881186,3.6323414638574136,3.6322780472205083
3.6339303613225415,3.633993830915698,3.634014987598713,3.633993830915701,3.6339303613225415
3.635624986967148,3.6356885108841492,3.63570968567533,3.635688510884152,3.635624986967148
3.6373619603679743,3.6374255399784214,3.6374467333343246,3.6374255399784237,3.6373619603679743
3.639141318651663,3.6392049553272483,3.639226167705098,3.6392049553272514,3.639141318651663
3.640963099859282,3.6410267949738317,3.6410480268315775,3.641026794973835,3.640963099859282
3.6428273429477023,3.6428910978772207,3.642912349673537,3.6428910978772238,3.6428273429477023
3.6447340877910923,3.6447979039138234,3.644819176108131,3.644797903913826,3.6447340877910923
3.6466833751823926,3.646747253878858,3.646768546931337,3.646747253878861,3.6466833751823926
3.6486752468348205,3.6487391894878853,3.6487605038594997,3.6487391894878884,3.6486752468348205
3.6507097453834536,3.650773753378376,3.6507950895308783,3.6507737533783797,3.6507097453834536
3.6527869143868195,3.6528509891113,3.652872347507266,3.652850989111303,3.6527869143868195
3.654906798328519,3.654970941172747,3.654992322275581,3.65497094117275,3.654906798328519
3.6570694426188837,3.657133654975604,3.657155059249555,3.6571336549756066,3.6570694426188837
3.659274893596686,3.659339176861236,3.6593606047714236,3.6593391768612387,3.659274893596686
3.661523198530874,3.6615875541012395,3.6616090061136726,3.6615875541012426,3.661523198530874
3.663814405622308,3.6638788348991937,3.6639003114807687,3.663878834899197,3.663814405622308
3.6661485640056166,3.6662130683924694,3.666234570011012,3.6662130683924725,3.6661485640056166
3.668525723750983,3.6685903046540647,3.6686118317783354,3.6685903046540678,3.668525723750983
3.6709459358660435,3.671010594694482,3.6710321477941963,3.6710105946944847,3.6709459358660435
3.673409252297799,3.673473990463639,3.67349557000948,3.673473990463642,3.673409252297799
3.675915725934556,3.675980544852802,3.676002151316448,3.675980544852805,3.675915725934556
3.678465410607881,3.6785303116965715,3.6785519455507085,3.678530311696574,3.678465410607881
3.681058361094659,3.681123345774903,3.6811450074932357,3.6811233457749055,3.681058361094659
3.6836946331191176,3.6837597028151503,3.68378139287244,3.683759702815154,3.6836946331191176
3.6863742833549065,3.6864394394941566,3.6864611583662104,3.6864394394941598,3.6863742833549065
3.689097369427241,3.6891626134403728,3.6891843616040823,3.689162613440375,3.689097369427241
3.6918639499150596,3.6919292832360178,3.6919510611693798,3.69192928323602,3.6918639499150596
3.6946740843531836,3.694739508419275,3.694761316601386,3.6947395084192776,3.6946740843531836
3.6975278332345933,3.6975933494865125,3.6976151883976214,3.6975933494865147,3.6975278332345933
3.700425258012672,3.700490867894573,3.7005127380160663,3.700490867894577,3.700425258012672
3.7033664211035044,3.7034321260630536,3.7034540278774917,3.7034321260630576,3.7033664211035044
3.706351385888232,3.706417187376659,3.7064391213677936,3.706417187376668,3.706351385888232
3.7093802167154215,3.7094461161875656,3.709468082840358,3.709446116187589,3.7093802167154215
3.712452978903468,3.71251897781783,3.7125409776184792,3.71251897781791,3.712452978903468
3.715569738743054,3.715635838561812,3.7156578719978244,3.7156358385621067,3.715569738743054
3.718730563499653,3.7187967656885506,3.718818833248901,3.718796765689643,3.7187305634996526
3.7219355214160146,3.722001827443843,3.72202392961959,3.7220018274479156,3.7219355214160146
3.7251846817147576,3.725251093051222,3.725273230337702,3.725251093066415,3.725184681714757
3.7284781146009554,3.728544632708594,3.728566805613579,3.728544632765291,3.728478114600953
3.7318158912647714,3.731882517568626,3.7319047266427323,3.7318825177802264,3.731815891264762
3.735198083884134,3.7352648196584135,3.7352870656085053,3.735264820448123,3.7351980838840997
3.7386247656274305,3.7386916115723925,3.7387138956847563,3.7386916145196603,3.7386247656273026
3.7420960106561667,3.742162965318976,3.74218529103847,3.7421629763184723,3.74209601065569
3.74561189412707,3.745678948008885,3.7457013268316697,3.745678989060072,3.7456118941252914
3.7491724921906187,3.749239605757826,3.749262079219261,3.7492397589648614,3.7491724921839786
3.752777881967315,3.752844903612549,3.752867625322681,3.7528454753961387,3.7527778819425244
3.756428141390288,3.7564945014023774,3.756518043062784,3.7564966353544946,3.7564281412977247
3.7601233482533556,3.7601869175439013,3.7602134101715747,3.760194881661341,3.7601233479077463
3.7638635745725844,3.763916410348302,3.763953798418273,3.7639461332115514,3.763863573282155
3.7676488534241086,3.7676613508584516,3.7677392399416667,3.7677722794844413,3.7676488486059014
3.771478984583653,3.771340899719739,3.7715695310055026,3.7717548961786487,3.77147896659334
3.769524894534512,3.7746537324313567,3.775443088181963,3.7761988076313147,3.7695803408567388
