3.9237609469842774,3.9237851956544296,3.923809444324581,3.923785195654431,3.9237609469842782
3.923736698314125,3.9238094445927336,3.9238336935310514,3.9238094445927336,3.923736698314125
3.923809442179199,3.9238821908713346,3.92390644061417,3.923882190871336,3.923809442179199
3.9239306833844694,3.9240034360992326,3.924027687182964,3.924003436099232,3.9239306833844694
3.924100424611507,3.9241731829581634,3.924197435919218,3.924173182958163,3.924100424611507
3.924318669614675,3.92439143520271,3.924415690577586,3.92439143520271,3.924318669614675
3.9245854232212425,3.9246581976604116,3.924682455985706,3.9246581976604116,3.9245854232212425
3.924900691331589,3.924973476231999,3.924997738044417,3.9249734762319997,3.924900691331589
3.925264480919425,3.9253372778915865,3.925361543727974,3.9253372778915865,3.925264480919425
3.9256768000320648,3.9257496106869527,3.925773881084307,3.9257496106869523,3.9256768000320648
3.926137657790731,3.9262104837398533,3.92623475923535,3.9262104837398537,3.926137657790731
3.926647064390934,3.9267199072463828,3.9267441883774006,3.9267199072463845,3.926647064390934
3.9272050311028255,3.9272778924773566,3.927302179781481,3.927277892477358,3.9272050311028255
3.9278115702716634,3.927884451778747,3.927908745793808,3.9278844517787452,3.9278115702716634
3.9284666953182827,3.928539598572165,3.928563899836252,3.9285395985721667,3.9284666953182827
3.929170420739622,3.9292433473553956,3.9292676564068825,3.929243347355398,3.929170420739622
3.9299227621092565,3.929995713702919,3.9300200310804785,3.929995713702921,3.9299227621092565
3.9307237360780545,3.9307967142665623,3.930821040509186,3.930796714266565,3.9307237360780545
3.9315733603747534,3.9316463667761012,3.931670702423122,3.931646366776105,3.9315733603747534
3.932471653806708,3.9325446900399843,3.9325690356311056,3.9325446900399856,3.932471653806708
3.9334186362605803,3.9334917039460198,3.933516060021333,3.9334917039460207,3.9334186362605803
3.9344143287031335,3.934487429462194,3.93451179656219,3.9344874294621945,3.9344143287031335
3.9354587531820218,3.9355318886374335,3.9355562673030375,3.935531888637436,3.9354587531820218
3.936551932826651,3.93662510460251,3.9366494953750744,3.936625104602511,3.936551932826651
3.937693891849093,3.937767101570877,3.9377915049922527,3.9377671015708766,3.937693891849093
3.938884655544998,3.938957904839663,3.938982321452173,3.938957904839665,3.938884655544998
3.940124250294581,3.9401975407906265,3.940221971137101,3.9401975407906287,3.940124250294581
3.941412703563657,3.941486036891164,3.941510481514979,3.9414860368911664,3.941412703563657
3.942750043904694,3.9428234216954086,3.942847881140484,3.9428234216954112,3.942750043904694
3.944136300957909,3.944209724845301,3.944234199656131,3.944209724845304,3.944136300957909
3.945571505452446,3.9456449770717645,3.945669467793447,3.9456449770717676,3.945571505452446
3.9470556892075273,3.9471292101958793,3.9471537173741194,3.9471292101958824,3.9470556892075273
3.9485888851337156,3.948662457130118,3.9486869813112633,3.9486624571301214,3.9485888851337156
3.9501711272341886,3.9502447518796373,3.9502692936106873,3.950244751879641,3.9501711272341886
3.9518024506060403,3.9518761295435643,3.951900689372208,3.951876129543567,3.9518024506060403
3.9534828914416456,3.953556626316384,3.9535812047910066,3.9535566263163866,3.9534828914416456
3.955212487030078,3.955286279489333,3.9553108771590435,3.955286279489336,3.955212487030078
3.9569912757585324,3.9570651274518465,3.9570897448664955,3.9570651274518496,3.9569912757585324
3.958819297113827,3.958893209693032,3.958917847403241,3.9588932096930347,3.958819297113827
3.96069659168393,3.960770566803221,3.960795225360396,3.9607705668032245,3.96069659168393
3.962623201159548,3.962697240475543,3.9627219204318953,3.962697240475546,3.962623201159548
3.964599168335706,3.9646732735075183,3.9646979754160907,3.964673273507521,3.964599168335706
3.966624537113459,3.966698709802746,3.9667234342174367,3.9666987098027495,3.966624537113459
3.968699352501531,3.968773594372578,3.968798341848154,3.968773594372581,3.968699352501531
3.9708236606181253,3.970897973337895,3.97092274443002,3.9708979733378977,3.9708236606181253
3.972997508692662,3.9730718939308716,3.973096689196118,3.973071893930875,3.972997508692662
3.975220945067646,3.975295404496819,3.975320224492708,3.9752954044968223,3.975220945067646
3.977494019200519,3.977568554496063,3.977593399781067,3.9775685544960666,3.977494019200519
3.9798167816655927,3.979891394505857,3.9799162656394365,3.9798913945058603,3.9798167816655927
3.9821892841559983,3.9822639762223413,3.9822888737649578,3.9822639762223444,3.9821892841559983
3.9846115794857146,3.984686352462571,3.9847112769757063,3.984686352462574,3.9846115794857146
3.987083721591587,3.987158577166536,3.9871835292127202,3.987158577166539,3.987083721591587
3.9896057655354475,3.9896807053992642,3.9897056855421074,3.9896807053992673,3.9896057655354475
3.9921777675062358,3.992252793352984,3.9922778021571697,3.9922527933529874,3.9921777675062358
3.994799784822201,3.9948748983492726,3.994899936380611,3.994874898349276,3.994799784822201
3.997471875933106,3.997547078841297,3.997572146666732,3.9975470788412997,3.997471875933106
4.00019410042251,4.0002693944160965,4.000294492603721,4.000269394416099,4.00019410042251
4.002966519010067,4.003041905796857,4.003067034915952,4.003041905796859,4.002966519010067
4.005789193553913,4.005864674845324,4.00588983546637,4.005864674845327,4.005789193553913
4.008662187053056,4.008737764564176,4.008762957258866,4.00873776456418,4.008662187053056
4.0115855636498,4.011661239099463,4.011686464440754,4.011661239099467,4.0115855636498
4.014559388632287,4.01463516374312,4.014660422305236,4.014635163743123,4.014559388632287
4.01758372843698,4.0176596049355,4.017684897293953,4.017659604935503,4.01758372843698
4.020658650651306,4.02073463026796,4.020759956999569,4.020734630267962,4.020658650651306
4.023784224016217,4.023860308485473,4.023885670168401,4.023860308485476,4.023784224016217
4.026960518428921,4.027036709489317,4.027062106703085,4.027036709489319,4.026960518428921
4.030187604945578,4.030263904339802,4.030289337665318,4.0302639043398045,4.030187604945578
4.033465555784044,4.033541965259007,4.033567435278574,4.033541965259008,4.033465555784044
4.03679444432673,4.036870965633614,4.03689647293097,4.036870965633617,4.03679444432673
4.040174345123401,4.0402509800177455,4.040276525178089,4.040250980017749,4.040174345123401
4.043605333894126,4.0436820841359,4.043707667745879,4.043682084135903,4.043605333894126
4.047087487532204,4.047164354885849,4.0471899775336295,4.047164354885857,4.047087487532204
4.050620884107142,4.050697870341676,4.0507235326169395,4.050697870341693,4.050620884107142
4.054205602867725,4.054282709756783,4.054308412250763,4.054282709756833,4.054205602867725
4.057841724245097,4.057918953566971,4.057944696872509,4.057918953567143,4.057841724245097
4.0615293298558655,4.061606683393508,4.061632468105147,4.061606683394149,4.0615293298558655
4.065268502505329,4.065345982046051,4.065371808760433,4.065345982048444,4.065268502505329
4.069059326190662,4.069136933524945,4.069162802842086,4.069136933533869,4.069059326190661
4.072901886104218,4.072979623020986,4.073005535549105,4.072979623054289,4.0729018861042166
4.076796268636832,4.076874136905681,4.076900093279065,4.076874137029978,4.0767962686368255
4.0807425613812045,4.080820562685853,4.080846563631487,4.080820563149744,4.080742561381184
4.084740853135334,4.084818988825039,4.084845035411292,4.0848189905563235,4.084740853135257
4.088791233906104,4.088869504067686,4.088895598632325,4.088869510529009,4.088791233905813
4.092893794913323,4.092972194907286,4.092998344521312,4.09297221902159,4.092893794912237
4.0970486285963785,4.097127136126833,4.097153365524049,4.097127226123802,4.0970486285923196
4.10125582863463,4.101334355479628,4.101360755324242,4.101334691357258,4.101255828619477
4.105515490045929,4.105593701832814,4.10562060893604,4.105594955361513,4.10551548998935
4.109827709730401,4.109904352869675,4.109933023225587,4.109909031163418,4.1098277095191476
4.114192589575775,4.1142629766899015,4.114298099933213,4.114280436547426,4.1141925887869855
4.1186102543645475,4.118656864380948,4.118715963269941,4.118722026306091,4.118610251419317
4.12308095547767,4.123038263199409,4.123186862459514,4.123281453987681,4.123080944480528
4.120815956437136,4.1272283704795125,4.127711769381033,4.128135982704599,4.120848526402577
