4.944148296001906,4.944184301809805,4.944220307617157,4.944184301809806,4.944148296001907
4.944112290194007,4.944220308055727,4.944256314302778,4.944220308055726,4.944112290194007
4.944220304097286,4.94432832591634,4.9443643334825165,4.944328325916341,4.944220304097286
4.944400329615063,4.944508358029828,4.944544367794609,4.944508358029826,4.944400329615063
4.944652371144161,4.944760408793308,4.944796421636264,4.944760408793306,4.944652371144161
4.944976434840397,4.945084484362995,4.945120501163817,4.9450844843629955,4.944976434840397
4.945372528618854,4.945480592654464,4.945516614293019,4.945480592654464,4.945372528618854
4.945840662154171,4.945948743342977,4.945984770699351,4.945948743342978,4.945840662154171
4.946380846881011,4.946488947863929,4.946524981818436,4.946488947863929,4.946380846881011
4.946993095994499,4.94710121941331,4.947137260846548,4.94710121941331,4.946993095994499
4.947677424450843,4.94778557294825,4.947821622741146,4.94778557294825,4.947677424450843
4.948433848967913,4.948542025187721,4.948578084221549,4.948542025187723,4.948433848967913
4.949262388025987,4.949370594613174,4.949406663769605,4.949370594613176,4.949262388025987
4.950163061868565,4.950271301469391,4.950307381630534,4.950271301469391,4.950163061868565
4.951135892503155,4.951244167765312,4.9512802598137355,4.9512441677653145,4.951135892503155
4.952180903702304,4.9522892172749895,4.952325322093773,4.952289217274992,4.952180903702304
4.953298121004529,4.953406475538593,4.953442594011358,4.953406475538595,4.953298121004529
4.954487571715483,4.954595969863512,4.954632102874469,4.954595969863514,4.954487571715483
4.955749284909076,4.955857729325509,4.955893877759501,4.955857729325514,4.955749284909076
4.957083291428703,4.957191784769988,4.9572279495124825,4.957191784769989,4.957083291428703
4.958489623888624,4.958598168813262,4.958634350750457,4.958598168813265,4.958489623888624
4.959968316675289,4.960076915843995,4.9601131158628,4.960076915843996,4.959968316675289
4.961519405948838,4.961628062024658,4.961664281012774,4.961628062024661,4.961519405948838
4.963142929644643,4.963251645293037,4.963287884138963,4.963251645293039,4.963142929644643
4.964838927474927,4.9649477053639135,4.964983964956988,4.9649477053639135,4.964838927474927
4.966607440930463,4.966716283730699,4.966752564961173,4.966716283730703,4.966607440930463
4.968448513282333,4.968557423667271,4.968593727426288,4.968557423667273,4.968448513282333
4.970362189583807,4.970471170229767,4.9705074974094625,4.970471170229771,4.970362189583807
4.972348516672221,4.972457570258532,4.972493921752032,4.972457570258536,4.972348516672221
4.974407543171023,4.974516672380138,4.974553049081593,4.974516672380143,4.974407543171023
4.9765393194918115,4.976648527009399,4.9766849298140485,4.976648527009404,4.9765393194918115
4.978743897836523,4.978853186351615,4.978889616155817,4.978853186351619,4.978743897836523
4.981021332199649,4.981130704404728,4.981167162105993,4.981130704404731,4.981021332199649
4.983371678370543,4.983481136961668,4.983517623458689,4.9834811369616725,4.983371678370543
4.985794993935787,4.985904541612717,4.98594105780544,4.9859045416127215,4.985794993935787
4.98829133828171,4.9884009777480065,4.988437524537615,4.988400977748011,4.98829133828171
4.990860772596842,4.990970506559994,4.991007084849004,4.990970506559999,4.990860772596842
4.993503359874613,4.993613191046138,4.993649801738403,4.9936131910461405,4.993503359874613
4.99621916491597,4.996329096011559,4.996365740012318,4.996329096011565,4.99621916491597
4.99900825433222,4.999118288071834,4.999154966287755,4.999118288071839,4.99900825433222
5.001870696547836,5.001980835655816,5.002017548995014,5.00198083565582,5.001870696547836
5.0048065618033775,5.0049168090085745,5.004953558380704,5.004916809008577,5.0048065618033775
5.007815922158526,5.007926280194411,5.007963066510631,5.0079262801944155,5.007815922158526
5.010898851495137,5.011009323099939,5.011046147272999,5.011009323099944,5.010898851495137
5.014055425520422,5.014166013437208,5.014202876381489,5.014166013437212,5.014055425520422
5.017285721770169,5.017396428747004,5.01743333137853,5.017396428747007,5.017285721770169
5.02058981961209,5.020700648402119,5.0207375916386265,5.020700648402122,5.02058981961209
5.023967800249191,5.024078753610781,5.024115738371731,5.024078753610785,5.023967800249191
5.027419746723249,5.027530827420087,5.027567854626724,5.027530827420089,5.027419746723249
5.030945743918361,5.031056954719602,5.0310940252949985,5.031056954719607,5.030945743918361
5.03454587856462,5.034657222244989,5.0346943371140505,5.0346572222449915,5.03454587856462
5.0382202392417845,5.038331718581681,5.038368878671236,5.038331718581684,5.0382202392417845
5.041968916383093,5.042080534168733,5.042117740407531,5.042080534168738,5.041968916383093
5.045792002279098,5.045903761302636,5.045941014621411,5.04590376130264,5.045792002279098
5.049689591081683,5.0498014941413185,5.049838795472813,5.049801494141323,5.049689591081683
5.053661778808064,5.053773828708178,5.05381117898719,5.053773828708182,5.053661778808064
5.057708663344895,5.057820862896145,5.057858263059585,5.057820862896149,5.057708663344895
5.061830344452477,5.061942696471945,5.061980147458843,5.061942696471949,5.061830344452477
5.066026923769016,5.06613943108032,5.066176933831909,5.066139431080323,5.066026923769016
5.070298504815017,5.070411170248424,5.070448725708133,5.070411170248429,5.070298504815017
5.074645192997674,5.074758019390243,5.074795628503772,5.074758019390249,5.074645192997674
5.079067095615425,5.079180085811123,5.079217749526473,5.079180085811127,5.079067095615425
5.083564321862546,5.083677478712353,5.083715197979858,5.083677478712356,5.083564321862546
5.088136982833838,5.088250309195878,5.088288084968283,5.0882503091958835,5.088136982833838
5.09278519152937,5.0928986902690685,5.092936523501511,5.092898690269073,5.09278519152937
5.097509062859359,5.097622736849521,5.0976606284996215,5.097622736849524,5.097509062859359
5.102308713649101,5.102422565770048,5.102460516797925,5.102422565770053,5.102308713649101
5.107184262643936,5.107298295783652,5.107336307151981,5.107298295783657,5.107184262643936
5.112135830514414,5.112250047568654,5.112288120242709,5.112250047568657,5.112135830514414
5.117163539861439,5.117277943733855,5.117316078681526,5.117277943733858,5.117163539861439
5.122267515221552,5.122382108823824,5.1224203070156795,5.122382108823828,5.122267515221552
5.127447883072262,5.127562669324217,5.12760093173356,5.127562669324224,5.127447883072262
5.132704771837479,5.13281975366723,5.132858081270106,5.132819753667243,5.132704771837479
5.13803831189308,5.1381534922371275,5.1381918860124065,5.13815349223717,5.13803831189308
5.143448635572446,5.143564017375807,5.143602478305222,5.143564017375952,5.143448635572446
5.148935877172191,5.149051463388439,5.149089992456722,5.149051463388981,5.148935877172191
5.154500172957941,5.154615966549045,5.154654564744253,5.1546159665510585,5.154500172957941
5.160141661170177,5.160257665105557,5.1602963334201934,5.160257665113063,5.160141661170176
5.165860482030188,5.1659766992828295,5.166015438717903,5.165976699310835,5.165860482030186
5.171656777746104,5.171773211277674,5.17181202285775,5.1717732113822,5.171656777746099
5.17753069251901,5.177647345224028,5.177686230053236,5.177647345614117,5.177530692518991
5.1834823725490144,5.1835992470462005,5.183638206517047,5.183599248502039,5.183482372548942
5.18951196604094,5.189629063894718,5.189668100466717,5.189629069328067,5.189511966040669
5.195619623206816,5.195736942025029,5.195776062127029,5.195736962302854,5.195619623205804
5.201805496249805,5.201923018871566,5.201962243713521,5.2019230945505255,5.201805496246027
5.208069739238126,5.208187393497921,5.208226799304955,5.208187675939705,5.208069739224019
5.214412507335938,5.214530016577039,5.214569884068695,5.214531070679317,5.214412507283264
5.2208339522765845,5.220950281405619,5.2209916497134605,5.220954215425619,5.220833952079897
5.2273341959030875,5.227445507055398,5.2274922179539045,5.227460189229807,5.227334195168656
5.233913175755307,5.234005332958987,5.234071525816962,5.234060128371052,5.23391317301291
5.240569744444308,5.2405911232082945,5.240728423983901,5.240795625424534,5.2405697342040325
5.237208198825027,5.247060991445991,5.2474554214858244,5.247824215139154,5.237235586291239
