4.322870292244387,4.322899129312281,4.322927966380399,4.322899129312283,4.322870292244389
4.322841455176493,4.3229279667137925,4.3229568041148525,4.3229279667137925,4.322841455176493
4.322927963717885,4.323014478251562,4.323043316651417,4.323014478251563,4.322927963717885
4.323072146395406,4.323158665923143,4.323187505987716,4.323158665923142,4.323072146395406
4.323274006538173,4.323360533057897,4.32338937545316,4.323360533057896,4.323274006538173
4.323533548807235,4.323620084317114,4.323648929709137,4.323620084317114,4.323533548807235
4.323850779195598,4.323937325694183,4.3239661747491525,4.3239373256941835,4.323850779195598
4.324225705028592,4.32431226451487,4.324341117899145,4.324312264514871,4.324225705028592
4.324658334964075,4.324744909437576,4.324773767817657,4.324744909437576,4.324658334964075
4.325148678992875,4.325235270453729,4.325264134496327,4.325235270453729,4.325148678992875
4.325696748439117,4.325783358888129,4.325812229260198,4.3257833588881285,4.325696748439117
4.326302555960729,4.326389187399481,4.32641806476822,4.326389187399482,4.326302555960729
4.326966115549916,4.327052769980827,4.327081655013732,4.3270527699808286,4.326966115549916
4.327687442533763,4.327774121960199,4.327803015325069,4.327774121960198,4.327687442533763
4.328466553574824,4.328553260001155,4.3285821623661045,4.328553260001158,4.328466553574824
4.3293034666718215,4.329390202103514,4.329419114137052,4.329390202103517,4.3293034666718215
4.330198201160357,4.330284967604051,4.3303138899750575,4.330284967604053,4.330198201160357
4.331150777713707,4.331237577177281,4.331266510555066,4.331237577177283,4.331150777713707
4.332161218343625,4.33224805283632,4.3322769978906335,4.332248052836324,4.332161218343625
4.333229546401295,4.333316417933763,4.333345375334823,4.333316417933765,4.333229546401295
4.334355786578233,4.334442697162594,4.334471667581134,4.3344426971625944,4.334355786578233
4.335539964907278,4.3356269165572625,4.335655900664531,4.335626916557263,4.335539964907278
4.336782108763655,4.33686910349465,4.336898101962453,4.336869103494653,4.336782108763655
4.338082246866112,4.33816928669526,4.338198300195979,4.338169286695262,4.338082246866112
4.339440409278064,4.339527496224307,4.339556525430939,4.339527496224307,4.339440409278064
4.340856627408782,4.3409437634929855,4.340972809079158,4.340943763492988,4.340856627408782
4.342330934014688,4.342418121259705,4.342447183899709,4.3424181212597075,4.342330934014688
4.34386336320069,4.343950603631433,4.343979684000262,4.343950603631438,4.34386336320069
4.345453950421561,4.345541246065112,4.345570344838452,4.345541246065114,4.345453950421561
4.347102732483346,4.347190085369012,4.3472192032233155,4.347190085369014,4.347102732483346
4.348809747544878,4.348897159704296,4.3489262973167815,4.3488971597043005,4.348809747544878
4.350575035119336,4.3506625085865185,4.350691666635213,4.350662508586521,4.350575035119336
4.352398636075791,4.352486172887264,4.352515352050993,4.352486172887268,4.352398636075791
4.354280592640934,4.35436819483576,4.3543973957942415,4.3543681948357635,4.354280592640934
4.356220948400705,4.356308618020619,4.356337841454439,4.3563086180206225,4.356220948400705
4.358219748302152,4.358307487391604,4.3583367339822425,4.358307487391608,4.358219748302152
4.360277038655155,4.36036484926142,4.36039411969132,4.3603648492614235,4.360277038655155
4.362392867134376,4.362480751307614,4.3625100462601685,4.362480751307618,4.362392867134376
4.3645672827811595,4.364655242574518,4.364684562734123,4.364655242574521,4.3645672827811595
4.366800336005497,4.366888373475195,4.366917719527256,4.366888373475198,4.366800336005497
4.369092078588135,4.369180195793521,4.369209568424511,4.369180195793525,4.369092078588135
4.3714425636826,4.371530762686272,4.371560162583721,4.371530762686276,4.3714425636826
4.373851845817393,4.3739401286852555,4.373969556537809,4.373940128685259,4.373851845817393
4.3763199808982165,4.376408349699568,4.376437806197009,4.37640834969957,4.3763199808982165
4.378847026210167,4.378935483017807,4.378964968851063,4.378935483017811,4.378847026210167
4.3814330404201565,4.3815215873104325,4.38155110317164,4.381521587310435,4.3814330404201565
4.384078083579213,4.3841667226321395,4.384196269214641,4.384166722632142,4.384078083579213
4.3867822171249475,4.386870950424265,4.386900528422659,4.386870950424267,4.3867822171249475
4.3895455038840385,4.3896343335173205,4.38966394362748,4.389634333517324,4.3895455038840385
4.392368008074786,4.39245693613352,4.3924865790525915,4.392456936133524,4.392368008074786
4.3952497953097325,4.395338823889365,4.395368500315871,4.395338823889368,4.3952497953097325
4.39819093259827,4.398280063798363,4.398309774432151,4.398280063798366,4.39819093259827
4.401191488349407,4.401280724273678,4.401310469815993,4.401280724273681,4.401191488349407
4.404251532374557,4.404340875130961,4.404370656284474,4.4043408751309645,4.404251532374557
4.407371135890314,4.4074605875911494,4.40749040505996,4.407460587591153,4.407371135890314
4.4105503715213885,4.41063993428338,4.410669788773079,4.410639934283384,4.4105503715213885
4.413789313303533,4.413878989247912,4.41390888146558,4.413878989247916,4.413789313303533
4.417088036686575,4.417177827939168,4.417207758593434,4.417177827939171,4.417088036686575
4.420446618537451,4.420536527228757,4.420566497029789,4.4205365272287604,4.420446618537451
4.423865137143328,4.42395516540864,4.423985175068217,4.4239551654086435,4.423865137143328
4.427343672214833,4.427433822194282,4.427463872425782,4.427433822194286,4.427343672214833
4.430882304889209,4.430972578727876,4.431002670246339,4.4309725787278795,4.430882304889209
4.434481117733685,4.434571517581685,4.4346016511038275,4.4345715175816895,4.434481117733685
4.438140194748786,4.438230722761355,4.438260899005601,4.438230722761358,4.438140194748786
4.441859621371781,4.441950279709367,4.441980499395875,4.441950279709371,4.441859621371781
4.445639484480116,4.445730275308462,4.445760539159158,4.445730275308466,4.445639484480116
4.44947987239499,4.449570797885229,4.449601106623831,4.449570797885234,4.44947987239499
4.453380874884897,4.453471937213646,4.4535022915656945,4.453471937213648,4.453380874884897
4.457342583169335,4.457433784518758,4.457464185211668,4.457433784518759,4.457342583169335
4.461365089922471,4.461456432480404,4.461486880243447,4.461456432480405,4.461365089922471
4.465448489276911,4.465539975236933,4.465570470801329,4.465539975236936,4.465448489276911
4.469592876827589,4.469684508389103,4.469715052487994,4.469684508389114,4.469592876827589
4.473798349635563,4.4738901290039195,4.473920722372425,4.473890129003939,4.473798349635563
4.478065006232052,4.478156935618586,4.478187578993861,4.478156935618648,4.478065006232052
4.482392946622401,4.482485028244522,4.482515722365787,4.482485028244741,4.482392946622401
4.486782272290158,4.486874508371324,4.4869052539800265,4.486874508372127,4.486782272290158
4.491233086201232,4.491325478970603,4.4913562768108735,4.49132547897359,4.491233086201232
4.495745492808055,4.495838044498991,4.495868895319272,4.4958380445101325,4.495745492808054
4.500319598053863,4.500412310898046,4.500443215457095,4.500412310939625,4.500319598053861
4.504955509376992,4.505048385582244,4.505079344671439,4.5050483857374175,4.504955509376985
4.509653335715268,4.509746377382509,4.509777391909009,4.509746377961619,4.509653335715241
4.514413187510375,4.514506396323518,4.514537467620473,4.514506398484812,4.514413187510273
4.51923517671198,4.519328552780719,4.519359683764559,4.519328560846897,4.519235176711601
4.524119416779983,4.524212954322825,4.5242441538101525,4.524212984426614,4.524119416778565
4.5290660226754005,4.529159693920459,4.529190992726611,4.5291598062708545,4.529066022670109
4.53407511078363,4.5341688059570044,4.534200316904975,4.5341692252600865,4.5340751107638715
4.539146798440445,4.539240102218961,4.53927224367621,4.539241667100649,4.5391467983666685
4.5442812011298885,4.544372560802191,4.544406888480254,4.54437840109964,4.544281200854413
4.549478416068669,4.549562051379667,4.549604348342975,4.549583847963246,4.549478415040065
4.554738426278297,4.55479288030484,4.554864605548737,4.55487422737031,4.554738422437545
4.560060540603871,4.560006438012664,4.560186966176826,4.560310033531714,4.560060526262641
4.557363497712544,4.564985364965127,4.565566787614198,4.566118414317085,4.5574041569036225
