3.879710425334486,3.879734252340842,3.879758079347362,3.879734252340844,3.879710425334487
3.8796865983281306,3.8797580796099247,3.8797819068786956,3.8797580796099247,3.8796865983281306
3.879758077249927,3.879829560892027,3.8798533889475824,3.8798295608920284,3.879758077249927
3.8798772101846484,3.8799486977607005,3.879972527127579,3.8799486977606996,3.8798772101846484
3.88004399975475,3.88011549283853,3.8801393240413495,3.880115492838529,3.88004399975475
3.880258449631822,3.8803299497973303,3.880353783360754,3.8803299497973303,3.880258449631822
3.880520564536711,3.8805920733582115,3.8806159098070054,3.8805920733582115,3.880520564536711
3.8808303502397146,3.8809018692918125,3.880925709150843,3.880901869291813,3.8808303502397146
3.8811878135607816,3.8812593444184738,3.881283188212758,3.8812593444184738,3.8811878135607816
3.881592962369816,3.881664506608553,3.8816883548632486,3.8816645066085527,3.881592962369816
3.882045805586931,3.8821173647826868,3.882141218023117,3.8821173647826868,3.882045805586931
3.8825463531828395,3.882617928912162,3.8826417876638484,3.8826179289121634,3.8825463531828395
3.883094616179208,3.8831662100192714,3.883190074807953,3.8831662100192728,3.883094616179208
3.8836906066490817,3.8837622201777777,3.883786091529417,3.8837622201777764,3.8836906066490817
3.8843343377173825,3.884405972513344,3.884429850954167,3.8844059725133464,3.8843343377173825
3.8850258235613673,3.8850974812040646,3.8851213672605596,3.885097481204067,3.8850258235613673
3.8857650794112173,3.8858367614809883,3.8858606556799495,3.885836761480991,3.8857650794112173
3.8865521215505985,3.886623829628732,3.886647732497255,3.8866238296287343,3.8865521215505985
3.8873869673173087,3.88745870298609,3.8874826150516175,3.8874587029860925,3.8873869673173087
3.888269635103927,3.8883413999467136,3.88836532173703,3.8883413999467145,3.888269635103927
3.8892001443585396,3.8892719399598077,3.889295872003078,3.889271939959809,3.8892001443585396
3.8901785155854793,3.8902503435308926,3.89027428635569,3.8902503435308935,3.8901785155854793
3.8912047703461354,3.891276632222605,3.891300586357902,3.8912766322226067,3.8912047703461354
3.8922789312597383,3.892350828655489,3.8923747946307037,3.8923508286554904,3.8922789312597383
3.8934010220043027,3.893472956508932,3.8934969348539252,3.893472956508932,3.8934010220043027
3.8945710673174863,3.8946430405220145,3.894667031767142,3.894643040522017,3.8945710673174863
3.895789092997553,3.895861106494504,3.8958851111706094,3.8958611064945066,3.895789092997553
3.897055125904404,3.897127181287844,3.8971511999262987,3.8971271812878467,3.897055125904404
3.8983691939605594,3.898441292826182,3.8984653259588837,3.898441292826185,3.8983691939605594
3.8997313261522795,3.899803470097457,3.899827518256868,3.8998034700974604,3.8997313261522795
3.9011415525306687,3.901213743154504,3.901237806873674,3.9012137431545066,3.9011415525306687
3.902599904212829,3.902672143116238,3.902696222928801,3.9026721431162406,3.902599904212829
3.9041064133830736,3.904178702168829,3.904202798609055,3.9041787021688323,3.9041064133830736
3.9056611132941548,3.9057334535669606,3.9057575671697573,3.9057334535669637,3.9056611132941548
3.907264038268569,3.9073364316351107,3.907360562936044,3.907336431635114,3.907264038268569
3.908915223699854,3.908987671768872,3.9090118213041976,3.9089876717688745,3.908915223699854
3.9106147060539866,3.910687210436332,3.910711378743011,3.9106872104363353,3.9106147060539866
3.912362522870772,3.91243508517947,3.9124592727951804,3.9124350851794727,3.912362522870772
3.9141587127652837,3.914231334615599,3.9142555420787724,3.9142313346156015,3.9141587127652837
3.916003315429383,3.9160759984388775,3.9161002262887123,3.9160759984388807,3.916003315429383
3.9178963716332285,3.91796911742183,3.9179933661983015,3.9179691174218325,3.9178963716332285
3.919837923226863,3.919910733416931,3.9199350036608296,3.9199107334169345,3.919837923226863
3.9218280131418384,3.921900889358205,3.9219251816111536,3.9219008893582075,3.9218280131418384
3.92386668539285,3.9239396292629056,3.923963944067383,3.9239396292629087,3.92386668539285
3.9259539850794507,3.9260269982332066,3.9260513361325446,3.92602699823321,3.9259539850794507
3.9280899583877957,3.9281630424579403,3.9281874039963767,3.928163042457943,3.9280899583877957
3.930274652592431,3.930347809214387,3.930372194937068,3.9303478092143904,3.930274652592431
3.9325081160581212,3.9325813468701174,3.932605757323133,3.9325813468701205,3.9325081160581212
3.934790398241706,3.9348637048848403,3.934888140615227,3.9348637048848434,3.934790398241706
3.937121549694012,3.9371949338123198,3.937219395368099,3.9371949338123224,3.937121549694012
3.939501622061829,3.9395750853023395,3.939599573232524,3.9395750853023426,3.939501622061829
3.9419306680898916,3.94200421210269,3.94202872695732,3.9420042121026935,3.9419306680898916
3.9444087416229214,3.944482368061217,3.94450691039137,3.9444823680612195,3.9444087416229214
3.946935897607709,3.947009608127903,3.9470341784857186,3.9470096081279062,3.946935897607709
3.949512192095232,3.9495859883569855,3.949610587295684,3.9495859883569877,3.949512192095232
3.9521376822428467,3.9522115659091304,3.95223619398305,3.9522115659091335,3.9521376822428467
3.9548124263164817,3.9548863990536494,3.9549110568182444,3.954886399053653,3.9548124263164817
3.957536483692896,3.95761054717075,3.957635235182631,3.957610547170753,3.957536483692896
3.9603099148619743,3.9603840707538303,3.960408789570777,3.9603840707538334,3.9603099148619743
3.963132781429081,3.9632070314118306,3.9632317815928126,3.9632070314118337,3.963132781429081
3.966005146117421,3.9660794918716067,3.966104273976812,3.9660794918716094,3.966005146117421
3.9689270727705077,3.9690015159803727,3.9690263305712237,3.9690015159803758,3.9689270727705077
3.971898626354592,3.971973168708158,3.9719980163473383,3.971973168708161,3.971898626354592
3.97491987296121,3.97499451615034,3.9750193974018107,3.9749945161503435,3.97491987296121
3.9779908798097345,3.9780656255301965,3.9780905409592178,3.9780656255301996,3.9779908798097345
3.9811117152499613,3.981186565201505,3.981211515374666,3.9811865652015075,3.9811117152499613
3.9842824487648008,3.984357404651201,3.984382390136439,3.9843574046512042,3.9842824487648008
3.9875031509729175,3.9875782145020677,3.9876032358686873,3.9875782145020695,3.9875031509729175
3.9907738936315122,3.9908490665154743,3.990874124334169,3.990849066515476,3.9907738936315122
3.994094749639083,3.9941700335941577,3.994195128437037,3.994170033594161,3.994094749639083
3.997465793038244,3.99754118978505,3.9975663222256546,3.997541189785052,3.997465793038244
4.000887099018628,4.000962610282147,4.000987780895488,4.0009626102821505,4.000887099018628
4.004358743919777,4.004434371429439,4.004459580791992,4.0044343714294435,4.004358743919777
4.007880805234098,4.007956550723846,4.007981799413604,4.007956550723855,4.007880805234098
4.011453361609901,4.0115292268182445,4.0115545154147325,4.011529226818276,4.011453361609901
4.015076492854423,4.015152479524499,4.0151778086088115,4.015152479524608,4.015076492854423
4.018750279936942,4.018826389816536,4.018851759971409,4.018826389816931,4.018750279936942
4.022474804991917,4.022551039833302,4.022576451643358,4.022551039834768,4.022474804991917
4.026250151322162,4.026326512881401,4.026351966933952,4.026326512886869,4.026250151322162
4.030076403402114,4.0301528934362025,4.030178390324184,4.030152893456602,4.030076403402113
4.033953646881043,4.034030267137119,4.034055807469989,4.034030267213242,4.03395364688104
4.037881968586255,4.037958720761238,4.037984305205413,4.0379587210453405,4.037881968586243
4.041861456525554,4.041938342116166,4.041963971545099,4.041938343176467,4.041861456525506
4.045892199885337,4.045969219632786,4.045994895682345,4.045969223589929,4.045892199885159
4.049974289003124,4.0500514408473,4.05007716796157,4.050051455615754,4.049974289002462
4.054107815190363,4.05418508679173,4.054210879700877,4.054185141909061,4.054107815187889
4.058292869682465,4.058370211428386,4.0583961221411515,4.058370417131728,4.058292869673228
4.062529537499701,4.062606767098209,4.0626329803036105,4.062607534803487,4.0625295374652115
4.066817861640925,4.066894339161144,4.0669214971715935,4.066897204313398,4.0668178615121455
4.071157634342448,4.07123123073385,4.071261464908226,4.071241923766371,4.071157633861602
4.0755471803168435,4.0756114845235905,4.0756512079610925,4.075651391982258,4.075547178521421
4.0733371917332155,4.080016319082585,4.080080490430304,4.080165257680152,4.0733425364539855
