3.3482644541551005,3.3482826000822294,3.3483007460094427,3.3482826000822308,3.3482644541551014
3.3482463082279716,3.348300746196176,3.348318892309965,3.348300746196176,3.3482463082279716
3.348300744517116,3.348355184164538,3.348373330838076,3.348355184164539,3.348300744517116
3.3483914726606123,3.348445915106791,3.348464062713257,3.3484459151067907,3.3483914726606123
3.3485184945241855,3.3485729408887606,3.3485910898013698,3.34857294088876,3.3485184945241855
3.3486818127199434,3.348736264122694,3.3487544147147164,3.3487362641226937,3.3486818127199434
3.3488814306064665,3.348935888167352,3.3489540408121123,3.348935888167352,3.3488814306064665
3.3491173522889337,3.3491718171281355,3.3491899721990315,3.349171817128136,3.3491173522889337
3.3493895826192626,3.349444055857229,3.3494622137277505,3.349444055857229,3.3493895826192626
3.3496981271963002,3.349752609953781,3.3497707709975098,3.349752609953781,3.3496981271963002
3.3500429923660002,3.3500974857640866,3.35011565035472,3.3500974857640875,3.3500429923660002
3.3504241852216805,3.350478690381844,3.350496858893224,3.350478690381845,3.3504241852216805
3.350841713604252,3.3508962316483917,3.3509144044544823,3.3508962316483926,3.350841713604252
3.3512955861025144,3.351350118152994,3.351368295627919,3.3513501181529937,3.3512955861025144
3.3517858120534676,3.3518403592331536,3.3518585417512106,3.3518403592331554,3.3517858120534676
3.3523124015426524,3.352366964974953,3.3523851529106143,3.352366964974954,3.3523124015426524
3.3528753654044823,3.3529299462133992,3.3529481399413372,3.3529299462134006,3.3528753654044823
3.3534747152226814,3.3535293145328384,3.3535475144279276,3.35352931453284,3.3534747152226814
3.3541104633306635,3.35416508226735,3.3541832887046947,3.3541650822673525,3.3541104633306635
3.3547826228119986,3.3548372625012175,3.3548554758561515,3.3548372625012184,3.3547826228119986
3.355491207500878,3.3555458690693665,3.355564089717481,3.355545869069368,3.355491207500878
3.356236231982602,3.356290916557898,3.3563091448750404,3.3562909165578985,3.356236231982602
3.357017711594126,3.3570724203045907,3.357090656666889,3.357072420304593,3.357017711594126
3.357835662424588,3.3578903963994593,3.357908641183323,3.3578903963994606,3.357835662424588
3.35869010131592,3.3587448616853384,3.3587631152674904,3.3587448616853384,3.35869010131592
3.3595810458634325,3.359635833758489,3.3596540965159685,3.3596358337584906,3.3595810458634325
3.3605085144164377,3.3605633309692284,3.360581603279395,3.36056333096923,3.3605085144164377
3.3614725260789555,3.3615273724225934,3.361545654663165,3.3615273724225965,3.3614725260789555
3.362473100710348,3.3625279779790334,3.362546270528075,3.3625279779790347,3.362473100710348
3.363510258926082,3.363565168255118,3.3635834714910784,3.363565168255121,3.363510258926082
3.3645840220984393,3.364638964624292,3.3646572789259874,3.3646389646242945,3.3645840220984393
3.365694412357295,3.365749389217631,3.365767714964291,3.3657493892176342,3.365694412357295
3.366841452590936,3.3668964649246504,3.3669148024959155,3.366896464924653,3.366841452590936
3.3680251664468543,3.368080215394133,3.368098565170063,3.368080215394135,3.3680251664468543
3.3692455783326314,3.3693006650349675,3.3693190273960685,3.36930066503497,3.3692455783326314
3.3705027134167915,3.370557839017046,3.370576214344282,3.370557839017049,3.3705027134167915
3.3717965976297153,3.3718517632721623,3.371870151946949,3.3718517632721654,3.3717965976297153
3.3731272576646023,3.3731824644949437,3.373200866899199,3.3731824644949464,3.3731272576646023
3.3744947209783924,3.3745499701438253,3.3745683866599467,3.3745499701438284,3.3744947209783924
3.3758990157927866,3.3759543084420356,3.375972739452933,3.3759543084420387,3.3758990157927866
3.3773401710952458,3.3773955083785987,3.3774139542677117,3.3773955083786014,3.3773401710952458
3.378818216640054,3.378873599709417,3.378892060860714,3.37887359970942,3.378818216640054
3.3803331829493795,3.380388612958301,3.3804070897563108,3.3803886129583036,3.3803331829493795
3.381885101314378,3.3819405794181123,3.381959072247919,3.3819405794181154,3.381885101314378
3.3834740037963336,3.383529531151861,3.383548040399128,3.3835295311518636,3.3834740037963336
3.385099923227796,3.3851555009938834,3.3851740270448705,3.3851555009938865,3.385099923227796
3.3867628932137825,3.3868185225510103,3.3868370657925855,3.3868185225510126,3.3867628932137825
3.388462948132988,3.3885186302037993,3.3885371910234467,3.388518630203802,3.388462948132988
3.3902001231390124,3.3902558591077567,3.390274437893599,3.39025585910776,3.3902001231390124
3.391974454161659,3.3920302451946323,3.392048842335438,3.3920302451946345,3.391974454161659
3.393785977908192,3.393841825173676,3.393860441058881,3.393841825173679,3.393785977908192
3.3956347318647047,3.395690636533017,3.395709271552728,3.3956906365330197,3.3956347318647047
3.3975207542974415,3.3975767175409692,3.397595372085985,3.3975767175409723,3.3975207542974415
3.3994440842541973,3.399500107247449,3.399518781709277,3.3995001072474507,3.3994440842541973
3.4014047615657153,3.401460845485352,3.401479540256219,3.4014608454853548,3.4014047615657153
3.4034028268471483,3.4034589728720337,3.403477688344902,3.403458972872037,3.4034028268471483
3.405438321499491,3.4054945308107416,3.405513267379319,3.4054945308107443,3.405438321499491
3.4075112877111198,3.407567561492131,3.4075863195508886,3.407567561492134,3.4075112877111198
3.409621768459281,3.4096781078957794,3.409696887839964,3.409678107895782,3.409621768459281
3.4117698075116705,3.4118262137917563,3.411845016017407,3.4118262137917594,3.4117698075116705
3.413955449427979,3.414011923742181,3.414030748646141,3.4140119237421835,3.413955449427979
3.4161787395615626,3.416235283102857,3.41625413108279,3.4162352831028593,3.4161787395615626
3.4184397240610247,3.4184963380248954,3.4185152094793065,3.4184963380248976,3.4184397240610247
3.420738449871926,3.420795135456406,3.4208140307846424,3.4207951354564083,3.420738449871926
3.4230749647384586,3.423131723144171,3.423150642746443,3.4231317231441745,3.4230749647384586
3.4254493172051816,3.4255061496353867,3.425525093912785,3.425506149635389,3.4254493172051816
3.427861556618784,3.4279184642794154,3.4279374336339306,3.427918464279418,3.427861556618784
3.4303117331298467,3.4303687172295723,3.4303877120640887,3.430368717229575,3.4303117331298467
3.4327998976947,3.4328569594449454,3.432875980163276,3.4328569594449463,3.4327998976947
3.4353261020772328,3.4353832426922333,3.4354022896991405,3.435383242692237,3.4353261020772328
3.43789039885077,3.437947619547628,3.4379666932488093,3.4379476195476335,3.43789039885077
3.4404928414000016,3.440550143398711,3.440569244200838,3.4405501433987236,3.4404928414000016
3.4431334839228867,3.4431908684463783,3.4432099967571173,3.4431908684464174,3.4431334839228867
3.4458123814326327,3.4458698497068014,3.4458890059348373,3.4458698497069395,3.4458123814326327
3.4485295897596866,3.4485871430133677,3.448606327568494,3.4485871430138717,3.4485295897596866
3.451285165553755,3.4513428050184953,3.451362018311902,3.4513428050203685,3.451285165553755
3.4540791662858648,3.4541368931949683,3.4541561356402517,3.454136893201951,3.4540791662858643
3.4569116502504333,3.4569694658352605,3.4569887378521917,3.456969465861314,3.4569116502504325
3.4597826765673942,3.4598405820434603,3.4598598840719417,3.459840582140687,3.4597826765673902
3.4626923051843326,3.46275030169925,3.462769634251431,3.4627503020621084,3.4626923051843175
3.4656405968786164,3.4656986853177854,3.465718049172428,3.4656986866720008,3.4656405968785595
3.4686276132593794,3.468685793520848,3.4687051904484973,3.468685798574906,3.4686276132591685
3.471653416768418,3.4717116850577345,3.471731120525814,3.4717117039199645,3.471653416767629
3.4747180706743928,3.4747764094158744,3.4747959026770534,3.4747764798115117,3.474718070671447
3.4778216390276073,3.4778799792543182,3.477899600955019,3.477880241977588,3.477821639016609
3.4809641863827796,3.481022267618784,3.48104227991111,3.4810232481272214,3.480964186341715
3.484145776163218,3.48420262492693,3.484224002943422,3.4842062842784727,3.4841457760098975
3.487366461081046,3.48741845298231,3.4874448226571717,3.4874321100333594,3.4873664605085906
3.4906262271646202,3.490659903264097,3.490704724669593,3.4907108726892075,3.490626225027229
3.493924667042309,3.4938902082398675,3.494003300067897,3.4940804310266533,3.493924659061839
3.497259073923171,3.496972962585175,3.497337836335475,3.497682892287672,3.497259044125991
3.4955352598908442,3.4994047318421924,3.500692190401164,3.5020542576625715,3.495630341486347
