3.1953270133627703,3.195343542628904,3.195360071895004,3.195343542628905,3.195327013362771
3.1953104840966366,3.195360072061054,3.1953766014932845,3.1953600720610544,3.1953104840966366
3.1953600705658083,3.195409660025396,3.1954261899560215,3.1954096600253976,3.1953600705658083
3.1954427155671175,3.1954923075187103,3.195508838280015,3.19549230751871,3.1954427155671175
3.1955584207617997,3.195608016202315,3.195624548126605,3.1956080162023146,3.1955584207617997
3.1957071884756685,3.1957567884021527,3.1957733218217825,3.1957567884021527,3.1957071884756685
3.1958890216991955,3.195938627108845,3.195955162356219,3.195938627108845,3.1958890216991955
3.1961039240876072,3.1961535359778144,3.196170073385402,3.196153535977815,3.1961039240876072
3.196351899961024,3.196401519329415,3.196418059229755,3.1964015193294144,3.196351899961024
3.196632954304616,3.196682582149072,3.1966991248747987,3.196682582149072,3.196632954304616
3.196947092768755,3.1969967300874558,3.197013275971305,3.196996730087456,3.196947092768755
3.197294321669234,3.1973439694606993,3.197360518835511,3.1973439694606998,3.197294321669234
3.19767464798749,3.197724307250598,3.197740860449336,3.1977243072505988,3.19767464798749
3.1980880793708364,3.1981377511048783,3.1981543084606403,3.198137751104878,3.1980880793708364
3.1985346241327384,3.1985843093374378,3.1986008711834675,3.1985843093374395,3.1985346241327384
3.199014291253115,3.1990639909286656,3.1990805575983776,3.199063990928667,3.199014291253115
3.1995270903786257,3.199576805525743,3.1995933773527048,3.1995768055257447,3.1995270903786257
3.200073031823049,3.200122763442984,3.200139340760945,3.200122763442986,3.200073031823049
3.2006521265676238,3.200701875662204,3.2007184588051154,3.2007018756622068,3.2006521265676238
3.2012643862614243,3.2013141538330996,3.201330743135112,3.2013141538331014,3.2012643862614243
3.201909823221795,3.201959610273658,3.2019762060691423,3.2019596102736587,3.201909823221795
3.2025884504347664,3.2026382579705936,3.202654860594152,3.202638257970594,3.2025884504347664
3.2033002815555096,3.2033501105798066,3.203366720366277,3.2033501105798083,3.2033002815555096
3.204045330908838,3.204095182426862,3.2041117997113253,3.204095182426862,3.204045330908838
3.2048236134896864,3.2048734885074888,3.204890113625301,3.2048734885074888,3.2048236134896864
3.2056351449636553,3.205685044488108,3.2057016777749,3.2056850444881104,3.2056351449636553
3.206479941667561,3.2065298667063993,3.2065465084980853,3.206529866706401,3.206479941667561
3.207358020609984,3.2074079721718425,3.207424622804642,3.2074079721718447,3.207358020609984
3.2082693994719076,3.2083193785663577,3.208336038376793,3.208319378566359,3.2082693994719076
3.2092140966073166,3.2092641042448924,3.2092807735698137,3.2092641042448946,3.2092140966073166
3.210192131043845,3.2102421682360887,3.2102588474126836,3.210242168236091,3.210192131043845
3.211203522483445,3.211253590242936,3.2112702796087347,3.211253590242938,3.211203522483445
3.212248291303095,3.212298390643489,3.212315090536379,3.2122983906434923,3.212248291303095
3.2133264585554873,3.213376590491559,3.2133933012497984,3.2133765904915617,3.2133264585554873
3.2144380459698056,3.2144882115174624,3.214504933479696,3.2144882115174647,3.2144380459698056
3.2155830759524537,3.215633276128797,3.215650009634066,3.2156332761288002,3.2155830759524537
3.2167615715878735,3.216811807411222,3.216828552798965,3.216811807411225,3.2167615715878735
3.2179735566393344,3.2180238291292667,3.2180405867393422,3.218023829129269,3.2179735566393344
3.219219055549799,3.21926936572717,3.219286135899873,3.219269365727173,3.219219055549799
3.220498093442744,3.220548442329749,3.220565225405817,3.2205484423297515,3.220498093442744
3.2218106961230792,3.221861084743268,3.2218778810638855,3.2218610847432707,3.2218106961230792
3.2231568900780387,3.2232073194563644,3.223224129363192,3.2232073194563675,3.2231568900780387
3.2245367024781215,3.2245871736409777,3.2246039974761422,3.2245871736409804,3.2245367024781215
3.2259501611780506,3.2260006751532933,3.226017513259417,3.2260006751532955,3.2259501611780506
3.2273972947177283,3.2274478525347314,3.2274647052549494,3.227447852534733,3.2273972947177283
3.22887813232329,3.228928735012957,3.2289456026909082,3.2289287350129596,3.22887813232329
3.230392703908078,3.2304433525029115,3.2304602354827647,3.2304433525029137,3.230392703908078
3.2319410400737487,3.23199173560786,3.2320086342343157,3.231991735607862,3.2319410400737487
3.233523172111313,3.233573915620461,3.2335908302387875,3.2335739156204633,3.233523172111313
3.23513913200225,3.235189924523896,3.235206855479913,3.2351899245238993,3.23513913200225
3.2367889524196367,3.236839794992966,3.2368567426330768,3.2368397949929677,3.2367889524196367
3.2384726667293036,3.2385235603952647,3.238540525066449,3.238523560395267,3.2384726667293036
3.2401903089910045,3.2402412547923447,3.2402582368421946,3.2402412547923465,3.2401903089910045
3.2419419139596117,3.2419929129409195,3.242009912717632,3.2419929129409226,3.2419419139596117
3.2437275170863544,3.243778570294098,3.243795588146501,3.2437785702941007,3.2437275170863544
3.2455471545200694,3.245598263002622,3.245615299280179,3.245598263002625,3.2455471545200694
3.247400863108458,3.2474520279161414,3.2474690829689656,3.2474520279161436,3.247400863108458
3.249288680399402,3.249339902584533,3.2493569767633965,3.249339902584536,3.249288680399402
3.251210644642286,3.2512619252592008,3.2512790189155587,3.2512619252592034,3.251210644642286
3.253166794789339,3.253218134894439,3.2532352483804208,3.2532181348944413,3.253166794789339
3.255157170497018,3.2552085711488,3.2552257048172475,3.255208571148802,3.255157170497018
3.2571818121274076,3.2572332743865067,3.2572504285909702,3.257233274386509,3.2571818121274076
3.2592407607496257,3.2592922856788586,3.2593094607736046,3.2592922856788618,3.2592407607496257
3.2613340581413164,3.2613856468056968,3.261402843145747,3.2613856468056994,3.2613340581413164
3.2634617467900684,3.2635134002568726,3.2635306181979873,3.263513400256875,3.2634617467900684
3.265623869894957,3.2656755892337483,3.265692829132447,3.26567558923375,3.265623869894957
3.267820471368056,3.267872257650719,3.2678895198643065,3.2678722576507226,3.267820471368056
3.2700515958359815,3.2701034501367774,3.270120735023339,3.27010345013678,3.2700515958359815
3.2723172886414904,3.2723692120370695,3.272386519955503,3.2723692120370718,3.2723172886414904
3.274617595845061,3.2746695894145232,3.2746869207245246,3.2746695894145246,3.274617595845061
3.2769525642265176,3.277004629051443,3.277021984113545,3.277004629051445,3.2769525642265176
3.2793222412867133,3.279374378451196,3.279391757626769,3.279374378451202,3.2793222412867133
3.2817266752491694,3.2817788858398624,3.281796289491136,3.28177888583988,3.2817266752491694
3.2841659150618194,3.2842182001679565,3.2842356286580303,3.284218200168016,3.2841659150618194
3.2866400103987106,3.2866923711121196,3.2867098248050204,3.2866923711123337,3.28664001039871
3.2891490116617663,3.2892014490767996,3.2892189283375948,3.289201449077592,3.2891490116617663
3.2916929699825856,3.2917454851957255,3.291762990390971,3.2917454851986827,3.2916929699825856
3.294271937224234,3.294324531332548,3.294342062831882,3.2943245313435834,3.2942719372242335
3.2968859659830843,3.2969386400783596,3.2969561982604247,3.2969386401195346,3.2968859659830825
3.2995351095906846,3.299587864737389,3.299605450011922,3.2995878648910617,3.2995351095906784
3.3022194221156513,3.3022722592685976,3.3022898721588154,3.302272259842115,3.3022194221156282
3.3049389583656468,3.304991878062538,3.30500951951263,3.304991880202956,3.3049389583655593
3.3076937738896475,3.307746775103278,3.307764447626215,3.307746783091527,3.3076937738893206
3.3104839249817566,3.310537000834723,3.3105547127974226,3.3105370306476214,3.310483924980537
3.313309468693713,3.3133625904564354,3.3133803720811352,3.313362701721006,3.3133094686891607
3.316170462897076,3.316223520216179,3.3162414833496765,3.316223935466109,3.3161704628800788
3.3190669666324157,3.319119544161534,3.3191381056352864,3.3191210939136773,3.3190669665689554
3.3219990421204337,3.322049584162266,3.3220703011162556,3.322055367984366,3.321999041883493
3.3249667664216958,3.3250094492508473,3.3250381466831027,3.32503103502404,3.3249667655370327
3.327970299189574,3.3279832997363257,3.32804180134127,3.3280638598916616,3.327970295886507
3.3310102768266536,3.3309116491636197,3.331081899053991,3.3312123073148334,3.331010264493933
3.3294609771603083,3.333571121037516,3.3341618383962466,3.334693205819752,3.3295012449053676
