3.331262068543526,3.331280039870228,3.331298011197014,3.3312800398702294,3.331262068543527
3.3312440972168242,3.3312980113814974,3.331315982892612,3.331298011381498,3.3312440972168242
3.3312980097226217,3.331351925546322,3.3313698976104567,3.3313519255463233,3.3312980097226217
3.3313878648819055,3.3314417834707206,3.3314597564565736,3.3314417834707197,3.3313878648819055
3.3315136645379835,3.3315675869980907,3.3315855612743848,3.3315675869980903,3.3315136645379835
3.3316754112715543,3.331729338709268,3.3317473146447854,3.3317293387092684,3.3316754112715543
3.3318731084008295,3.331927041922651,3.3319450198862275,3.3319270419226505,3.3318731084008295
3.332106759981638,3.3321607006942813,3.3321786810548284,3.3321607006942817,3.332106759981638
3.332376370807572,3.3324303198180103,3.3324483029445218,3.3324303198180103,3.332376370807572
3.332681946410163,3.332735904825671,3.3327538910872425,3.3327359048256704,3.332681946410163
3.333023493059079,3.3330774619872656,3.3330954517531035,3.3330774619872656,3.333023493059079
3.333401017762366,3.3334549983112183,3.3334729919506656,3.3334549983112196,3.333401017762366
3.3338145282666574,3.333868521544585,3.3338865194271015,3.333868521544586,3.3338145282666574
3.334264033057496,3.33431804017336,3.334336042668577,3.33431804017336,3.334264033057496
3.3347495413596255,3.3348035634227875,3.334821570900498,3.3348035634227897,3.3347495413596255
3.3352710631373177,3.3353251012576717,3.3353431140878484,3.3353251012576735,3.3352710631373177
3.335828609094717,3.3358826643827424,3.335900682935542,3.3358826643827446,3.335828609094717
3.336422190676252,3.3364762642430437,3.336494288888835,3.336476264243046,3.336422190676252
3.3370518200670425,3.337105913024343,3.3371239441337224,3.337105913024346,3.3370518200670425
3.3377175101933187,3.3377716236535804,3.337789661597357,3.3377716236535813,3.3377175101933187
3.338419274722905,3.338473409799309,3.3384914549485525,3.3384734097993096,3.338419274722905
3.339157128065693,3.3392112858721985,3.339229338598237,3.339211285872199,3.339157128065693
3.3399310853741806,3.339985267025568,3.340003327699994,3.33998526702557,3.3399310853741806
3.3407411625439996,3.3407953691559036,3.340813438150602,3.3407953691559045,3.3407411625439996
3.341587376214499,3.341641608903453,3.3416596865906047,3.341641608903453,3.341587376214499
3.3424697437693363,3.3425240036528088,3.3425420904049044,3.342524003652811,3.3424697437693363
3.3433882833371023,3.3434425715335414,3.3434606677234107,3.3434425715335436,3.3433882833371023
3.3443430137919794,3.344397331420855,3.3444154374216555,3.344397331420857,3.3443430137919794
3.34533395475442,3.3453883029362483,3.345406419121492,3.34538830293625,3.34533395475442
3.346361126591829,3.3464155064482455,3.346433633191806,3.3464155064482477,3.346361126591829
3.3474245504193436,3.347478963073104,3.347497100749246,3.3474789630731063,3.3474245504193436
3.348524248100539,3.3485786946755867,3.3485968436589606,3.3485786946755898,3.348524248100539
3.349660242248257,3.349714723869757,3.3497328845354226,3.34971472386976,3.349660242248257
3.3508325562253973,3.350887074019772,3.3509052467432063,3.350887074019775,3.3508325562253973
3.352041214145762,3.352095769240739,3.3521139543978578,3.3520957692407416,3.352041214145762
3.35328624087493,3.353340834399578,3.3533590323667357,3.3533408343995807,3.35328624087493
3.3545676620311413,3.3546222951159086,3.354640506269935,3.3546222951159117,3.3545676620311413
3.3558855039862316,3.3559401777629896,3.355958402481175,3.355940177762992,3.3558855039862316
3.3572397938665666,3.3572945094686553,3.357312748128782,3.3572945094686575,3.3572397938665666
3.3586305595540233,3.358685318116287,3.3587035710966457,3.3586853181162892,3.3586305595540233
3.3600578296870087,3.360112632345834,3.360130900025222,3.3601126323458366,3.3600578296870087
3.361521633661456,3.3615764815548244,3.36159476431258,3.3615764815548275,3.361521633661456
3.363022001631929,3.3630768958994466,3.363095194115431,3.3630768958994492,3.363022001631929
3.3645589645126632,3.364613906295605,3.364632220350259,3.364613906295608,3.3645589645126632
3.3661325539787157,3.3661875444200655,3.3662058746943804,3.3661875444200677,3.3661325539787157
3.3677428024670673,3.367797842711568,3.3678161895871326,3.3677978427115707,3.3677428024670673
3.3693897431778326,3.369444834372013,3.369463198231015,3.3694448343720156,3.3693897431778326
3.3710734100754287,3.3711285533676625,3.371146934592882,3.371128553367665,3.3710734100754287
3.3727938378898004,3.3728490344303266,3.372867433405193,3.372849034430329,3.3727938378898004
3.3745510621176793,3.3746063130586608,3.3746247301672296,3.374606313058664,3.3745510621176793
3.3763451190238563,3.376400425519415,3.376418861146401,3.3764004255194173,3.3763451190238563
3.3781760456424927,3.378231408848756,3.3782498633795375,3.3782314088487584,3.3781760456424927
3.380043879778453,3.3800993008535904,3.3801177746742255,3.380099300853593,3.380043879778453
3.381948660008674,3.382004140112937,3.382022633610184,3.3820041401129397,3.381948660008674
3.383890425683537,3.3839459659793083,3.3839644795406296,3.383945965979311,3.383890425683537
3.385869216928305,3.385924818580138,3.3859433525937277,3.3859248185801403,3.385869216928305
3.387885074644562,3.3879407388192178,3.3879592936740006,3.3879407388192195,3.387885074644562
3.3899380405116823,3.3899937683781793,3.3900123444638304,3.389993768378182,3.3899380405116823
3.392028156988339,3.3920839497179984,3.392102547424966,3.3920839497180015,3.392028156988339
3.3941554673140497,3.3942113260805225,3.394229945800023,3.394211326080525,3.3941554673140497
3.3963200155107036,3.3963759414900276,3.396394583614081,3.3963759414900307,3.3963200155107036
3.3985218463841718,3.398577840754809,3.398596505676243,3.398577840754812,3.3985218463841718
3.4007610055259225,3.4008170694688076,3.4008357575812673,3.4008170694688107,3.4007610055259225
3.4030375393146675,3.4030936740132365,3.4031123857112084,3.40309367401324,3.4030375393146675
3.405351494918025,3.4054077015582753,3.4054264372371,3.405407701558278,3.405351494918025
3.407702920294227,3.407759200064751,3.407777960120624,3.4077592000647536,3.407702920294227
3.4100918641938587,3.41014821828589,3.4101670031158955,3.410148218285892,3.4100918641938587
3.4125183761616045,3.4125748057690584,3.412593615771174,3.4125748057690606,3.4125183761616045
3.4149825065380512,3.4150390128575707,3.4150578484306844,3.4150390128575734,3.4149825065380512
3.4174843064615015,3.4175408906924987,3.417559752236419,3.4175408906925018,3.4174843064615015
3.420023827869804,3.420080491214515,3.4200993791299883,3.420080491214518,3.420023827869804
3.4226011235022695,3.422657867165772,3.4226767818545056,3.422657867165783,3.4226011235022695
3.4252162469015284,3.425273072091813,3.4252920139564784,3.4252730720918403,3.4252162469015284
3.427869252415503,3.4279261603434796,3.427945129787752,3.427926160343575,3.427869252415503
3.4305601951993516,3.4306171870788607,3.4306361845074793,3.4306171870792013,3.4305601951993516
3.4332891312174736,3.433346208265143,3.433365234084103,3.433346208266404,3.4332891312174736
3.436056117245527,3.4361132806801393,3.43613233529739,3.436113280684845,3.436056117245527
3.4388612108724836,3.4389184619124977,3.4389375457404743,3.43891846193006,3.4388612108724828
3.441704470502707,3.4417618103569096,3.441780923821949,3.4417618104224426,3.4417044705027044
3.444585955358072,3.444643385190489,3.4446625287679726,3.444643385435064,3.444585955358062
3.447505725480088,3.447563246279011,3.44758242062439,3.4475632471917828,3.44750572548005
3.450463841731969,3.4505214538210773,3.450540660258798,3.4505214572276306,3.450463841731827
3.4534603658002574,3.453518067014533,3.4535373093621,3.4535180797281204,3.4534603657997267
3.456495360193464,3.45655313907471,3.4565724304469443,3.45655318652303,3.456495360191483
3.459568888223058,3.459626698643902,3.459646086827946,3.459626875725576,3.459568888215663
3.46268101388006,3.462738680449903,3.4627583424953543,3.462739341335671,3.46268101385245
3.465831801098673,3.4658886667802977,3.465909261367905,3.4658911332693063,3.465831800995586
3.469021309430454,3.469074924204724,3.4690989029266577,3.469084129378072,3.4690213090455564
3.4722495687353625,3.4722908176814893,3.47232729675593,3.4723251722707715,3.4722495672982627
3.475516431341557,3.475511481029945,3.4755942941448024,3.4756396956508246,3.475516425975801
3.4788207091721937,3.47864438095194,3.4788987031425105,3.4791228902119284,3.478820689137762
3.4771270981308993,3.481346630463116,3.4822332472613793,3.48313247291662,3.4771911854064426
