3.1944761789289604,3.194492761600782,3.194509344272686,3.194492761600783,3.194476178928961
3.1944595962571385,3.194509344439531,3.194525927278132,3.1945093444395307,3.1944595962571385
3.194509342939368,3.1945590926220753,3.1945756759607913,3.194559092622076,3.194509342939368
3.194592254965327,3.1946420071486252,3.194658591320869,3.1946420071486243,3.194592254965327
3.194708334001985,3.1947580896862178,3.194774675025461,3.1947580896862173,3.194708334001985
3.1948575823831553,3.194907342568804,3.1949239294085343,3.1949073425688046,3.1948575823831553
3.195040003109611,3.1950897687973066,3.1951063574710745,3.1950897687973066,3.195040003109611
3.1952555998491685,3.195305372039736,3.1953219628811578,3.195305372039737,3.1952555998491685
3.195504376936821,3.195554156631323,3.1955707499740864,3.195554156631323,3.195504376936821
3.1957863393748975,3.1958361275746574,3.195852723752538,3.195836127574657,3.1957863393748975
3.196101492833236,3.1961512905398766,3.1961678898867514,3.1961512905398766,3.196101492833236
3.1964498436493884,3.19649965186486,3.196516254714722,3.1964996518648614,3.1964498436493884
3.1968313988288255,3.1968812185554594,3.1968978252424245,3.1968812185554603,3.1968313988288255
3.1972461660452125,3.197295998285743,3.197312609144045,3.197295998285742,3.1972461660452125
3.1976941536406467,3.1977439993982406,3.197760614762287,3.197743999398243,3.1976941536406467
3.198175370625984,3.1982252309042907,3.1982418511086363,3.1982252309042924,3.198175370625984
3.198689826681124,3.19873970248431,3.198756327863674,3.198739702484312,3.198689826681124
3.199237532155384,3.199287424488154,3.1993040553774437,3.199287424488156,3.199237532155384
3.1998184980678386,3.1998684079354787,3.1998850446697973,3.1998684079354818,3.1998184980678386
3.200432736107708,3.2004826645161373,3.2004993074307877,3.2004826645161386,3.200432736107708
3.201080258634809,3.201130206590579,3.2011468560210847,3.20113020659058,3.201080258634809
3.201761078679918,3.2018110471902816,3.2018277034724045,3.201811047190283,3.201761078679918
3.2024752099453027,3.2025252000182314,3.202541863487962,3.2025252000182336,3.2024752099453027
3.2032226668051607,3.2032726794493924,3.20328935044298,3.2032726794493933,3.2032226668051607
3.2040034643061444,3.204053500531211,3.2040701793851643,3.204053500531211,3.2040034643061444
3.2048176181678834,3.204867678984144,3.204884366035258,3.204867678984146,3.2048176181678834
3.205665144783546,3.2057152312022272,3.2057319267875837,3.2057152312022295,3.205665144783546
3.2065460612204095,3.2065961742536424,3.2066128787106187,3.206596174253645,3.2065460612204095
3.2074603852204673,3.2075105258813146,3.2075272395476113,3.2075105258813172,3.2074603852204673
3.2084081352010503,3.2084583045035613,3.2084750277171827,3.2084583045035635,3.2084081352010503
3.2093893302554712,3.209439529214695,3.209456262314007,3.2094395292146976,3.2093893302554712
3.2104039901537176,3.2104542197857495,3.210470963109451,3.2104542197857517,3.2104039901537176
3.211452135343123,3.2115023966651446,3.211519150552303,3.2115023966651477,3.211452135343123
3.212533786949104,3.212584080979413,3.212600845769458,3.212584080979416,3.212533786949104
3.2136489667759056,3.213699294533946,3.2137160705667047,3.2136992945339484,3.2136489667759056
3.214797697307361,3.214848059813779,3.2148648474294634,3.2148480598137814,3.214797697307361
3.215980001707693,3.2160303999843496,3.2160471995235866,3.2160303999843523,3.215980001707693
3.217195903822324,3.217246338892348,3.2172631506961817,3.2172463388923505,3.217195903822324
3.21844542817873,3.218495901066541,3.2185127254764536,3.218495901066543,3.21844542817873
3.219728599987277,3.219779111718632,3.2197959490765493,3.2197791117186347,3.219728599987277
3.2210454451421464,3.221095996744179,3.2211128473924733,3.221095996744181,3.2210454451421464
3.22239599022222,3.222446582723464,3.2224634470049893,3.222446582723466,3.22239599022222
3.22378026249204,3.2238308969224727,3.223847775180564,3.223830896922475,3.22378026249204
3.2251982899027567,3.2252489672938363,3.2252658598723114,3.2252489672938385,3.2251982899027567
3.226650101093116,3.2267008224778175,3.226717729721002,3.22670082247782,3.226650101093116
3.2281357253904703,3.2281864918033163,3.228203414056064,3.228186491803319,3.2281357253904703
3.229655192811816,3.229706005288932,3.229722942896615,3.2297060052889353,3.229655192811816
3.231208534064867,3.2312593936439904,3.2312763469525256,3.2312593936439926,3.231208534064867
3.232795780549107,3.232846688269642,3.2328636576255074,3.2328466882696447,3.232795780549107
3.234416964356927,3.2344679212599816,3.2344849070102137,3.2344679212599843,3.234416964356927
3.2360721182747363,3.2361231254031493,3.2361401278953683,3.2361231254031524,3.2360721182747363
3.237761275784146,3.2378123341825398,3.237829353764944,3.2378123341825424,3.237761275784146
3.2394844710631245,3.239535581777919,3.2395526187993315,3.239535581777922,3.2394844710631245
3.2412417389872195,3.241292903066695,3.2413099578765436,3.241292903066698,3.2412417389872195
3.243033115130789,3.243084333625106,3.243101406573448,3.2430843336251085,3.243033115130789
3.244858635768265,3.2449099097295004,3.2449270011670355,3.244909909729503,3.244858635768265
3.2467183378754036,3.2467696683576066,3.246786778635683,3.246769668357609,3.2467183378754036
3.248612259130636,3.248663647189845,3.248680776660485,3.2486636471898476,3.248612259130636
3.250540437916373,3.2505918846106643,3.2506090336265583,3.2505918846106665,3.250540437916373
3.2525029133203627,3.2525544197098823,3.2525715886244218,3.252554419709885,3.2525029133203627
3.2544997251370815,3.2545512922840905,3.254568481451366,3.2545512922840922,3.2544997251370815
3.2565309138691325,3.2565825428380366,3.256599752612857,3.2565825428380397,3.2565309138691325
3.2585965207286844,3.2586482125860816,3.258665443323975,3.2586482125860843,3.2585965207286844
3.2606965876389293,3.2607483434536344,3.2607655955108825,3.2607483434536375,3.2606965876389293
3.262831157235561,3.262882978078654,3.262900251812287,3.262882978078656,3.262831157235561
3.2650002728682734,3.265052159813139,3.2650694555809525,3.265052159813142,3.2650002728682734
3.2672039786023257,3.2672559327246806,3.2672732508852604,3.2672559327246837,3.2672039786023257
3.269442319220062,3.2694943415980053,3.2695116825107147,3.2694943415980084,3.269442319220062
3.271715340222527,3.2717674319365724,3.2717847959615884,3.2717674319365746,3.271715340222527
3.2740230878310594,3.274075249964174,3.2740926374624917,3.2740752499641763,3.2740230878310594
3.2763656089889355,3.276417842626584,3.276435253960028,3.276417842626586,3.2763656089889355
3.2787429513630357,3.27879525759321,3.2788126931244483,3.2787952575932144,3.2787429513630357
3.281155163345517,3.281207543258779,3.281225003351338,3.2812075432587866,3.281155163345517
3.28360229405554,3.2836547487450605,3.283672233763342,3.283654748745082,3.28360229405554
3.2860843933410004,3.286136923902587,3.2861544342118907,3.2861369239026588,3.2860843933410004
3.28860151178031,3.288654119312403,3.288671655278974,3.288654119312667,3.28860151178031
3.2911537006841733,3.2912063862877536,3.2912239482789345,3.2912063862887315,3.2911537006841733
3.2937410120974047,3.293793776875505,3.2938113652602814,3.293793776879146,3.2937410120974047
3.296363498800795,3.2964163438565888,3.2964339590075435,3.2964163438701735,3.296363498800794
3.2990212143129587,3.299074140742517,3.299091783043133,3.299074140793218,3.2990212143129565
3.3017142128922536,3.3017672217573923,3.3017848916292545,3.3017672219466165,3.3017142128922456
3.304442549538754,3.3044956417655453,3.304513339769879,3.3044956424717475,3.304442549538725
3.3072062799964903,3.3072594559961637,3.3072771832129724,3.3072594586317745,3.3072062799963824
3.3100054607570657,3.310058719009656,3.3100764784540675,3.310058728846004,3.3100054607566634
3.3128401490711945,3.3128934808313293,3.3129112827476477,3.312893517541513,3.3128401490696926
3.315710403005827,3.315763772496826,3.3157816541636738,3.315763909502713,3.3157104030002196
3.318616281766287,3.318669551986477,3.318687651907518,3.3186700633054476,3.3186162817453506
3.321557847559091,3.321610501775288,3.3216293381744695,3.3216124100662183,3.3215578474809204
3.324535176422205,3.3245852693811186,3.324606788948852,3.3245923913040394,3.324535176130341
3.327548421274028,3.3275886103781365,3.3276201569357813,3.3276151900707505,3.327548420184293
3.3305981791407135,3.3306005939216248,3.330670038345388,3.3306997918588905,3.330598175071945
3.3290574651716662,3.3335455478222658,3.333759610665263,3.333915763947483,3.3290707509491337
