3.201257529139229,3.20127411804251,3.201290706945761,3.2012741180425115,3.2012575291392293
3.2012409402359476,3.2012907071125585,3.201307296182684,3.2012907071125585,3.2012409402359476
3.201290705610569,3.2013404739890916,3.2013570635598616,3.201340473989093,3.201290705610569
3.201373648791622,3.201423419673393,3.201440010078585,3.2014234196733926,3.201373648791622
3.2014897714478376,3.2015395458342644,3.201556137407692,3.201539545834264,3.2014897714478376
3.201639075915514,3.2016888548081437,3.2017054478836546,3.2016888548081437,3.201639075915514
3.2018215651986153,3.201871349599136,3.201887944510638,3.2018713495991364,3.2018215651986153
3.202037242968853,3.202087033879168,3.2021036309606212,3.2020870338791685,3.202037242968853
3.20228611356583,3.2023359119880555,3.202352511573512,3.2023359119880555,3.20228611356583
3.2025681819972083,3.2026179889337336,3.202634591357317,3.202617988933733,3.2025681819972083
3.202883453938836,3.2029332703923443,3.2029498759882924,3.2029332703923443,3.202883453938836
3.203231935735006,3.2032817627085164,3.203298371811176,3.2032817627085173,3.203231935735006
3.203613634398644,3.2036634728955455,3.203680085839381,3.2036634728955464,3.203613634398644
3.204028557611552,3.204078408635642,3.2040950257552594,3.2040784086356418,3.204028557611552
3.2044767137247043,3.2045265782802246,3.204543199910365,3.2045265782802264,3.2044767137247043
3.2049581117585304,3.205007990850187,3.2050246173257655,3.2050079908501887,3.2049581117585304
3.2054727614032106,3.2055226560362318,3.205539287692327,3.205522656036234,3.2054727614032106
3.2060206730190535,3.2060705841992077,3.206087221371082,3.2060705841992094,3.2060206730190535
3.2066018576368296,3.2066517863704744,3.2066684293935817,3.2066517863704767,3.2066018576368296
3.2072163269581813,3.207266274252293,3.207282923462288,3.2072662742522935,3.2072163269581813
3.2078640933560285,3.2079140602182212,3.207930715950992,3.2079140602182226,3.2078640933560285
3.2085451698749887,3.2085951573135856,3.208611819905239,3.208595157313586,3.2085451698749887
3.2092595702318634,3.2093095792559,3.2093262490427805,3.2093095792559017,3.2092595702318634
3.210007308816098,3.210057340435377,3.210074017754095,3.210057340435378,3.210007308816098
3.2107884006903045,3.210838455915419,3.2108551411028374,3.210838455915419,3.2107884006903045
3.2116028615907903,3.2116529414331563,3.211669634826429,3.2116529414331585,3.2116028615907903
3.2124507079280797,3.212500813400001,3.212517515336556,3.2125008134000033,3.2124507079280797
3.213331956787551,3.2133820889022173,3.2133987997197906,3.2133820889022195,3.213331956787551
3.21424662592999,3.214296785701535,3.2143135057381724,3.214296785701537,3.21424662592999
3.215194733792233,3.2152449222357617,3.2152616518298434,3.215244922235765,3.215194733792233
3.21617629948781,3.2162265176194413,3.2162432571096757,3.216226517619444,3.21617629948781
3.217191342807633,3.217241591644528,3.2172583413699685,3.2172415916445307,3.217191342807633
3.218239884220671,3.2182901647810755,3.2183069250811425,3.2182901647810787,3.218239884220671
3.2193219448746975,3.219372258177969,3.2193890293924547,3.219372258177972,3.2193219448746975
3.2204375465969974,3.2204878936636585,3.220504676132738,3.220487893663661,3.2204375465969974
3.2215867118951835,3.2216370937469327,3.221653887811178,3.221637093746935,3.2215867118951835
3.222769463957949,3.2228198816177196,3.2228366876181105,3.2228198816177214,3.222769463957949
3.2239858266559063,3.2240362811478884,3.224053099425826,3.224036281147891,3.2239858266559063
3.2252358245424224,3.225286316892104,3.2253031477894254,3.225286316892106,3.2252358245424224
3.226519482854476,3.226570014088683,3.226586857947665,3.226570014088686,3.226519482854476
3.2278368275135687,3.227887398660499,3.2279042558238795,3.227887398660501,3.2278368275135687
3.229187885126618,3.2292384972158668,3.2292553680268505,3.2292384972158694,3.229187885126618
3.2305726829868977,3.230623337049516,3.2306402218517842,3.230623337049518,3.2305726829868977
3.2319912490750085,3.2320419461435135,3.232058845281249,3.232041946143515,3.2319912490750085
3.2334436120598595,3.2334943531682963,3.2335112669861816,3.233494353168299,3.2334436120598595
3.234929801299678,3.234980587483644,3.23499751632688,3.234980587483646,3.234929801299678
3.2364498468430534,3.236500679139727,3.2365176233540485,3.236500679139729,3.2364498468430534
3.2380037794299783,3.238054658878174,3.238071618809851,3.2380546588781765,3.2380037794299783
3.239591630492959,3.2396425581331467,3.2396595341290113,3.2396425581331494,3.239591630492959
3.2412134321580983,3.24126440903245,3.2412814014398976,3.2412644090324525,3.2412134321580983
3.242869217246237,3.242920244398664,3.2429372535656644,3.242920244398666,3.242869217246237
3.244559019274129,3.244610097750315,3.2446271240254387,3.244610097750318,3.244559019274129
3.246282872455598,3.246334003303037,3.246351047035452,3.2463340033030392,3.246282872455598
3.248040811702757,3.2480919959707966,3.248109057510282,3.2480919959707997,3.248040811702757
3.2498328726272474,3.2498841113671104,3.249901191064092,3.249884111367113,3.2498328726272474
3.251659091541481,3.2517103858063265,3.251727484011845,3.2517103858063288,3.251659091541481
3.253519505459932,3.2535708563048686,3.2535879733706414,3.2535708563048713,3.253519505459932
3.2554141521004523,3.2554655605825853,3.2554826968609816,3.2554655605825875,3.2554141521004523
3.2573430698855588,3.2573945370640423,3.257411692908118,3.257394537064044,3.2573430698855588
3.259306297943865,3.259357824879911,3.259375000643416,3.2593578248799138,3.259306297943865
3.2613038761113957,3.2613554638683357,3.2613726599057085,3.2613554638683384,3.2613038761113957
3.2633358449330228,3.2633874945763353,3.26340471124274,3.263387494576338,3.2633358449330228
3.265402245663903,3.265453958261248,3.2654711959125784,3.2654539582612516,3.265402245663903
3.2675031202709146,3.267554896892186,3.2675721558850768,3.2675548968921886,3.2675031202709146
3.2696385114341653,3.2696903531515153,3.2697076338433537,3.2696903531515176,3.2696385114341653
3.271808462548483,3.2718603704363627,3.2718776731853043,3.2718603704363645,3.271808462548483
3.274013017724956,3.2740649928601577,3.2740823180251386,3.27406499286016,3.274013017724956
3.276252221792486,3.276304265254181,3.276321613194925,3.276304265254183,3.276252221792486
3.2785261202993876,3.2785782331691595,3.278595604246203,3.278578233169161,3.2785261202993876
3.2808347595149834,3.2808869428768723,3.280904337451568,3.280886942876875,3.2808347595149834
3.2831781864312464,3.2832304413717917,3.283247859806319,3.2832304413717934,3.2831781864312464
3.2855564487644684,3.285608776372735,3.2856262190301235,3.28560877637274,3.2855564487644684
3.2879695949569414,3.2880219963245687,3.2880394635687016,3.2880219963245754,3.2879695949569414
3.2904176741786717,3.2904701503999005,3.2904876425955356,3.290470150399921,3.2904176741786717
3.292900736329119,3.292953288500829,3.2929708060136282,3.292953288500901,3.292900736329119
3.295418832038969,3.2954714612606812,3.295489004457241,3.2954714612609433,3.295418832038969
3.2979720126719205,3.2980247200456896,3.298042289293719,3.298024720046668,3.2979720126719205
3.300560330326509,3.3006131169564408,3.300630712625281,3.300613116960084,3.3005603303265088
3.303183837837944,3.30323670482829,3.3032543272908867,3.303236704841881,3.3031838378379437
3.3058425887799943,3.3058955372278986,3.305913186868092,3.305895537278613,3.3058425887799925
3.3085366374668816,3.30858966843523,3.3086073456749756,3.3085896686244944,3.3085366374668737
3.311266038955263,3.311319153371159,3.311336858772084,3.311319154077516,3.3112660389552335
3.3140308490464703,3.314084047322065,3.3141017819646907,3.314084049958261,3.3140308490463624
3.3168311242901285,3.3168844049059523,3.3169021718063503,3.3168844147444796,3.3168311242897257
3.3196669219956916,3.3197202762052704,3.3197380856102807,3.3197203129235855,3.319666921994188
3.3225383002895716,3.322591692309163,3.322609581505914,3.3225918293454,3.3225383002839575
3.3254453184373025,3.325498611235899,3.325516718758818,3.3254991226681443,3.3254453184163406
3.328388038706442,3.328440715438327,3.3284595596253097,3.3284426241520277,3.3283880386281774
3.3313665371973773,3.3314166521856627,3.331438180152067,3.3314237756864804,3.331366536905163
3.33438096689538,3.3344211759548816,3.3344527331108167,3.334447761536668,3.334380965804338
3.3374319249155437,3.3374343516276754,3.337503814799652,3.3375335715450394,3.3374319208419
3.335890605485613,3.3403804908406314,3.340594602915082,3.34075078900194,3.335903894202899
