3.5622974352832357,3.5623178296992513,3.5623382241153925,3.5623178296992526,3.562297435283236
3.56227704086722,3.5623382243315262,3.5623586189635663,3.5623382243315262,3.56227704086722
3.5623382223886653,3.5623994077960734,3.5624198030758203,3.562399407796075,3.5623382223886653
3.562440192742304,3.5625013813882873,3.5625217777475737,3.5625013813882873,3.562440192742304
3.562582954087047,3.5626441472671995,3.5626645451378907,3.5626441472671995,3.562582954087047
3.5627665094455,3.5628277084555804,3.5628481082696064,3.56282770845558,3.5627665094455
3.5629908627040283,3.5630520688400136,3.563072471029375,3.563052068840014,3.5629908627040283
3.5632560186129534,3.5633172331710847,3.563337638167859,3.563317233171085,3.5632560186129534
3.563561982786682,3.5636232070635128,3.5636436152999,3.563623207063513,3.563561982786682
3.563908761703958,3.5639699969964034,3.5639904089047043,3.563969996996403,3.563908761703958
3.5642963627080575,3.5643576103134453,3.5643780263261067,3.5643576103134453,3.5642963627080575
3.5647247940071143,3.564786055223219,3.5648064757728455,3.564786055223221,3.5647247940071143
3.5651940646743725,3.5652553407994794,3.5652757663188317,3.5652553407994807,3.5651940646743725
3.5657041846485513,3.5657654769815013,3.5657859079035354,3.5657654769815004,3.5657041846485513
3.566255164734212,3.56631647457444,3.56633691133231,3.5663164745744416,3.566255164734212
3.566847016602153,3.5669083452497516,3.566928788276821,3.566908345249754,3.566847016602153
3.567479752789844,3.567541101545599,3.5675615512754715,3.567541101545601,3.567479752789844
3.5681533867018964,3.568214756867338,3.5682352137338627,3.5682147568673406,3.5681533867018964
3.568867932610546,3.5689293254880097,3.5689497899252958,3.5689293254880123,3.568867932610546
3.5696234056562153,3.569684822548865,3.5697052949913086,3.569684822548866,3.5696234056562153
3.5704198218480263,3.570481264059924,3.5705017449422236,3.570481264059925,3.5704198218480263
3.5712571980644365,3.5713186669005808,3.5713391566577437,3.5713186669005816,3.5712571980644365
3.5721355520538522,3.572197048820231,3.5722175478875897,3.5721970488202333,3.5721355520538522
3.5730549024352647,3.573116428438914,3.5731369372521464,3.5731164284389147,3.5730549024352647
3.5740152686989983,3.574076825248022,3.5740973442431714,3.5740768252480226,3.5740152686989983
3.5750166712073654,3.5750782596110056,3.5750987892244948,3.575078259611008,3.5750166712073654
3.5760591311954646,3.5761207527641545,3.5761412934327907,3.5761207527641563,3.5760591311954646
3.577142670771964,3.5772043268173572,3.5772248789783716,3.577204326817359,3.577142670771964
3.5782673129199063,3.57832900475494,3.5783495688459888,3.5783290047549423,3.5782673129199063
3.5794330814975788,3.5794948104365254,3.5795153868956957,3.5794948104365276,3.5794330814975788
3.580640001239391,3.580701768597894,3.5807223578637397,3.5807017685978964,3.580640001239391
3.5818880977568,3.5819499048519288,3.5819705073634815,3.581949904851932,3.5818880977568
3.583177397539246,3.5832392456895477,3.5832598618863303,3.5832392456895503,3.583177397539246
3.584507927955148,3.584569818480698,3.5845904488027354,3.5845698184807,3.584507927955148
3.585879717252927,3.5859416514753684,3.5859622963632165,3.5859416514753715,3.585879717252927
3.58729279456204,3.5873547738046407,3.587375433699393,3.587354773804643,3.58729279456204
3.5887471898940664,3.588809215481766,3.5888298908250773,3.5888092154817692,3.5887471898940664
3.590242934143825,3.590305007403288,3.590325698637387,3.5903050074032903,3.590242934143825
3.591780059090528,3.591842181350185,3.591862888917882,3.591842181350188,3.591780059090528
3.593358597398943,3.593420769989053,3.593441494333777,3.593420769989056,3.593358597398943
3.5949785826206346,3.5950408068733206,3.5950615484391117,3.5950408068733233,3.5949785826206346
3.5966400491951838,3.5967023264444875,3.5967230856760373,3.5967023264444906,3.5966400491951838
3.598343032451474,3.598405364033411,3.598426141376065,3.598405364033414,3.598343032451474
3.6000875686090272,3.6001499558616255,3.6001707517614014,3.600149955861628,3.6000875686090272
3.6018736947793055,3.6019361390426785,3.6019569539462775,3.6019361390426807,3.6018736947793055
3.6037014489671506,3.6037639515835145,3.6037847859383505,3.6037639515835176,3.6037014489671506
3.605570870072141,3.605633432385885,3.605654286640097,3.6056334323858876,3.605570870072141
3.6074819978900585,3.6075446212477993,3.607565495850259,3.607544621247802,3.6074819978900585
3.6094348731143877,3.6094975588650016,3.6095184542653485,3.6094975588650042,3.6094348731143877
3.611429537337793,3.6114922868324815,3.6115132034811195,3.611492286832485,3.611429537337793
3.6134660330536854,3.6135288476460303,3.6135497859941488,3.613528847646033,3.6134660330536854
3.6155444036578244,3.6156072847038128,3.615628245203423,3.615607284703816,3.6155444036578244
3.6176646934498784,3.617727642307979,3.617748625411905,3.617727642307982,3.6176646934498784
3.6198269476351284,3.619889965666329,3.6199109718282436,3.6198899656663324,3.6198269476351284
3.6220312123261045,3.6220943008939734,3.622115330568399,3.622094300893976,3.6220312123261045
3.624277534544347,3.6243406950150723,3.624361748657418,3.624340695015075,3.624277534544347
3.626565962222115,3.6266291959645622,3.626650274031116,3.6266291959645653,3.626565962222115
3.62889654420419,3.628959852589953,3.6289809555379184,3.6289598525899556,3.62889654420419
3.6312693302496952,3.6313327146531473,3.6313538429406584,3.63133271465315,3.6312693302496952
3.6336843710339446,3.633747832832289,3.633768986918421,3.6337478328322916,3.6336843710339446
3.6361417181503324,3.636205258723654,3.6362264390684347,3.636205258723657,3.6361417181503324
3.6386414241122482,3.6387050448435674,3.6387262519080155,3.63870504484357,3.6386414241122482
3.64118354235504,3.641247244630363,3.6412684788764804,3.641247244630366,3.64118354235504
3.6437681272380003,3.6438319124463745,3.6438531743371865,3.643831912446377,3.6437681272380003
3.6463952340463988,3.6464591035799563,3.6464803935795094,3.646459103579959,3.6463952340463988
3.649064918993529,3.6491288742475496,3.649150192820946,3.6491288742475523,3.649064918993529
3.6517772392228216,3.651841281595775,3.6518626292091794,3.6518412815957766,3.6517772392228216
3.654532252809944,3.654596383703556,3.654617760824212,3.654596383703558,3.654532252809944
3.657330018765013,3.6573942395843013,3.657415646680554,3.657394239584303,3.657330018765013
3.6601705970347487,3.660234909188087,3.6602563467294034,3.6602349091880897,3.6601705970347487
3.663054048504732,3.6631184534039063,3.6631399218608847,3.66311845340391,3.663054048504732
3.6659804350016776,3.666044934061928,3.666066433906326,3.6660449340619343,3.6659804350016776
3.6689498192957335,3.66901441393581,3.6690359456405517,3.669014413935825,3.6689498192957335
3.6719622651028243,3.67202695674504,3.672048520784247,3.6720269567450825,3.6719622651028243
3.675017837087026,3.6750826271572845,3.675104224006321,3.6750826271574355,3.675017837087026
3.6781166008629897,3.678181490790756,3.6782031209263155,3.6781814907913173,3.6781166008629897
3.6812586229983806,3.6813236142164456,3.6813452781168725,3.68132361421853,3.6812586229983806
3.6844439710163672,3.6845090649597716,3.684530763106203,3.684509064967553,3.684443971016367
3.687672713398147,3.687737911500082,3.6877596443806206,3.6877379115291133,3.6876727133981455
3.690944919585492,3.691010223261795,3.6910319913870837,3.6910102233701396,3.6909449195854878
3.694260659983332,3.6943260705745296,3.6943478745357816,3.6943260709788834,3.6942606599833145
3.6976200059622597,3.6976855245172136,3.6977073652026284,3.697685526026301,3.6976200059621944
3.7010230298605125,3.7010886563294436,3.701110535731224,3.7010886619615047,3.70102302986027
3.704469804982534,3.7045355352088327,3.704557459431319,3.704535556228225,3.7044698049816276
3.7079604055775226,3.708026220092039,3.708048210557001,3.7080262985384542,3.70796040557414
3.711494906700229,3.711560729024811,3.7115828641661848,3.7115610217944557,3.7114949066875993
3.715073383383761,3.7151389251407916,3.715161495288479,3.7151400177855884,3.715073383336604
3.7186959057940476,3.718760092866129,3.7187841740613488,3.7187641707228236,3.7186959056179756
3.7223625109356417,3.7224213664683323,3.7224509373679626,3.722436585426382,3.7223625102782285
3.726073037581398,3.7261119247036003,3.7261616235157904,3.726168723336518,3.7260730351267535
3.729826163613535,3.7297916712488903,3.7299149086550787,3.7300036492771507,3.7298261544483564
3.727924671660969,3.7333136880233546,3.7337026905784914,3.7341048106686543,3.727953061811954
