3.9285291891317375,3.9285534905497417,3.9285777919677463,3.928553490549743,3.928529189131738
3.9285048877137334,3.92857779223663,3.928602093923532,3.9285777922366294,3.9285048877137334
3.9285777898165293,3.928650696759516,3.9286749992531242,3.928650696759518,3.9285777898165293
3.9286992947552357,3.928772205731791,3.9287965095699424,3.9287722057317906,3.9286992947552357
3.9288694052187023,3.9289423218424733,3.92896662756305,3.928942321842473,3.9288694052187023
3.929088124971512,3.9291610488563515,3.9291853569973187,3.929161048856352,3.929088124971512
3.9293554588540602,3.9294283916141115,3.9294527027135193,3.9294283916141106,3.9293554588540602
3.9296714127827794,3.9297443560325216,3.9297686706285426,3.9297443560325216,3.9296714127827794
3.930035993750332,3.9301089491046617,3.9301332677355933,3.9301089491046612,3.930035993750332
3.930449209825937,3.9305221789002096,3.9305465021045176,3.930522178900209,3.930449209825937
3.930911070155623,3.9309840545657297,3.9310083828820495,3.93098405456573,3.930911070155623
3.931421584962626,3.9314945863250514,3.9315189202922145,3.9314945863250528,3.931421584962626
3.9319807655477557,3.932053785479643,3.9320781256367017,3.9320537854796442,3.9319807655477557
3.9325886242898602,3.932661664409066,3.9326860112953184,3.932661664409065,3.9325886242898602
3.933245174646281,3.9333182365714454,3.9333425907264497,3.933318236571447,3.933245174646281
3.9339504311533857,3.934023516503994,3.934047878467585,3.9340235165039963,3.9339504311533857
3.9347044094271264,3.93477751982358,3.934801890135884,3.934777519823583,3.9347044094271264
3.9355071261636594,3.9355802632273162,3.9356046424288094,3.9355802632273185,3.9355071261636594
3.9363585991399677,3.9364317644932294,3.936456153124708,3.936431764493232,3.9363585991399677
3.9372588472145704,3.9373320424809295,3.937356441083568,3.937332042480931,3.9372588472145704
3.9382078903282483,3.9382811171323553,3.938305526247712,3.9382811171323557,3.9382078903282483
3.939205749504806,3.9392790094725334,3.9393034296425746,3.9392790094725334,3.939205749504806
3.940252446851902,3.940325741610405,3.9403501733775306,3.9403257416104074,3.940252446851902
3.9413480055618795,3.941421336739671,3.9414457806467094,3.941421336739672,3.9413480055618795
3.9424924499127036,3.942565819139702,3.9425902757299705,3.9425658191397015,3.9424924499127036
3.943685805268869,3.943759214176465,3.943783683993775,3.9437592141764677,3.943685805268869
3.944928098082401,3.9450015483035257,3.9450260318921835,3.9450015483035283,3.944928098082401
3.946219355893873,3.9462928490630587,3.946317346967924,3.9462928490630613,3.946219355893873
3.9475596073334827,3.947633145086921,3.9476576578533993,3.9476331450869235,3.9475596073334827
3.9489488821221324,3.949022466097753,3.9490469942718227,3.949022466097756,3.9489488821221324
3.9503872110726306,3.950460842910145,3.95048538703839,3.950460842910148,3.9503872110726306
3.9518746260908397,3.951948307431819,3.951972868061431,3.951948307431822,3.9518746260908397
3.953411160176937,3.953484892664875,3.953509470343693,3.9534848926648785,3.953411160176937
3.9549968474266963,3.9550706327070655,3.955095227983588,3.9550706327070686,3.9549968474266963
3.956631723032791,3.9567055627531147,3.9567301761765172,3.956705562753118,3.956631723032791
3.958315823286183,3.958389719096088,3.9584143512162635,3.9583897190960915,3.958315823286183
3.9600491855775064,3.9601231391288008,3.9601477904963556,3.9601231391288043,3.9600491855775064
3.9618318483985324,3.9619058613452633,3.961930532511554,3.961905861345267,3.9618318483985324
3.963663851343663,3.9637379253421807,3.9637626168593294,3.9637379253421843,3.963663851343663
3.965545235111457,3.96561937182048,3.965644084241401,3.965619371820483,3.965545235111457
3.9674760415062122,3.96755024258689,3.9675749764653077,3.9675502425868925,3.9674760415062122
3.9694563134395886,3.969530580555572,3.9695553364460436,3.9695305805555745,3.9694563134395886
3.971486094932279,3.971560429749778,3.9715852082077125,3.9715604297497813,3.971486094932279
3.973565431115712,3.973639835303565,3.9736646368852515,3.9736398353035685,3.973565431115712
3.975694368233789,3.97576884346353,3.9757936687261504,3.975768843463533,3.975694368233789
3.9778729536447126,3.9779475015906276,3.9779723510922858,3.9779475015906303,3.9778729536447126
3.9801012358227963,3.980175858161996,3.980200732461737,3.9801758581619997,3.9801012358227963
3.9823792643603486,3.9824539627728326,3.982478862430661,3.9824539627728357,3.9823792643603486
3.9847070899696115,3.984781866138325,3.984806791715241,3.9847818661383285,3.9847070899696115
3.9870847644847176,3.987159620095646,3.987184572153633,3.987159620095649,3.9870847644847176
3.989512340863715,3.9895872776059056,3.9896122567080017,3.989587277605909,3.989512340863715
3.991989873190611,3.992064892756278,3.9920898994665555,3.992064892756281,3.991989873190611
3.9945174166774873,3.9945925207620516,3.994617555645661,3.9945925207620547,3.9945174166774873
3.9970950276666173,3.9971702179687942,3.997195281591976,3.997170217968797,3.9970950276666173
3.999722763632693,3.999798041854538,3.9998231347846596,3.999798041854541,3.999722763632693
4.002400683185028,4.00247605103202,4.002501173837571,4.002476051032024,4.002400683185028
4.00512884606985,4.005204305250947,4.005229458501595,4.00520430525095,4.00512884606985
4.007907313172615,4.007982865400326,4.008008049666924,4.007982865400329,4.007907313172615
4.010736146520384,4.010811793510843,4.010837009365417,4.010811793510846,4.010736146520384
4.013615409284223,4.013691152757235,4.0137164007730854,4.013691152757238,4.013615409284223
4.016545165781669,4.016621007460797,4.0166462882124465,4.016621007460799,4.016545165781669
4.019525481479219,4.0196014230918555,4.0196267371551,4.019601423091859,4.019525481479219
4.0225564229948985,4.022632466272305,4.022657814224247,4.022632466272308,4.0225564229948985
4.025638058100818,4.025714204778227,4.0257395871972825,4.025714204778231,4.025638058100818
4.028770455725854,4.028846707542508,4.028872125008433,4.028846707542512,4.028770455725854
4.0319536859582765,4.032030044657524,4.032055497751443,4.032030044657526,4.0319536859582765
4.0351878200485345,4.035264287377871,4.035289776682296,4.035264287377874,4.0351878200485345
4.038472930411976,4.038549508123143,4.038575034221993,4.038549508123147,4.038472930411976
4.041809090631737,4.041885780480756,4.041911343959371,4.041885780480758,4.041809090631737
4.045196375461511,4.04527317920878,4.045298780653972,4.045273179208782,4.045196375461511
4.0486348608285425,4.048711780238901,4.048737420238951,4.0487117802389045,4.0486348608285425
4.052124623836555,4.052201660679332,4.052227339824033,4.052201660679336,4.052124623836555
4.055665742768738,4.055742898817852,4.055768617698516,4.055742898817857,4.055665742768738
4.059258297090823,4.059335574124831,4.059361333334323,4.059335574124849,4.059258297090823
4.062902367454168,4.0629797672563255,4.063005567389101,4.062979767256385,4.062902367454168
4.066598035698903,4.066675560057221,4.066701401709355,4.066675560057436,4.066598035698903
4.070345384857127,4.070423035564314,4.070448919333668,4.07042303556511,4.070345384857127
4.074144499156134,4.074222278009239,4.074248204495903,4.074222278012196,4.074144499156134
4.077995464021703,4.078073372820619,4.0780993426285,4.078073372831656,4.077995464021702
4.081898366081436,4.0819764066230455,4.082002420365828,4.0819764066642295,4.081898366081434
4.085853293168141,4.085931467224306,4.085957525547544,4.085931467378007,4.0858532931681335
4.089860334323255,4.0899386435584955,4.089964747222032,4.089938644132124,4.089860334323229
4.093919579800429,4.093998025464396,4.0940241756499764,4.093998027605231,4.093919579800333
4.098031121069451,4.0981097028486975,4.098135902308235,4.0981097108385,4.0980311210690905
4.102195050822311,4.102273762552714,4.102300019895773,4.102273792371455,4.102195050820965
4.106411462990748,4.106490276644081,4.106516622350684,4.106490387930582,4.106411462985725
4.110680452830354,4.110759258682182,4.11078580493231,4.110759674014469,4.110680452811597
4.115002117388616,4.1150805003220015,4.115107664681894,4.1150820503834025,4.115002117318583
4.119376558199821,4.119452960535316,4.119482303089862,4.119458745518666,4.119376557938327
4.123803896916247,4.1238724805295845,4.123909841623574,4.12389407066308,4.123803895939861
4.12828436618027,4.128323223043209,4.128390512211772,4.12840379957022,4.128284362534559
4.126025350337924,4.132745533251217,4.132925184610092,4.133046252871475,4.126036141758964
