3.146325680681944,3.1463417192633023,3.146357757844633,3.146341719263303,3.1463256806819446
3.146309642100586,3.1463577580045468,3.1463737967458663,3.1463577580045463,3.146309642100586
3.1463577565645635,3.1464058739084413,3.146421913129739,3.146405873908442,3.1463577565645635
3.146437948191129,3.1464860679349265,3.146502107956201,3.146486067934926,3.146437948191129
3.146550218580142,3.1465983416839283,3.146614382825215,3.146598341683928,3.146550218580142
3.1466945699714617,3.146742697395438,3.146758739976799,3.1467426973954375,3.1466945699714617
3.1468710052450493,3.1469191379495562,3.1469351822911267,3.1469191379495562,3.1468710052450493
3.147079527921053,3.1471276668666284,3.1471437132885733,3.147127666866629,3.147079527921053
3.1473201421599453,3.1473682883073337,3.1473843371299086,3.1473682883073337,3.1473201421599453
3.147592852762652,3.147641007072855,3.1476570586164017,3.1476410070728544,3.147592852762652
3.1478976651707393,3.1479458286050384,3.147961883189983,3.1479458286050384,3.1478976651707393
3.1482345854665743,3.148282758986575,3.1482988169334645,3.1482827589865763,3.1482345854665743
3.148603620373573,3.1486518049412315,3.148667866570716,3.1486518049412324,3.148603620373573
3.1490047772564203,3.1490529738340753,3.14906903946694,3.149052973834074,3.1490047772564203
3.1494380641213042,3.1494862736717186,3.1495023436288836,3.14948627367172,3.1494380641213042
3.1499034896162295,3.1499517131026136,3.149967787705158,3.149951713102615,3.1499034896162295
3.150401063031311,3.150449301417362,3.150465380986521,3.150449301417363,3.150401063031311
3.150930794299064,3.1509790485490075,3.1509951334061874,3.150979048549009,3.150930794299064
3.1514926939948205,3.151540965073422,3.1515570555402204,3.1515409650734245,3.1514926939948205
3.1520867733370226,3.1521350622096467,3.152151158607855,3.152135062209648,3.1520867733370226
3.15271304418766,3.152761351820288,3.152777454471902,3.152761351820289,3.15271304418766
3.153371519052685,3.153419846411947,3.1534359556391864,3.1534198464119476,3.153371519052685
3.154062211082415,3.1541105591356406,3.154126675260946,3.1541105591356424,3.154062211082415
3.15478513407202,3.1548335037872572,3.154849627133315,3.154833503787258,3.15478513407202
3.1555403024620015,3.1555886948080554,3.155604825697805,3.1555886948080554,3.1555403024620015
3.1563277313387013,3.156376147285156,3.1563922860418048,3.1563761472851573,3.1563277313387013
3.1571474364347942,3.1571958769520703,3.1572120238990857,3.1571958769520725,3.1571474364347942
3.1579994341298785,3.158047900189257,3.1580640556504087,3.158047900189259,3.1579994341298785
3.1588837414510365,3.1589322340246793,3.1589483983240214,3.158932234024681,3.1588837414510365
3.159800376073408,3.1598488961344167,3.159865069596314,3.1598488961344193,3.159800376073408
3.1607493563208497,3.160797904843263,3.1608140877924154,3.160797904843266,3.1607493563208497
3.1617307011665083,3.1617792791253843,3.1617954718868018,3.161779279125387,3.1617307011665083
3.162744430233561,3.1627930386049736,3.1628092415040205,3.162793038604975,3.162744430233561
3.1637905637958545,3.1638392035569387,3.1638554169193327,3.163839203556941,3.1637905637958545
3.1648691227786148,3.1649177949076033,3.164934019059432,3.164917794907605,3.1648691227786148
3.165980128759188,3.1660288342354526,3.1660450695031597,3.166028834235455,3.165980128759188
3.167123603967795,3.1671723437718637,3.1671885904823047,3.167172343771866,3.167123603967795
3.168299571288308,3.1683483464019084,3.168364604882329,3.168348346401911,3.168299571288308
3.1695080542590435,3.1695568656651365,3.1695731362431983,3.1695568656651383,3.1695080542590435
3.1707490770735864,3.1707979257564065,3.170814208760186,3.170797925756409,3.1707490770735864
3.172022664581637,3.172071551526718,3.172087847284733,3.172071551526721,3.172022664581637
3.1733288422898935,3.1733777684841025,3.173394077325314,3.1733777684841042,3.1733288422898935
3.174667636362904,3.1747166027944944,3.1747329250483225,3.174716602794497,3.174667636362904
3.1760390736240423,3.1760880812826557,3.1761044172789843,3.1760880812826575,3.1760390736240423
3.1774431815563777,3.1774922314331056,3.17750858150231,3.1774922314331078,3.1774431815563777
3.1788799883036774,3.178929081391092,3.178945445864029,3.178929081391095,3.1788799883036774
3.180349522671398,3.1803986599635774,3.1804150391715993,3.1803986599635796,3.180349522671398
3.181851814127656,3.1819009966202225,3.1819173908952174,3.1819009966202247,3.181851814127656
3.183386892804291,3.1834361214944518,3.183452531168821,3.1834361214944544,3.183386892804291
3.1849547894978962,3.185004065384473,3.1850204907911652,3.185004065384476,3.1849547894978962
3.1865555356709208,3.1866048597543846,3.186621301226892,3.1866048597543863,3.1865555356709208
3.1881891634527495,3.188238536735261,3.1882549946076444,3.1882385367352635,3.1881891634527495
3.1898557056408308,3.189905129126267,3.1899216037331533,3.1899051291262692,3.1898557056408308
3.1915551957018327,3.1916046703958334,3.1916211620724417,3.1916046703958356,3.1915551957018327
3.193287667772805,3.193337194682799,3.193353703764941,3.1933371946828015,3.193287667772805
3.1950531566623797,3.195102736797622,3.1951192636217223,3.195102736797624,3.1950531566623797
3.1968516978519874,3.1969013322235966,3.1969178771266993,3.1969013322235984,3.1968516978519874
3.1986833274970956,3.1987330171180943,3.198749580437876,3.198733017118097,3.1986833274970956
3.2005480824284804,3.20059782831382,3.2006144103886,3.200597828313823,3.2005480824284804
3.202446000153511,3.202495803320119,3.202512404488877,3.2024958033201223,3.202446000153511
3.2043771188574746,3.2044269803242798,3.204443600926663,3.2044269803242833,3.2043771188574746
3.206341477404898,3.2063913981928716,3.20640803856921,3.206391398192874,3.206341477404898
3.208339115340921,3.208389096473115,3.2084057569644253,3.2083890964731174,3.208339115340921
3.2103700728926694,3.2104201153942493,3.210436796342262,3.2104201153942524,3.2103700728926694
3.2124343909706776,3.2124844958689627,3.2125011976161146,3.212484495868965,3.2124343909706776
3.2145321111703233,3.214582279494811,3.214599002384277,3.214582279494813,3.2145321111703233
3.216663275773268,3.2167135085556837,3.2167302529313786,3.2167135085556864,3.216663275773268
3.2188279277489493,3.2188782260232798,3.2188949922298704,3.218878226023282,3.2188279277489493
3.221026110756096,3.2210764755586245,3.2210932639415373,3.221076475558626,3.221026110756096
3.2232578691442475,3.2233083015135864,3.2233251124190394,3.223308301513589,3.2232578691442475
3.22552324795531,3.225573748932451,3.2255905827074343,3.2255737489324545,3.22552324795531
3.22782229292515,3.227872863553478,3.2278897205458006,3.227872863553489,3.22782229292515
3.23015505048517,3.2302056918105158,3.2302225723688007,3.230205691810547,3.23015505048517
3.232521567763973,3.232572280834626,3.2325891853083437,3.2325722808347317,3.232521567763973
3.2349218925889858,3.234972678455675,3.234989607195214,3.2349726784560686,3.2349218925889858
3.2373560734881592,3.2374069332038853,3.237423886560768,3.2374069332053446,3.2373560734881592
3.2398241596916564,3.2398750943109476,3.2398920726386313,3.239875094316389,3.2398241596916564
3.242326201133592,3.242377211709621,3.2423942153664207,3.2423772117299223,3.242326201133591
3.2448622484537832,3.244913336027535,3.2449303653875132,3.2449133361032954,3.24486224845378
3.2474323529995197,3.247483518559229,3.247500574052802,3.247483518841969,3.247432352999508
3.2500365668273625,3.2500878111570652,3.250104893422499,3.2500878122122754,3.25003656682732
3.2526749427048864,3.252726265819174,3.2527433762678575,3.2527262697573147,3.2526749427047266
3.2553475341120195,3.2553989331468873,3.255416076072447,3.255398947844403,3.255347534111423
3.2580543952397556,3.258105856583924,3.2581230470306344,3.258105911436434,3.258054395237529
3.260795580973178,3.260847050918422,3.260864344029739,3.2608472556331702,3.260795580964866
3.2635711467814232,3.263622422086857,3.2636400225367233,3.263623186101653,3.2635711467503894
3.2663811480602876,3.2664314681108606,3.2664501379286515,3.26643431948633,3.266381147944418
3.269225636265586,3.269272164367659,3.2692947415806866,3.269282805970608,3.2692256358329685
3.2721046362718855,3.272136811513504,3.272173858055831,3.2721765269824483,3.2721046346566327
3.2750180140433054,3.2749965873586464,3.275087352146683,3.275144809246727,3.2750180080124545
3.277964704020804,3.2777441717310998,3.278034153925529,3.278297349845325,3.2779646815033723
3.27644592073037,3.2799812416194247,3.2810077419790153,3.282045754705675,3.276520009157248
