3.585430546765899,3.5854511864272487,3.585471826088728,3.5854511864272505,3.5854305467659
3.585409907104549,3.5854718263081184,3.5854924661887466,3.5854718263081184,3.585409907104549
3.5854718243359938,3.5855337455119383,3.5855543860500334,3.585533745511939,3.5854718243359938
3.5855750208902974,3.5856369453536114,3.5856575869875074,3.58563694535361,3.5855750208902974
3.585719498958905,3.5857814280247,3.5858020711927785,3.585781428024699,3.585719498958905
3.585905261609956,3.585967196593514,3.585987841734202,3.5859671965935145,3.585905261609956
3.586132312788371,3.586194255005197,3.5862149025570034,3.5861942550051964,3.586132312788371
3.586400657316038,3.5864626080819026,3.586483258483431,3.5864626080819026,3.586400657316038
3.5867103008919625,3.586772261522963,3.5867929152129023,3.586772261522963,3.5867103008919625
3.5870612500924937,3.5871232219050815,3.587143879322267,3.587123221905081,3.5870612500924937
3.5874535123715563,3.5875154966826117,3.5875361582660004,3.5875154966826117,3.5874535123715563
3.58788709606095,3.587949094187809,3.587969760376524,3.58794909418781,3.58788709606095
3.588362010370639,3.5884240236311555,3.588444694864488,3.5884240236311564,3.588362010370639
3.5888782653890994,3.5889402951016915,3.588960971819115,3.5889402951016907,3.5888782653890994
3.5894358720837034,3.589497919567399,3.5895186022086,3.5894979195674,3.5894358720837034
3.5900348423011192,3.590096908875609,3.5901175978804862,3.590096908875611,3.5900348423011192
3.590675188767753,3.5907372757534355,3.59075797156213,3.5907372757534377,3.590675188767753
3.5913569250902193,3.5914190338082586,3.5914397368611595,3.5914190338082603,3.5913569250902193
3.5920800657558645,3.592142197528228,3.5921629082660007,3.5921421975282306,3.5920800657558645
3.592844626133279,3.592906782282795,3.592927501146383,3.592906782282796,3.592844626133279
3.5936506224728935,3.5937128043232947,3.59373353175395,3.593712804323296,3.5936506224728935
3.594498071907559,3.5945602807835386,3.5945810172228336,3.594560280783539,3.594498071907559
3.595386992453225,3.5954492296804745,3.595469975570316,3.5954492296804768,3.595386992453225
3.5963174030095555,3.5963796699148354,3.5964004256974715,3.596379669914836,3.5963174030095555
3.597289323360675,3.5973516212718426,3.597372387389903,3.597351621271843,3.597289323360675
3.5983027741759,3.5983651044219624,3.5983858813184555,3.5983651044219647,3.5983027741759
3.599357777010487,3.599420140921657,3.599440929039994,3.5994201409216586,3.599357777010487
3.6004543543064416,3.600516753214198,3.6005375529982033,3.6005167532142,3.6004543543064416
3.601592529393385,3.6016549646304923,3.601675776524436,3.601654964630495,3.601592529393385
3.602772326489374,3.602834799389962,3.602855623838552,3.6028347993899654,3.602772326489374
3.6039937707018375,3.6040562826014315,3.6040771200498534,3.6040562826014337,3.6039937707018375
3.6052568880285025,3.6053194402640805,3.605340291158003,3.6053194402640836,3.6052568880285025
3.606561705358351,3.6066242992684,3.6066451640539805,3.6066242992684026,3.606561705358351
3.6079082504726423,3.6079708873971987,3.6079917665211236,3.607970887397202,3.6079082504726423
3.609296552045932,3.609359233326626,3.6093801272361157,3.609359233326629,3.609296552045932
3.6107266396471482,3.6107893666272712,3.610810275770092,3.6107893666272743,3.6107266396471482
3.6121985437406754,3.612261317765224,3.6122822425897154,3.6122613177652263,3.6121985437406754
3.6137122956875234,3.613775118103237,3.613796059058322,3.6137751181032396,3.6137122956875234
3.6152679277464643,3.6153307999018938,3.6153517574370895,3.6153307999018964,3.6152679277464643
3.6168654730752507,3.6169283963208,3.616949370886242,3.616928396320803,3.6168654730752507
3.6185049657318435,3.6185679414198173,3.618588933466288,3.61856794141982,3.6185049657318435
3.6201864406756927,3.620249470160348,3.6202704801392684,3.620249470160351,3.6201864406756927
3.62190993376902,3.6219730184066306,3.6219940467700926,3.621973018406633,3.62190993376902
3.623675481778179,3.623738622927059,3.623759670127848,3.6237386229270614,3.623675481778179
3.6254831223750035,3.6255463213955843,3.6255673878871826,3.625546321395587,3.6254831223750035
3.6273328941382332,3.6273961523931013,3.627417238629707,3.6273961523931044,3.6273328941382332
3.629224836554938,3.6292881554088905,3.6293092618454437,3.629288155408893,3.629224836554938
3.631158990022001,3.631222370842095,3.6312434979342836,3.631222370842098,3.631158990022001
3.633135395847605,3.6331988400032063,3.633219988207492,3.6331988400032085,3.633135395847605
3.635154096252803,3.6352176051156384,3.63523877488927,3.635217605115642,3.635154096252803
3.6372151343730668,3.6372787093172794,3.637299901118314,3.6372787093172825,3.6372151343730668
3.639318554259914,3.6393821966621167,3.639403410949427,3.6393821966621194,3.639318554259914
3.6414644008825308,3.641528112121844,3.641549349355146,3.641528112121847,3.6414644008825308
3.64365272012948,3.6437165015876074,3.6437377622274654,3.64371650158761,3.64365272012948
3.6458835588103904,3.645947411871644,3.6459686963795073,3.645947411871647,3.6458835588103904
3.6481569646577072,3.6482208907090716,3.6482421995472842,3.6482208907090747,3.6481569646577072
3.6504729863284746,3.650536986759671,3.650558320391463,3.650536986759674,3.6504729863284746
3.652831673406162,3.6528957496096797,3.65291710849923,3.6528957496096823,3.652831673406162
3.655233076402514,3.6552972297736703,3.6553186143860867,3.6552972297736734,3.655233076402514
3.657677246759409,3.6577414786964133,3.657762889497772,3.657741478696416,3.657677246759409
3.660164236850827,3.6602285487548163,3.6602499862121625,3.6602285487548194,3.660164236850827
3.662694099984767,3.662758493259862,3.6627799578412517,3.6627584932598656,3.662694099984767
3.665266890405256,3.6653313664586284,3.6653528586331188,3.6653313664586316,3.665266890405256
3.667882663294381,3.6679472235362827,3.6679687437739683,3.6679472235362853,3.667882663294381
3.670541474774321,3.6706061206181655,3.67062766939019,3.6706061206181677,3.670541474774321
3.6732433819094883,3.673308114771881,3.673329692550445,3.673308114771883,3.6732433819094883
3.6759884427086376,3.6760532640094317,3.676074871267831,3.676053264009434,3.6759884427086376
3.6787767161270177,3.6788416272893856,3.678863264502015,3.678841627289388,3.6787767161270177
3.6816082620686155,3.6816732645190804,3.6816949321614554,3.681673264519082,3.6816082620686155
3.684483141388371,3.684548236556875,3.6845699351056522,3.6845482365568794,3.684483141388371
3.687401415894452,3.6874666052144067,3.687488335147392,3.6874666052144107,3.687401415894452
3.690363148350585,3.6904284332589192,3.6904501950550976,3.690428433258932,3.690363148350585
3.6933684024783777,3.693433784415593,3.6934555785551537,3.6934337844156278,3.6933684024783777
3.696417242959725,3.696482723369935,3.6965045503342915,3.696482723370056,3.696417242959725
3.699509735439224,3.699575315770136,3.699597176042025,3.6995753157705833,3.699509735439224
3.702645946526623,3.7027116282293666,3.7027335222930953,3.7027116282310226,3.702645946526623
3.7058259437993333,3.70589172832762,3.7059136566699706,3.7058917283337967,3.705825943799333
3.7090497958049404,3.709115684611814,3.709137647725373,3.709115684634858,3.7090497958049395
3.712317572063784,3.7123835665893328,3.7124055649848504,3.7123835666753267,3.7123175720637804
3.7156293430715497,3.715695444696893,3.715717478949371,3.7156954450178237,3.7156293430715355
3.7189851803018805,3.7190513901773232,3.719073461097924,3.719051391375066,3.718985180301829
3.7223851562088095,3.7224514746125994,3.722473583889938,3.72245147908269,3.7223851562086163
3.7258293442281034,3.725895768174333,3.725917920766547,3.7258957848571423,3.7258293442273827
3.7293178187717273,3.7293843330900946,3.729406546144767,3.7293843953519596,3.7293178187690352
3.7328506551818648,3.7329171992695556,3.732939535370472,3.732917431636899,3.7328506551718146
3.7364279294471276,3.7364942734357993,3.736516964430663,3.7364951406533535,3.736427929409602
3.7400497165267934,3.740115000595857,3.7401389082630323,3.740118237136257,3.7400497163866824
3.743716080538786,3.743777104157812,3.74380543088935,3.7437891832419687,3.743716080015645
3.747427017441822,3.74747190460726,3.747516527894584,3.747516984926626,3.7474270154885296
3.7511821205163516,3.751166968934829,3.7512717911551023,3.751335213081428,3.7511821132231535
3.7549786290155347,3.7547420594606074,3.7550684547095705,3.7553699630208324,3.7549786017840674
3.753027886152294,3.7577541851825025,3.7588900052017475,3.760097582508268,3.753111980993229
