4.952833408440768,4.952869520393748,4.9529056323461775,4.95286952039375,4.952833408440769
4.952797296487788,4.9529056327863685,4.952941745180116,4.952905632786368,4.952797296487788
4.9529056288133395,4.953013969083818,4.953050082801555,4.95301396908382,4.9529056288133395
4.953086185043549,4.95319453193404,4.95323064785847,4.953194531934038,4.953086185043549
4.953338969591424,4.953447325750302,4.953483444764248,4.9534473257503,4.953338969591424
4.953663988635457,4.953772356711519,4.9538084796979,4.95377235671152,4.953663988635457
4.9540612501198895,4.954169632762405,4.954205760604356,4.9541696327624045,4.9540612501198895
4.954530763754981,4.954639163613873,4.9546752971947,4.954639163613874,4.954530763754981
4.955072541017508,4.9551809607434265,4.955217100946688,4.9551809607434265,4.955072541017508
4.9556865951512155,4.955795037395657,4.955831185105197,4.955795037395657,4.9556865951512155
4.956372941167369,4.956481408582793,4.956517564682779,4.956481408582794,4.956372941167369
4.957131595845449,4.9572400910853816,4.95727625646034,4.957240091085384,4.957131595845449
4.9579625777337935,4.958071103452974,4.958107278987816,4.9580711034529745,4.9579625777337935
4.95886590715046,4.958974466004899,4.95901065258498,4.958974466004896,4.95886590715046
4.959841606184037,4.959950200831174,4.959986399342346,4.9599502008311775,4.959841606184037
4.960889698694644,4.960998331793458,4.961034543122024,4.96099833179346,4.960889698694644
4.962010210314896,4.962118884525994,4.962155109558852,4.962118884525998,4.962010210314896
4.96320316845102,4.963311886436776,4.963348126061396,4.963311886436779,4.96320316845102
4.964468602284062,4.9645773667087,4.964613621813177,4.964577366708703,4.964468602284062
4.965806542771057,4.965915356300825,4.9659516277739,4.965915356300829,4.965806542771057
4.967217022646438,4.967325887949636,4.967362176680773,4.967325887949637,4.967217022646438
4.968700076423357,4.9688089961705275,4.968845303049918,4.968808996170529,4.968700076423357
4.970255740395218,4.970364717259229,4.970401043177837,4.9703647172592325,4.970255740395218
4.971884052637196,4.97199308929335,4.972029435142945,4.971993089293351,4.971884052637196
4.973585053007892,4.973694152134039,4.973730518807268,4.973694152134038,4.973585053007892
4.975358783150981,4.975467947427657,4.975504335818034,4.975467947427659,4.975358783150981
4.977205286497072,4.977314518607587,4.977350929609566,4.9773145186075896,4.977205286497072
4.9791246082654945,4.979233910896061,4.9792703454050615,4.979233910896063,4.9791246082654945
4.9811167954662645,4.981226171306109,4.981262630218552,4.981226171306113,4.9811167954662645
4.983181896902082,4.983291348643574,4.983327832856916,4.983291348643578,4.983181896902082
4.985319963170459,4.985429493509192,4.985466003921991,4.985429493509195,4.985319963170459
4.9875310466658025,4.987640658300742,4.987677195812671,4.987640658300745,4.9875310466658025
4.989815201581732,4.98992489721532,4.989961462727202,4.989924897215324,4.989815201581732
4.992172483913349,4.992282266251629,4.9923188606654785,4.9922822662516335,4.992172483913349
4.994602951459674,4.99471282321238,4.994749447431469,4.994712823212383,4.994602951459674
4.997106663826058,4.997216627706766,4.997253282635627,4.997216627706769,4.997106663826058
4.999683682426799,4.999793741153016,4.999830427697492,4.99979374115302,4.999683682426799
5.002334070487717,5.002444226781013,5.002480945848312,5.002444226781017,5.002334070487717
5.005057893048905,5.005168149635014,5.005204902133735,5.005168149635019,5.005057893048905
5.007855216967459,5.007965576576428,5.008002363416579,5.007965576576431,5.007855216967459
5.010726110920397,5.010836576286661,5.010873398379757,5.010836576286665,5.010726110920397
5.013670645407551,5.013781219270081,5.013818077529121,5.013781219270085,5.013670645407551
5.016688892754589,5.016799577857003,5.016836473196532,5.016799577857007,5.016688892754589
5.019780927116163,5.019891726206845,5.019928659542999,5.0198917262068505,5.019780927116163
5.022946824479021,5.023057740311224,5.023094712561769,5.023057740311229,5.022946824479021
5.0261866626652765,5.026297697997258,5.026334710081634,5.026297697997261,5.0261866626652765
5.029500521335779,5.02961167893091,5.029648731770253,5.029611678930914,5.029500521335779
5.0328884819934725,5.032999764620369,5.03303685913756,5.032999764620373,5.0328884819934725
5.0363506279868995,5.036462038419541,5.036499175539252,5.036462038419544,5.0363506279868995
5.039887044513826,5.03999858553164,5.040035766180369,5.039998585531643,5.039887044513826
5.043497818624808,5.043609493012841,5.043646718118942,5.043609493012845,5.043497818624808
5.0471830392269785,5.047294849775993,5.047332120269733,5.047294849775998,5.0471830392269785
5.050942797087827,5.05105474659441,5.051092063408001,5.051054746594415,5.050942797087827
5.054777184839131,5.054889276105823,5.054926640173468,5.054889276105827,5.054777184839131
5.0586862969808575,5.0587985328163025,5.058835945074211,5.058798532816308,5.0586862969808575
5.062670229885315,5.062782613104321,5.062820074490796,5.062782613104325,5.062670229885315
5.066729081801154,5.066841615224886,5.066879126680307,5.06684161522489,5.066729081801154
5.070862952857726,5.070975639313757,5.071013201780688,5.070975639313762,5.070862952857726
5.075071945069261,5.075184787391754,5.075222401814915,5.075184787391758,5.075071945069261
5.079356162339302,5.079469163369102,5.079506830695444,5.079469163369105,5.079356162339302
5.083715710465151,5.083828873049903,5.083866594228679,5.083828873049907,5.083715710465151
5.088150697142405,5.088264024136706,5.088301800119445,5.088264024136708,5.088150697142405
5.09266123196959,5.092774726235085,5.092812557975679,5.0927747262350875,5.09266123196959
5.097247426452853,5.097361090858364,5.097398979313115,5.097361090858367,5.097247426452853
5.101909394010753,5.102023231432423,5.102061177560043,5.102023231432426,5.101909394010753
5.106647249979143,5.106761263300523,5.106799268062232,5.106761263300528,5.106647249979143
5.111461111616095,5.111575303728318,5.111613368087829,5.111575303728323,5.111461111616095
5.11635109810697,5.116465471908838,5.116503596832428,5.116465471908842,5.11635109810697
5.121317330569529,5.121431888967653,5.121470075424215,5.121431888967656,5.121317330569529
5.126359932059123,5.126474677968055,5.126512926929112,5.1264746779680594,5.126359932059123
5.131479027573995,5.1315939639163455,5.131632276356119,5.131593963916348,5.131479027573995
5.1366747440606675,5.13678987376723,5.136828250662657,5.136789873767235,5.1366747440606675
5.141947210419365,5.142062536429253,5.142100978760065,5.142062536429261,5.141947210419365
5.1472965575095895,5.147412082770363,5.147450591519095,5.147412082770376,5.1472965575095895
5.1527229181557495,5.152838645623525,5.152877221775578,5.152838645623564,5.1527229181557495
5.158226427152836,5.158342359792422,5.158381004336119,5.158342359792558,5.158226427152836
5.163807221272291,5.16392336205721,5.163962075983935,5.163923362057726,5.163807221272291
5.1694654392678325,5.1695817911802004,5.169620575484681,5.169581791182111,5.1694654392678325
5.175201221881457,5.175317787911088,5.175356643592493,5.17531778791821,5.175201221881457
5.181014711849496,5.1811314949902165,5.1811704230559865,5.181131495016799,5.181014711849494
5.186906053908748,5.187023057144307,5.187062058624447,5.187023057243507,5.186906053908743
5.1928753948026944,5.1929926210538175,5.193031697053988,5.192992621424043,5.192875394802676
5.198922883287569,5.199040335214278,5.1990794871136545,5.199040336596015,5.1989228832875
5.205048670137297,5.205166349402088,5.205205579590338,5.205166354558868,5.20504867013704
5.211252908141611,5.211370812666441,5.21141012728675,5.2113708319120855,5.211252908140649
5.217535752063084,5.21765386583533,5.217693284978127,5.2176539376620825,5.217535752059494
5.2238973583546695,5.224015613633681,5.224055209128348,5.224015881698634,5.223897358341263
5.230337883477874,5.230456021216394,5.230496056202945,5.23045702166286,5.2303378834278185
5.236857474057026,5.236974531551085,5.237015972804172,5.236978265322046,5.236857473870116
5.243456209419399,5.243568658126755,5.243615038140616,5.243582592951042,5.243456208721467
5.250133766505933,5.25022885339593,5.250292928680497,5.250280859620045,5.25013376389981
5.246771631121916,5.256920060270543,5.257046963565405,5.257114152948837,5.246778595928044
