3.121233414876526,3.1212492036295227,3.121264992382486,3.1212492036295236,3.121233414876527
3.12121762612353,3.1212649925392983,3.1212807814491437,3.121264992539299,3.12121762612353
3.121264991127286,3.121312358955003,3.121328148335502,3.1213123589550045,3.121264991127286
3.121343933636917,3.1213913038179286,3.1214070939828673,3.1213913038179277,3.121343933636917
3.121454455221189,3.121501828696923,3.1215176199601196,3.121501828696922,3.121454455221189
3.1215965580764564,3.121643935788459,3.121659728463757,3.1216439357884584,3.1215965580764564
3.1217702450267364,3.1218176279166947,3.121833422318,3.121817627916695,3.1217702450267364
3.121975519523801,3.1220229085335873,3.122038704974858,3.1220229085335873,3.121975519523801
3.1222123856473014,3.122259781718995,3.122275580514266,3.122259781718995,3.1222123856473014
3.1224808481048965,3.1225282521808335,3.1225440536442117,3.1225282521808335,3.1224808481048965
3.1227809122324404,3.122828325255221,3.122844129700922,3.122828325255221,3.1227809122324404
3.123112583994159,3.123160006906701,3.1231758146490267,3.123160006906703,3.123112583994159
3.1234758699828404,3.123523303728409,3.123539115081781,3.12352330372841,3.1234758699828404
3.1238707774200813,3.1239182229423146,3.1239340382212863,3.123918222942314,3.1238707774200813
3.1242973141565393,3.1243447723994815,3.1243605919187427,3.1243447723994833,3.1242973141565393
3.124755488672198,3.124802960580341,3.124818784654725,3.124802960580343,3.124755488672198
3.1252453100766604,3.1252927965949686,3.125308625539461,3.1252927965949704,3.1252453100766604
3.125766788109474,3.125814290183419,3.125830124313185,3.1258142901834214,3.125766788109474
3.1263199331404596,3.1263674517160585,3.1263832913464378,3.126367451716061,3.1263199331404596
3.126904756170086,3.126952292193923,3.1269681376404486,3.126952292193925,3.126904756170086
3.127521268829834,3.1275688232491,3.127584674827507,3.1275688232491015,3.127521268829834
3.1281694833826124,3.1282170571451453,3.1282329151713837,3.1282170571451466,3.1281694833826124
3.1288494127231887,3.1288970067774913,3.1289128715677337,3.128897006777493,3.1288494127231887
3.1295610703786174,3.1296086856739085,3.1296245575445565,3.129608685673909,3.1295610703786174
3.1303044705087473,3.13035210799497,3.1303679872626797,3.13035210799497,3.1303044705087473
3.131079627906675,3.131127288534547,3.131143175516235,3.131127288534549,3.131079627906675
3.1318865579992625,3.1319342427203183,3.1319501377331576,3.1319342427203205,3.1318865579992625
3.1327252768477085,3.132772986614312,3.132788889975764,3.1327729866143144,3.1327252768477085
3.1335958011480747,3.133643536913463,3.1336594489412755,3.133643536913465,3.1335958011480747
3.134498148231884,3.1345459109501905,3.1345618319624187,3.1345459109501927,3.134498148231884
3.135432336066699,3.1354801266930075,3.135496057008009,3.13548012669301,3.135432336066699
3.1363983832567794,3.1364462027471367,3.1364621426836035,3.136446202747138,3.1363983832567794
3.137396309043709,3.137444158355167,3.1374601082321165,3.13744415835517,3.137396309043709
3.1384261333070738,3.138474013397725,3.138489973534521,3.138474013397727,3.1384261333070738
3.139487876565142,3.1395357883941486,3.139551759110519,3.1395357883941513,3.139487876565142
3.1405815599755873,3.1406295045032104,3.1406454861192485,3.1406295045032127,3.1405815599755873
3.141707205336219,3.141755183523871,3.141771176360045,3.141755183523873,3.141707205336219
3.1428648350857693,3.142912847896017,3.1429288522731915,3.1429128478960195,3.1428648350857693
3.1440544723046164,3.14410252070124,3.144118536940679,3.1441025207012423,3.1440544723046164
3.145276140715643,3.145324225663667,3.1453402540870465,3.145324225663669,3.145276140715643
3.1465298646850277,3.146577987150743,3.146594028080161,3.1465779871507458,3.1465298646850277
3.1478156692231236,3.1478638301741197,3.147879883932118,3.1478638301741215,3.1478156692231236
3.149133579985282,3.149181780390505,3.149197847300065,3.1491817803905073,3.149133579985282
3.150483623272807,3.150531864102564,3.1505479444871223,3.150531864102567,3.150483623272807
3.1518658260338177,3.1519141082598305,3.151930202443301,3.1519141082598323,3.1518658260338177
3.153280215864216,3.153328540459643,3.153344648766418,3.1533285404596456,3.153280215864216
3.1547268210086394,3.154775188948119,3.154791311703079,3.154775188948121,3.1547268210086394
3.156205670361448,3.1562540826211216,3.1562702201496533,3.156254082621124,3.156205670361448
3.157716793467718,3.1577652510252845,3.157781403653282,3.1577652510252867,3.157716793467718
3.1592602205242892,3.1593087243590134,3.1593248924129114,3.159308724359015,3.1592602205242892
3.160835982380814,3.160884533473575,3.160900717280333,3.160884533473577,3.160835982380814
3.1624441105408176,3.1624927098741438,3.1625089097612786,3.1624927098741464,3.1624441105408176
3.1640846371628073,3.1641332857209075,3.1641495020164947,3.1641332857209097,3.1640846371628073
3.1657575950613936,3.1658062938301974,3.165822526862875,3.1658062938302,3.1657575950613936
3.1674630177084366,3.167511767675614,3.1675280177746177,3.1675117676756157,3.1674630177084366
3.1692009392342,3.1692497413892116,3.169266008884364,3.169249741389214,3.1692009392342
3.1709713944285505,3.1710202497626785,3.1710365349844096,3.171020249762681,3.1709713944285505
3.1727744187421765,3.1728233282485574,3.172839631527915,3.17282332824856,3.1727744187421765
3.1746100482878092,3.174659012961467,3.1746753346301304,3.1746590129614694,3.1746100482878092
3.176478319841497,3.176527340679376,3.176543681069667,3.176527340679378,3.176478319841497
3.178379270843877,3.1784283488448883,3.1784447082897773,3.1784283488448914,3.178379270843877
3.180312939401488,3.1803620755665345,3.1803784543996554,3.1803620755665367,3.180312939401488
3.182279364288093,3.182328559620108,3.1823449581757846,3.1823285596201103,3.182279364288093
3.184278584946052,3.1843278404500293,3.184344259063259,3.184327840450032,3.184278584946052
3.186310641487668,3.1863599581707067,3.1863763971771935,3.18635995817071,3.186310641487668
3.188375574696609,3.188424953567944,3.1884414133041026,3.1884249535679454,3.188375574696609
3.190473426029326,3.1905228681003557,3.1905393489033296,3.190522868100358,3.190473426029326
3.1926042376164983,3.192653743900839,3.1926702461084977,3.192653743900842,3.1926042376164983
3.1947680522645063,3.194817623778014,3.1948341477289794,3.194817623778016,3.1947680522645063
3.1969649134569313,3.197014551217737,3.1970310972513936,3.197014551217739,3.1969649134569313
3.199194865356067,3.1992445703846157,3.199261138841112,3.1992445703846175,3.199194865356067
3.201457952804461,3.2015077261235536,3.201524317343834,3.2015077261235616,3.201457952804461
3.203754221326496,3.2038040639613112,3.203820678287106,3.2038040639613277,3.203754221326496
3.206083717129962,3.2061336301080945,3.2061502678819607,3.2061336301081504,3.206083717129962
3.208446487107683,3.2084964714591404,3.2085131330244967,3.208496471459349,3.208446487107683
3.2108425788391592,3.210892635596298,3.2109093212975384,3.210892635597069,3.2108425788391592
3.213272040592214,3.213322170789364,3.2133388809722914,3.213322170792236,3.213272040592214
3.2157349213247013,3.215785125996654,3.2158018610100334,3.2157851260073658,3.215734921324701
3.2182312706862115,3.2182815508625255,3.2182983110638226,3.2182815509024953,3.2182312706862097
3.220761139019793,3.2208114957034217,3.22082828148024,3.2208114958525926,3.220761139019787
3.2233245773637256,3.2233750114511333,3.2233918233011214,3.223375012007855,3.223324577363703
3.225921637453192,3.225972149436265,3.225988988265266,3.2259721515140005,3.225921637453108
3.228552371721594,3.2286029605754734,3.22861982880968,3.228602968329783,3.2285523717212805
3.2312168332992712,3.231267492334362,3.231284398068197,3.231267521274175,3.2312168332981015
3.2339150759970687,3.2339657773945087,3.233982749854576,3.233965885400619,3.233915075992701
3.236647154200514,3.236697791392039,3.2367149385549725,3.2366981944810314,3.2366471541842063
3.23941312224051,3.239463295418164,3.2394810184922487,3.239464799784331,3.2394131221796214
3.2422130307026467,3.242261249547871,3.242281040211525,3.242266863984429,3.24221303047531
3.2450469048569968,3.2450876318591493,3.245115028821552,3.2451085854665527,3.245046904008197
3.2479146187406647,3.2479273442101824,3.2479828577489815,3.248005545052035,3.2479146155715153
3.250815160546519,3.2507242684919393,3.250883512912161,3.2510161214210918,3.2508151487138646
3.249337076188908,3.2532710562989013,3.253810803986636,3.2543602790063115,3.249376164777321
