4.344798976932792,4.344827927013662,4.344856877094337,4.344827927013664,4.344798976932793
4.344770026851923,4.344856877428664,4.344885827844088,4.344856877428664,4.344770026851923
4.344856874415521,4.344943728004993,4.34497267942467,4.344943728004995,4.344856874415521
4.3450016221403205,4.345088480751132,4.345117433844611,4.345088480751131,4.3450016221403205
4.345204273373643,4.345291139014607,4.345320094451501,4.345291139014607,4.345204273373643
4.345464832801948,4.345551707482161,4.345580665932173,4.345551707482161,4.345464832801948
4.345783306451005,4.345870192179919,4.345899154312886,4.34587019217992,4.345783306451005
4.3461597016861075,4.346246600473634,4.34627556695953,4.346246600473634,4.3461597016861075
4.346594027212402,4.346680941068983,4.346709912577963,4.346680941068983,4.346594027212402
4.347086293075271,4.347173224011933,4.347202201214362,4.347173224011932,4.347086293075271
4.347636510660644,4.347723460689147,4.347752444255606,4.347723460689147,4.347636510660644
4.348244692695589,4.348331663828422,4.3483606544297535,4.348331663828425,4.348244692695589
4.348910853248688,4.34899784749922,4.349026845806553,4.348997847499221,4.348910853248688
4.349635007730696,4.349722027113226,4.3497510337979985,4.349722027113226,4.349635007730696
4.350417172895166,4.350504219425001,4.350533235159002,4.350504219425004,4.350417172895166
4.351257366839075,4.351344442532621,4.351373467987998,4.351344442532624,4.351257366839075
4.352155609003588,4.352242715878441,4.352271751727721,4.352242715878443,4.352155609003588
4.353111920174843,4.35319906024985,4.353228107166,4.353199060249853,4.353111920174843
4.354126322484771,4.354213497780138,4.354242556436564,4.354213497780141,4.354126322484771
4.355198839412045,4.355286051949381,4.355315123019962,4.355286051949383,4.355198839412045
4.356329495782973,4.356416747585397,4.356445831744518,4.356416747585398,4.356329495782973
4.3575183177725,4.35760561086473,4.357634708787311,4.35760561086473,4.3575183177725
4.358765332905314,4.358852669313743,4.358881781675236,4.3588526693137455,4.358765332905314
4.360070570056929,4.360157951809684,4.360187079286162,4.360157951809685,4.360070570056929
4.361434059454874,4.361521488581922,4.361550631850048,4.361521488581921,4.361434059454874
4.362855832679851,4.36294331121309,4.362972470950164,4.362943311213094,4.362855832679851
4.364335922667128,4.3644234526404295,4.364452629524435,4.364423452640431,4.364335922667128
4.365874363707758,4.365961947157103,4.365991141866687,4.365961947157106,4.365874363707758
4.3674711914500195,4.367558830413546,4.367588043628102,4.367558830413548,4.3674711914500195
4.3691264429008845,4.36921413941896,4.369243371818631,4.369214139418964,4.3691264429008845
4.370840156427469,4.370927912542803,4.370957164808496,4.370927912542807,4.370840156427469
4.372612371758576,4.372700189516298,4.3727294623297235,4.372700189516301,4.372612371758576
4.374443129986381,4.374531011434099,4.374560305477813,4.374531011434103,4.374443129986381
4.376332473568008,4.3764204207559185,4.376449736713331,4.376420420755921,4.376332473568008
4.3782804463272935,4.378368461308256,4.378397799863657,4.378368461308258,4.3782804463272935
4.380287093456552,4.3803751782861715,4.380404540124773,4.380375178286175,4.380287093456552
4.382352461518423,4.382440618255128,4.382470004063077,4.382440618255132,4.382352461518423
4.384476598447714,4.384564829152851,4.38459423961727,4.384564829152855,4.384476598447714
4.386659553553403,4.386747860291296,4.386777296100319,4.3867478602913,4.386659553553403
4.3889013775205585,4.388989762358642,4.38901922420141,4.388989762358644,4.3889013775205585
4.391202122412451,4.391290587421301,4.391320075988018,4.391290587421303,4.391202122412451
4.39356184167266,4.393650388926109,4.393679904908059,4.393650388926113,4.39356184167266
4.395980590127216,4.39606922170242,4.396098765792009,4.396069221702423,4.395980590127216
4.398458423986816,4.398547141964361,4.398576714855115,4.3985471419643645,4.398458423986816
4.400995400849141,4.401084207313102,4.401113809699733,4.401084207313106,4.400995400849141
4.403591579701151,4.403680476739205,4.4037101093175925,4.403680476739209,4.403591579701151
4.40624702092148,4.406336010624964,4.406365674092246,4.406336010624966,4.40624702092148
4.408961786282915,4.409050870746918,4.409080565801478,4.409050870746922,4.408961786282915
4.411735938954877,4.411825120278338,4.411854847619817,4.411825120278341,4.411735938954877
4.414569543505956,4.414658823791741,4.4146885841211185,4.414658823791745,4.414569543505956
4.417462665906588,4.41755204726158,4.417581841281148,4.417552047261584,4.417462665906588
4.420415373531688,4.420504858066863,4.420534686480289,4.4205048580668675,4.420415373531688
4.423427735163385,4.423517324993918,4.42354718850626,4.423517324993922,4.423427735163385
4.426499820993853,4.426589518239169,4.4266194175569265,4.426589518239172,4.426499820993853
4.429631702628097,4.429721509411993,4.429751445243103,4.429721509411997,4.429631702628097
4.432823453086897,4.432913371537608,4.432943344591503,4.432913371537612,4.432823453086897
4.436075146809756,4.436165179060069,4.436195190047666,4.4361651790600725,4.436075146809756
4.439386859657953,4.439477007845254,4.439507057479034,4.439477007845259,4.439386859657953
4.442758668917566,4.442848935183952,4.442879024177966,4.442848935183955,4.442758668917566
4.44619065330268,4.446281039795043,4.446311168864929,4.446281039795046,4.44619065330268
4.449682892958501,4.449773401828623,4.449803571691644,4.449773401828627,4.449682892958501
4.453235469464689,4.453326102869315,4.453356314244407,4.453326102869319,4.453235469464689
4.456848465838627,4.456939225939574,4.456969479547338,4.4569392259395775,4.456848465838627
4.460521966538805,4.460612855503019,4.460643152065787,4.460612855503023,4.460521966538805
4.464256057468253,4.464347077467928,4.464377417709774,4.464347077467931,4.464256057468253
4.4680508259780165,4.468141979190677,4.468172363837452,4.46814197919068,4.4680508259780165
4.471906360870749,4.471997649479319,4.472028079258671,4.471997649479322,4.471906360870749
4.4758227524042535,4.475914178597179,4.475944654238608,4.475914178597182,4.4758227524042535
4.479800092295234,4.479891658266542,4.479922180501398,4.479891658266546,4.479800092295234
4.483838473722955,4.483930181672374,4.483960751233907,4.483930181672378,4.483838473722955
4.487937991333077,4.488029843466096,4.488060461089485,4.4880298434661,4.487937991333077
4.492098741241477,4.492190739769465,4.492221406191835,4.4921907397694705,4.492098741241477
4.49632082103818,4.4964129681784515,4.496443684138928,4.496412968178466,4.49632082103818
4.5006043297913285,4.50069662776724,4.500727394006969,4.50069662776728,4.5006043297913285
4.5049493680512045,4.505041819092229,4.5050726363544245,4.505041819092378,4.5049493680512045
4.509356037854314,4.509448644196052,4.509479513226117,4.509448644196603,4.509356037854314
4.5138244427275795,4.513917206611548,4.513948128157405,4.513917206613598,4.5138244427275795
4.518354687692523,4.51844761136516,4.5184785861783645,4.518447611372806,4.518354687692522
4.522946879269556,4.523039964978225,4.523070993818087,4.523039965006741,4.522946879269555
4.527601125482319,4.527694375460103,4.527725459109018,4.527694375566531,4.527601125482314
4.532317535862087,4.532410952270856,4.532442091591362,4.532410952668054,4.532317535862068
4.53709622145222,4.537189806169877,4.537221002317518,4.537189807652255,4.53709622145215
4.541937294812686,4.542031048638925,4.542062303856588,4.542031054171307,4.541937294812425
4.546840870024395,4.546934789716558,4.5469661102985945,4.546934810363968,4.546840870023421
4.5518070626923555,4.55190112990432,4.5519325372572705,4.551901206962562,4.551807062688718
4.556835989940655,4.556930129951116,4.556961701863597,4.556930417540298,4.556835989927074
4.5619277703576895,4.562021698095895,4.562053722705713,4.562022771407958,4.56192777030698
4.567082523642555,4.567175169369077,4.567208719455399,4.567179175078854,4.567082523453209
4.57230036847921,4.572387736282464,4.572426810667952,4.572402685998854,4.572300367772208
4.577581409966525,4.577648596613625,4.577708100935095,4.577704390476403,4.577581407326621
4.582925665749298,4.582917139270422,4.583052605982404,4.583125367645047,4.582925655892004
4.580223661025197,4.588041688736366,4.5884598160790615,4.588818818229381,4.580251548099527
