3.6177729201688384,3.6177938394699956,3.617814758771141,3.617793839469997,3.6177729201688393
3.6177520008676813,3.617814758994072,3.617835678518186,3.6178147589940726,3.6177520008676813
3.6178147569872823,3.6178775171204247,3.617898437313468,3.617877517120426,3.6178147569872823
3.6179193517090766,3.6179821151868867,3.618003036494829,3.617982115186886,3.6179193517090766
3.618065787262709,3.6181285554232203,3.6181494782920836,3.6181285554232194,3.618065787262709
3.618254066769782,3.618316840951203,3.618337765827062,3.6183168409512025,3.618254066769782
3.6184841942439894,3.6185469757847546,3.6185679031137603,3.6185469757847546,3.6184841942439894
3.618756174591257,3.618818964830072,3.6188398950584633,3.6188189648300724,3.618756174591257
3.6190700136099174,3.619132813885826,3.619153747459953,3.619132813885826,3.6190700136099174
3.619425717990961,3.6194885296433594,3.6195094670097006,3.6194885296433594,3.619425717990961
3.6198232953182288,3.619886119686958,3.619907061292124,3.619886119686958,3.6198232953182288
3.620262754068764,3.6203255924941193,3.6203465387848945,3.6203255924941207,3.620262754068764
3.62074410361306,3.62080695743588,3.6208279088592015,3.6208069574358803,3.62074410361306
3.6212673542154508,3.6213302247771435,3.621351181780158,3.6213302247771426,3.6212673542154508
3.6218325170345014,3.6218954056770873,3.6219163687071423,3.6218954056770896,3.6218325170345014
3.62243960412339,3.622502512189581,3.6225234816942495,3.622502512189583,3.62243960412339
3.623088628430375,3.6231515572635975,3.6231725336906977,3.6231515572635993,3.623088628430375
3.623779603799282,3.623842554743736,3.6238635385413396,3.6238425547437383,3.623779603799282
3.6245125449700177,3.6245755193707336,3.624596510987192,3.6245755193707367,3.6245125449700177
3.625287467579119,3.625350466782009,3.625371466665954,3.6253504667820105,3.625287467579119
3.6261043881603436,3.6261674135122286,3.626188422112614,3.62616741351223,3.6261043881603436
3.6269633241452666,3.6270263769939515,3.627047394760051,3.6270263769939524,3.6269633241452666
3.6278642938639476,3.62792737555826,3.6279484029396967,3.6279273755582624,3.6278642938639476
3.6288073165456125,3.628870428435465,3.628891465882206,3.6288704284354654,3.6288073165456125
3.629792412319366,3.629855555755794,3.629876603718189,3.6298555557557934,3.629792412319366
3.630819602214946,3.6308827785501605,3.6309038374789524,3.6308827785501623,3.630819602214946
3.6318889081635186,3.6319521187509625,3.6319731890973,3.6319521187509647,3.6318889081635186
3.6330003529984825,3.633063599192868,3.633084681408336,3.6330635991928704,3.6330003529984825
3.6341539604563153,3.6342172436136937,3.6342383381503125,3.634217243613696,3.6341539604563153
3.6353497551774896,3.6354130766552823,3.6354341839655357,3.6354130766552846,3.6353497551774896
3.63658776270735,3.6366511238644192,3.6366722444012662,3.636651123864422,3.63658776270735
3.63786800949711,3.6379314116937946,3.637952545910683,3.6379314116937973,3.63786800949711
3.639190522904804,3.6392539675029796,3.6392751158538714,3.6392539675029814,3.639190522904804
3.640555331196338,3.6406188195594513,3.6406399824988394,3.640618819559454,3.640555331196338
3.641962463546513,3.642025997039661,3.6420471750225807,3.6420259970396645,3.641962463546513
3.6434119500401554,3.6434755300301127,3.6434967235121585,3.6434755300301154,3.6434119500401554
3.644903821673204,3.6449674495284783,3.6449886589658322,3.6449674495284814,3.644903821673204
3.6464381103538814,3.646501787444775,3.6465230132942064,3.646501787444778,3.6464381103538814
3.6480148489039013,3.6480785766025443,3.6480998193214407,3.6480785766025474,3.6480148489039013
3.6496340710596478,3.649697850740087,3.649719110786456,3.64969785074009,3.6496340710596478
3.651295811473505,3.6513596445116994,3.651380922344211,3.6513596445117016,3.651295811473505
3.6530001057150825,3.6530639934890035,3.6530852895669796,3.6530639934890066,3.6530001057150825
3.6547469902726086,3.6548109341622608,3.6548322489457163,3.654810934162264,3.6547469902726086
3.6565365025542227,3.6566005039417186,3.656621837891363,3.6566005039417218,3.6565365025542227
3.6583686808894442,3.6584327411590394,3.6584540947362956,3.6584327411590416,3.6583686808894442
3.6602435645305573,3.6603076850687093,3.660329058735739,3.660307685068712,3.6602435645305573
3.6621611936540917,3.6622253758495167,3.662246770069222,3.66222537584952,3.6621611936540917
3.6641216093623474,3.6641858546060537,3.6642072698421164,3.6641858546060564,3.6641216093623474
3.6661248536848787,3.66618916337025,3.6662106000871306,3.666189163370253,3.6661248536848787
3.668170969580123,3.6682353451029384,3.668256803765913,3.668235345102942,3.668170969580123
3.6702600009369744,3.6703244436954794,3.670345924770629,3.6703244436954816,3.6702600009369744
3.672391992576433,3.6724565039713917,3.6724780079256445,3.672456503971394,3.672391992576433
3.674566990253277,3.674631571688016,3.674653098989156,3.6746315716880185,3.674566990253277
3.6767850406577876,3.6768496935382604,3.6768712446549383,3.6768496935382635,3.6767850406577876
3.6790461914174752,3.6791109171523066,3.6791324925540723,3.6791109171523093,3.6790461914174752
3.681350491098889,3.6814152910994236,3.6814368912567343,3.6814152910994253,3.681350491098889
3.6836979892094046,3.6837628648897747,3.6837844902740122,3.683762864889778,3.6836979892094046
3.686088736199108,3.6861536889762725,3.6861753400597626,3.6861536889762747,3.686088736199108
3.6885227834626404,3.688587814756454,3.6886094920124846,3.6885878147564575,3.6885227834626404
3.6910001833411754,3.691065294574423,3.691086998477266,3.6910652945744262,3.6910001833411754
3.693520989124345,3.6935861817228086,3.69360791274773,3.693586181722811,3.693520989124345
3.6960852550522354,3.6961505304447466,3.6961722890680275,3.69615053044475,3.6960852550522354
3.6986930363174366,3.698758395935927,3.698780182634882,3.69875839593593,3.6986930363174366
3.701344389067093,3.7014098343466517,3.7014316495996518,3.701409834346655,3.701344389067093
3.7040393704050176,3.7041049027839383,3.7041267470704233,3.704104902783942,3.7040393704050176
3.7067780383938227,3.706843659313669,3.7068655331141653,3.706843659313672,3.7067780383938227
3.7095604520571093,3.7096261629627585,3.709648066758898,3.7096261629627603,3.7095604520571093
3.712386671381655,3.712452473721362,3.712474407995901,3.7124524737213647,3.712386671381655
3.715256757319698,3.715322652545146,3.7153446177819838,3.7153226525451477,3.715256757319698
3.718170771791193,3.718236761357543,3.7182587580417454,3.7182367613575447,3.718170771791193
3.7211287776861393,3.721194863052098,3.721216891669902,3.7211948630521015,3.7211287776861393
3.724130838866958,3.724197021494824,3.724219082533668,3.72419702149483,3.724130838866958
3.7271770201708607,3.727243301526575,3.72726539547512,3.727243301526592,3.7271770201708607
3.7302673874123005,3.7303337689655,3.7303558963136503,3.7303337689655547,3.7302673874123005
3.7334020073854335,3.733468490609483,3.733490651848433,3.7334684906096745,3.7334020073854335
3.7365809478666336,3.73664753423857,3.7366697298609237,3.7366475342392778,3.7365809478666336
3.7398042776170266,3.739870968617247,3.7398931991174185,3.7398709686198846,3.7398042776170266
3.7430720663850776,3.74313886349598,3.7431611293716207,3.7431388635058163,3.743072066385077
3.7463843849092164,3.746451289609982,3.7464735913672738,3.7464512896466853,3.746384384909215
3.7497413049204846,3.749808318667467,3.7498306568408077,3.7498083188044458,3.749741304920479
3.753142899145248,3.7532100232986005,3.7532323985240477,3.7532100238098165,3.753142899145226
3.756589241307953,3.7566564768576387,3.7566788901469703,3.756656478765545,3.7565892413078705
3.7600804061341235,3.7601477526770397,3.7601702064406552,3.760147759797531,3.760080406133815
3.7636164693542646,3.7636839212757525,3.7637064231410755,3.763683947850117,3.7636164693531113
3.7671975077130027,3.7672650399306327,3.7672876169977845,3.7672651391087544,3.767197507708695
3.7708235990075356,3.7708911137359995,3.770913865810672,3.770891483878426,3.770823598991452
3.774494822294482,3.7745619501951624,3.774585248630482,3.7745633316028298,3.774494822234431
3.778211259067958,3.7782766161196966,3.7783018469132634,3.778281771667991,3.778211258843741
3.781973000062474,3.7820314083024056,3.782063751234883,3.7820506493121333,3.7819729992252973
3.7857801847041985,3.785812265792574,3.7858711004117307,3.7858840751203675,3.7857801815783496
3.7896332303471763,3.789566369751969,3.7897243094990998,3.7898343691792586,3.7896332186758284
3.7876772084902894,3.7930956733690326,3.7936253986534494,3.7940958734217443,3.787713101482878
