3.616272916622724,3.6162938843831354,3.616314852143682,3.616293884383137,3.6162729166227248
3.616251948862313,3.6163148523674518,3.616335820351516,3.6163148523674518,3.616251948862313
3.6163148503560327,3.6163777558728474,3.6163987245274805,3.616377755872849,3.6163148503560327
3.616419687370749,3.6164825962404374,3.616503566012703,3.616482596240436,3.616419687370749
3.6165664621415687,3.61662937570545,3.6166503470424605,3.6166293757054495,3.6165664621415687
3.616755177797768,3.6168180973973274,3.6168390707462605,3.616818097397328,3.616755177797768
3.6169858383628744,3.617048765339834,3.6170697411479344,3.617048765339834,3.6169858383628744
3.6172584487548534,3.6173213844512087,3.617342363165808,3.617321384451209,3.6172584487548534
3.617573014786268,3.617635960544336,3.6176569426128857,3.6176359605443356,3.617573014786268
3.617929543164518,3.6179925003269986,3.6180134861970683,3.617992500326998,3.617929543164518
3.618328041492068,3.6183910114020814,3.6184120015213788,3.6183910114020814,3.618328041492068
3.6187685182667395,3.618831502267886,3.6188524970842852,3.618831502267888,3.6187685182667395
3.6192509828820474,3.619313982318449,3.6193349822799954,3.61931398231845,3.6192509828820474
3.6197754456275097,3.6198384618438677,3.619859467398803,3.6198384618438664,3.6197754456275097
3.6203419176890708,3.6204049520307118,3.620425963627489,3.6204049520307136,3.6203419176890708
3.6209504111495088,3.6210134649624375,3.6210344830497267,3.6210134649624397,3.6209504111495088
3.6216009389888644,3.6216640136198226,3.6216850386465334,3.6216640136198244,3.6216009389888644
3.6222935150849613,3.622356611881451,3.6223776442967655,3.6223566118814534,3.6222935150849613
3.6230281542139027,3.623091274524262,3.623112314777633,3.6230912745242643,3.6230281542139027
3.6238048720506195,3.6238680172240736,3.6238890657652405,3.623868017224075,3.6238048720506195
3.6246236851694813,3.624686856556168,3.624707913835193,3.624686856556169,3.6246236851694813
3.6254846110448846,3.6255478099959304,3.625568876463194,3.625547809995932,3.6254846110448846
3.626387668051932,3.6264508959194965,3.626471972025718,3.6264508959194988,3.626387668051932
3.6273328754670957,3.6273961336044134,3.6274172198006776,3.6273961336044143,3.6273328754670957
3.6283202534689485,3.628383543230395,3.6284046399681613,3.6283835432303944,3.6283202534689485
3.629349823138941,3.629413145880056,3.629434253611185,3.6294131458800583,3.629349823138941
3.630421606462139,3.630484963539712,3.6305060827164675,3.630484963539714,3.630421606462139
3.6315356263280965,3.6315990191001895,3.6316201501752685,3.6315990191001917,3.6315356263280965
3.6326919065316683,3.6327553363576857,3.632776479784223,3.6327553363576883,3.6326919065316683
3.633890471773941,3.6339539400146643,3.6339750962462647,3.633953940014667,3.633890471773941
3.635131347663119,3.6351948556807727,3.6352160251715175,3.635194855680775,3.635131347663119
3.636414560715506,3.6364781098737957,3.63649929307826,3.636478109873798,3.636414560715506
3.6377401383564796,3.6378037300206576,3.637824927393929,3.6378037300206603,3.6377401383564796
3.6391081089215374,3.639171744458438,3.6391929564561307,3.639171744458441,3.6391081089215374
3.6405185016573283,3.6405821824354345,3.6406034095137185,3.640582182435437,3.6405185016573283
3.6419713467227877,3.6420350741122625,3.6420563167278632,3.6420350741122656,3.6419713467227877
3.643466675190215,3.6435304505629786,3.643551709173204,3.6435304505629817,3.643466675190215
3.645004519046484,3.6450683437762414,3.645089618839007,3.645068343776245,3.645004519046484
3.646584911194197,3.646648786656502,3.6466700786303266,3.6466487866565047,3.646584911194197
3.6482078854529463,3.6482718130252527,3.648293122369295,3.648271813025255,3.6482078854529463
3.6498734765605687,3.649937457622282,3.649958784796345,3.649937457622285,3.6498734765605687
3.651581720174445,3.6516457561069653,3.6516671015715265,3.651645756106968,3.651581720174445
3.653332652872829,3.653396745059613,3.6534181092758318,3.6533967450596156,3.653332652872829
3.655126312156228,3.6551904619828397,3.6552118454125746,3.6551904619828424,3.655126312156228
3.6569627364487918,3.6570269453029547,3.6570483484087823,3.6570269453029565,3.6569627364487918
3.65884196509977,3.6589062343714085,3.658927657616652,3.6589062343714116,3.65884196509977
3.660764038384958,3.6608283694662678,3.66084981331499,3.660828369466271,3.660764038384958
3.662728997508245,3.66279339179373,3.6628148567107766,3.662793391793733,3.662728997508245
3.6647368846031108,3.664801343489649,3.664822829940645,3.664801343489651,3.6647368846031108
3.6667877427342317,3.666852267621115,3.666873776072498,3.6668522676211173,3.6667877427342317
3.668881615899101,3.6689462081880824,3.6689677391071207,3.668946208188086,3.668881615899101
3.6710185490296356,3.67108321012502,3.671104763979807,3.6710832101250226,3.6710185490296356
3.673198587993915,3.673263319302556,3.6732848965620555,3.673263319302559,3.673198587993915
3.6754217795978494,3.6754865825292526,3.675508183663303,3.6754865825292553,3.6754217795978494
3.677688171586967,3.6777530475533102,3.6777746730326464,3.6777530475533133,3.677688171586967
3.679997812648183,3.6800627630643845,3.6800844133606487,3.6800627630643876,3.679997812648183
3.6823507524116392,3.6824157786954097,3.682437454281183,3.6824157786954124,3.6823507524116392
3.6847470414525554,3.684812145024447,3.6848338463732473,3.6848121450244506,3.6847470414525554
3.6871867312931252,3.687251913576587,3.6872736411629012,3.6872519135765898,3.6871867312931252
3.689669874404447,3.689735136825884,3.689756891125191,3.689735136825887,3.689669874404447
3.6921965242084993,3.6922618681973196,3.6922836496860927,3.692261868197322,3.6921965242084993
3.6947667350801416,3.6948321620688063,3.6948539712245405,3.6948321620688094,3.6947667350801416
3.6973805623491347,3.6974460737732304,3.6974679110744564,3.6974460737732326,3.6973805623491347
3.7000380623022524,3.700103659600522,3.7001255255268357,3.7001036596005252,3.7000380623022524
3.702739292185368,3.702804976799783,3.702826871831842,3.702804976799786,3.702739292185368
3.705484310205593,3.7055500835814037,3.705572008200964,3.705550083581405,3.705484310205593
3.7082731755334986,3.708339039119279,3.7083609938092077,3.7083390391192816,3.7082731755334986
3.7111059483052995,3.7111719035530157,3.711193888797305,3.7111719035530184,3.7111059483052995
3.713982689625126,3.7140487379901876,3.7140707542739806,3.71404873799019,3.713982689625126
3.7169034615673295,3.7169696045086384,3.716991652318244,3.7169696045086402,3.7169034615673295
3.7198683271787876,3.719934566158804,3.7199566459817106,3.7199345661588064,3.7198683271787876
3.722877350481301,3.722943686966086,3.722965799290992,3.7229436869660906,3.722877350481301
3.7259305964739777,3.7259970319332574,3.7260191772500746,3.725997031933266,3.7259305964739777
3.729028131135683,3.7290946670429,3.7291168458427912,3.729094667042921,3.729028131135683
3.732170021427516,3.7322366592598764,3.732258872035274,3.7322366592599407,3.732170021427516
3.7353563352953314,3.735423076533827,3.735445323778478,3.735423076534062,3.7353563352953314
3.7385871416722884,3.738653987801628,3.7386762700107568,3.7386539878025005,3.7385871416722884
3.741862510481447,3.7419294629896425,3.7419517806604228,3.7419294629928954,3.741862510481447
3.745182512638392,3.7452495730150805,3.7452719266484,3.7452495730272157,3.7451825126383915
3.748547220053907,3.748614389783898,3.74863677989088,3.7486143898291866,3.748547220053905
3.751956705636684,3.752023986175731,3.7520464133020406,3.7520239863447475,3.7519567056366765
3.755411043296088,3.7554784359803053,3.7555009007968083,3.755478436611086,3.755411043296061
3.7589103079451256,3.758977813652597,3.7590003172938062,3.7589778160067358,3.7589103079450235
3.762454575504202,3.7625221933911623,3.7625447387190825,3.762522202177028,3.762454575503821
3.766043922909503,3.7661116456887735,3.7661342420143376,3.766111678478479,3.7660439229080787
3.7696784281476408,3.7697462244401025,3.7697689051710115,3.769746346814478,3.769678428142324
3.7733581704426045,3.7734259187529897,3.7734488074151353,3.773426375466099,3.7733581704227537
3.7770832313267064,3.777150472714132,3.7771740302704333,3.777152177212041,3.777083231252587
3.7808537008520604,3.7809187105064046,3.7809446637404225,3.7809250718590506,3.780853700575315
3.7846697137182583,3.784726004719008,3.7847608423258037,3.7847497459084267,3.7846697126849453
3.788531659598331,3.788554752325574,3.7886229549353585,3.78864335676391,3.7885316557401247
3.7865831845148072,3.7923383900496037,3.7925328683261537,3.7926690704717347,3.786595051251221
