3.9219242561846244,3.9219485489161254,3.9219728416477952,3.9219485489161263,3.9219242561846244
3.921899963453123,3.9219728419168054,3.9219971349171567,3.9219728419168054,3.921899963453123
3.9219728394989652,3.9220457203808126,3.92207001418723,3.922045720380814,3.9219728394989652
3.922094301008048,3.9221671859202574,3.922191481070147,3.922167185920257,3.922094301008048
3.922264350667088,3.9223372412220234,3.9223615382528476,3.9223372412220225,3.922264350667088
3.9224829922376685,3.922555890047904,3.922580189497193,3.9225558900479043,3.9224829922376685
3.922750230556343,3.922823137234736,3.922847439640115,3.922823137234736,3.922750230556343
3.9230660715348424,3.9231389886945913,3.9231632945938024,3.9231389886945918,3.9230660715348424
3.923430522160275,3.923503451414994,3.923527761345912,3.923503451414994,3.923430522160275
3.923843590495444,3.923916533459201,3.9239408479598623,3.9239165334592006,3.923843590495444
3.924305285679104,3.924378243966517,3.924402563575123,3.9243782439665176,3.924305285679104
3.9248156179263805,3.924888593152638,3.924912918407604,3.924888593152639,3.9248156179263805
3.9253745985290993,3.9254475923100665,3.925471923750017,3.925447592310068,3.9253745985290993
3.92598223985627,3.9260552538085265,3.92607959197232,3.926055253808525,3.92598223985627
3.926638555354551,3.9267115910954473,3.9267359365222214,3.9267115910954495,3.926638555354551
3.9273435595487625,3.927416618696511,3.9274409719256673,3.927416618696513,3.9273435595487625
3.9280972680424666,3.9281703522161724,3.9281947137874242,3.9281703522161746,3.9280972680424666
3.928899697518553,3.928972808338293,3.9289971787916764,3.9289728083382953,3.928899697518553
3.9297508657399027,3.9298240048267994,3.9298483847026837,3.929824004826802,3.9297508657399027
3.930650791550063,3.9307239605263256,3.930748350365461,3.9307239605263264,3.930650791550063
3.931599494873998,3.9316726953629884,3.9316970957065003,3.9316726953629897,3.931599494873998
3.932596996718825,3.9326702303451317,3.9326946417345603,3.9326702303451326,3.932596996718825
3.9336433191746636,3.933716587564169,3.933741010541476,3.9337165875641715,3.9336433191746636
3.934738485415489,3.9348117901954076,3.9348362253030102,3.934811790195409,3.934738485415489
3.9358825196999954,3.935955862498965,3.9359803102797484,3.935955862498965,3.9358825196999954
3.937075447372591,3.9371488298207167,3.9371732908180546,3.9371488298207193,3.937075447372591
3.938317294864332,3.938390718593258,3.938415193351048,3.93839071859326,3.938317294864332
3.9396080896939805,3.9396815563369554,3.9397060453996096,3.939681556336958,3.9396080896939805
3.940947860469041,3.9410213716609777,3.941045875573477,3.9410213716609803,3.940947860469041
3.942336636886914,3.942410194264444,3.9424347135723354,3.942410194264447,3.942336636886914
3.943774449735997,3.9438480549375505,3.9438725901869933,3.9438480549375536,3.943774449735997
3.9452613308969138,3.9453349855627757,3.9453595373005372,3.945334985562779,3.9452613308969138
3.9467973133437355,3.946871019116113,3.9468955878895993,3.9468710191161156,3.9467973133437355
3.9483824311452707,3.948456189668348,3.9484807760256277,3.94845618966835,3.9483824311452707
3.950016719466383,3.9500905323863913,3.9501151368762204,3.9500905323863944,3.950016719466383
3.9517002145693434,3.9517740835346293,3.9517987067064615,3.9517740835346324,3.9517002145693434
3.953432953815262,3.953506880476345,3.9535315228803554,3.9535068804763482,3.953432953815262
3.9552149756655024,3.9552889616751408,3.955313623862255,3.955288961675144,3.9552149756655024
3.957046319683219,3.957120366696469,3.9571450492183873,3.9571203666964725,3.957046319683219
3.958927026534851,3.959001136209146,3.959025839618352,3.959001136209149,3.958927026534851
3.9608571379917255,3.960931311986927,3.9609560368367083,3.96093131198693,3.9608571379917255
3.9628366969316726,3.962910936910136,3.9629356837546252,3.962910936910139,3.9628366969316726
3.9648657473406907,3.964940054967342,3.9649648243615183,3.9649400549673457,3.9648657473406907
3.9669443343146504,3.9670187112570323,3.967043503756748,3.9670187112570354,3.9669443343146504
3.9690725040610455,3.9691469519894014,3.969171768151418,3.9691469519894045,3.9690725040610455
3.9712503039007934,3.9713248244881174,3.971349664870103,3.9713248244881205,3.9712503039007934
3.973477782270079,3.9735523771921906,3.973577242352754,3.9735523771921937,3.973477782270079
3.975754988722206,3.9758296596578155,3.9758545501565417,3.9758296596578186,3.975754988722206
3.9780819739295707,3.97815672256033,3.9781816389577767,3.9781567225603323,3.9780819739295707
3.980458789685576,3.9805336176961634,3.9805585605538987,3.980533617696167,3.980458789685576
3.9828854889066876,3.98296039798487,3.982985367865487,3.9829603979848733,3.9828854889066876
3.9853621256344605,3.9854371174711534,3.9854621149382927,3.985437117471156,3.9853621256344605
3.9878887550376674,3.9879638313269994,3.987988856945385,3.987963831327002,3.9878887550376674
3.9904654334144167,3.9905405958538,3.9905656501892444,3.990540595853803,3.9904654334144167
3.9930922181943567,3.9931674684845553,3.9931925521039813,3.993167468484559,3.9930922181943567
3.9957691679408933,3.99584450778609,3.9958696212575693,3.995844507786093,3.9957691679408933
3.9984963423535,3.998571773461351,3.998596917354112,3.9985717734613546,3.9984963423535
4.001273802270001,4.001349326351718,4.001374501236171,4.001349326351722,4.001273802270001
4.00410160966895,4.004177228439367,4.004202434887129,4.004177228439371,4.00410160966895
4.006979827672051,4.007055542849689,4.0070807814336,4.007055542849692,4.006979827672051
4.009908520546629,4.009984333853736,4.0100096051479,4.0099843338537395,4.009908520546629
4.012887753708073,4.012963666870737,4.012988971450518,4.012963666870741,4.012887753708073
4.0159175937224445,4.015993608470632,4.016018946912696,4.0159936084706365,4.0159175937224445
4.018998108309031,4.019074226376666,4.019099599258995,4.01907422637667,4.018998108309031
4.022129366342991,4.022205589468026,4.022230997369939,4.0222055894680295,4.022129366342991
4.025311437858046,4.025387767782519,4.025413211284711,4.0253877677825205,4.025311437858046
4.028544394049204,4.028620832519311,4.028646312203848,4.028620832519313,4.028544394049204
4.031828307275518,4.031904856041687,4.031930372492053,4.03190485604169,4.031828307275518
4.0351632510629205,4.035239911879874,4.035265465680986,4.035239911879876,4.0351632510629205
4.03854930010709,4.038626074733912,4.038651666472141,4.038626074733915,4.03854930010709
4.04198653027633,4.042063420476554,4.042089050739753,4.042063420476556,4.04198653027633
4.045475018614585,4.045552026156235,4.045577695533749,4.045552026156239,4.045475018614585
4.049014843344379,4.04909197000006,4.049117679082772,4.0490919700000685,4.049014843344379
4.05260608386991,4.0526833314168735,4.052709080797207,4.0526833314168895,4.05260608386991
4.056248820780131,4.056326191000318,4.056351981272288,4.056326191000378,4.056248820780131
4.059943135851886,4.060020630531997,4.06004646229125,4.060020630532212,4.059943135851886
4.063689112053121,4.063766732984551,4.063792606828504,4.063766732985345,4.063689112053121
4.067486833546089,4.067564582524574,4.067590499052883,4.06756458252753,4.067486833546089
4.0713363856906675,4.071414264514786,4.071440224330921,4.071414264525821,4.0713363856906675
4.075237855047674,4.075315865512994,4.075341869230195,4.07531586555417,4.075237855047672
4.07919132938225,4.079269473259323,4.079295521522697,4.079269473412994,4.079191329382243
4.083196897667298,4.083275176619366,4.083301270188281,4.083275177192867,4.083196897667272
4.087254650087045,4.087333065362563,4.087359205418198,4.0873330675029305,4.087254650086949
4.0913646780409865,4.09144322932565,4.091469418619017,4.091443237313707,4.091364678040627
4.095527074149931,4.095605755280044,4.095632002418521,4.0956057850922605,4.095527074148587
4.099741932273574,4.099820715226078,4.099847050682754,4.099820826488234,4.0997419322685555
4.104009347594638,4.104088122667942,4.104114658598196,4.1040885379093694,4.104009347575899
4.10832941708722,4.10840776925287,4.108434923132711,4.10840931897516,4.108329417017252
4.112702242213455,4.1127786141236164,4.1128079457046125,4.112784397841313,4.112702241952205
4.1171279445649915,4.117196499323532,4.117233847720816,4.117218084733276,4.117127943589515
4.12160675679533,4.121645590884712,4.121712861121843,4.121726149781463,4.121606753153013
4.119348575927462,4.12606624629815,4.1262458561003905,4.126366900117724,4.119359364989927
