3.317675155091031,3.3176929307084118,3.317710706325772,3.317692930708413,3.317675155091032
3.3176573794736504,3.3177107065076297,3.317728482306909,3.31771070650763,3.3176573794736504
3.317710704870275,3.317764033541558,3.3177818098866116,3.3177640335415592,3.317710704870275
3.3177995815015433,3.317852912901723,3.317870690156421,3.317852912901723,3.3177995815015433
3.31792401118661,3.317977346407378,3.317995124935616,3.3179773464073774,3.31792401118661
3.318083996472379,3.3181373366055604,3.3181551167712895,3.3181373366055604,3.318083996472379
3.318279540633603,3.3183328867712025,3.318350668938425,3.3183328867712025,3.318279540633603
3.3185106476729866,3.3185640009072217,3.3185817854400197,3.318564000907222,3.3185106476729866
3.3187773223213344,3.318830683744674,3.318848471007208,3.3188306837446735,3.3187773223213344
3.319079570037728,3.3191329407429433,3.3191507310994712,3.319132940742943,3.319079570037728
3.319417397009711,3.319470778089897,3.319488571904788,3.3194707780898973,3.319417397009711
3.3197908101535214,3.3198442027021455,3.3198620003399006,3.319844202702147,3.3197908101535214
3.3201998171143314,3.320253222225275,3.3202710240505193,3.320253222225276,3.3201998171143314
3.3206444262665187,3.320697845034114,3.3207156514116294,3.320697845034113,3.3206444262665187
3.3211246467139683,3.3211780802330337,3.321195891527766,3.3211780802330355,3.3211246467139683
3.3216404882904214,3.321693937656303,3.3217117542333674,3.321693937656305,3.3216404882904214
3.3221919615597804,3.322245427868393,3.322263250093104,3.3222454278683955,3.3221919615597804
3.322779077816521,3.3228325621643937,3.3228503904022584,3.322832562164396,3.322779077816521
3.323401849086109,3.3234553525703996,3.3234731871871532,3.3234553525704027,3.323401849086109
3.3240602881253842,3.324113811843957,3.324131653205544,3.324113811843959,3.3240602881253842
3.324754408423076,3.3248079534744965,3.3248258019471217,3.3248079534744974,3.324754408423076
3.3254842242002196,3.3255377916838347,3.3255556476339496,3.325537791683835,3.3254842242002196
3.3262497504107262,3.3263033414266805,3.326321205221005,3.3263033414266823,3.3262497504107262
3.3270510027418836,3.3271046183911706,3.327122490396696,3.3271046183911714,3.3270510027418836
3.327887997614933,3.3279416389994254,3.3279595195834526,3.3279416389994254,3.327887997614933
3.328760752185653,3.3288144204081336,3.3288323099382726,3.328814420408136,3.328760752185653
3.3296692843449684,3.3297229805092017,3.329740879353368,3.329722980509204,3.3296692843449684
3.3306136127196084,3.3306673379303424,3.3306852464567966,3.330667337930344,3.3306136127196084
3.331593756672739,3.3316475120357767,3.331665430613114,3.3316475120357794,3.331593756672739
3.332609736304701,3.3326635229269237,3.3326814519241075,3.3326635229269264,3.332609736304701
3.3336615724537144,3.3337153914431075,3.3337333312294857,3.3337153914431106,3.3336615724537144
3.334749286696588,3.334803139162321,3.3348210901076056,3.3348031391623243,3.334749286696588
3.335872901349556,3.3359267884019803,3.335944750876304,3.3359267884019834,3.335872901349556
3.3370324394690365,3.33708636221975,3.3371043365936495,3.3370863622197526,3.3370324394690365
3.3382279248524687,3.3382818844143536,3.338299871058783,3.3382818844143562,3.3382279248524687
3.3394593820391587,3.3395133795264034,3.33953137881278,3.3395133795264065,3.3394593820391587
3.340726836311178,3.3407808728393475,3.3407988851395123,3.3407808728393507,3.340726836311178
3.3420303136942526,3.342084390380296,3.3421024160665844,3.3420843903802986,3.3420303136942526
3.343369840958693,3.34342395892101,3.34344199836622,3.343423958921013,3.343369840958693
3.3447454456203776,3.3447996059788445,3.3448176595562704,3.3447996059788476,3.3447454456203776
3.3461571559417127,3.3462113598177297,3.3462294279011777,3.346211359817732,3.3461571559417127
3.347605000932664,3.3476592494491855,3.347677332412978,3.3476592494491886,3.347605000932664
3.3490890103517903,3.3491433046333783,3.3491614028523737,3.349143304633381,3.3490890103517903
3.350609214707309,3.35066355588016,3.3506816697297688,3.3506635558801627,3.350609214707309
3.3521656452581925,3.3522200344501907,3.3522381643063777,3.352220034450194,3.3521656452581925
3.35375833401529,3.353812772356045,3.3538309185953423,3.353812772356048,3.35375833401529
3.3553873137424897,3.355441802363368,3.3554599653629076,3.355441802363371,3.3553873137424897
3.3570526179578577,3.3571071579920395,3.35712533812955,3.357107157992042,3.3570526179578577
3.3587542809348867,3.3588088735173867,3.3588270711712185,3.3588088735173884,3.3587542809348867
3.3604923377036857,3.360546983971414,3.3605651995205315,3.360546983971416,3.3604923377036857
3.362266824052274,3.3623215251440612,3.362339758968085,3.3623215251440643,3.362266824052274
3.3640777765278287,3.3641325335844794,3.3641507860636786,3.364132533584482,3.3640777765278287
3.3659252324380318,3.3659800466023535,3.365998318117673,3.365980046602356,3.3659252324380318
3.367809229852382,3.3678641022692424,3.3678823932023056,3.3678641022692446,3.367809229852382
3.3697298076035826,3.369784739419932,3.369803050153066,3.3697847394199347,3.3697298076035826
3.3716870052889223,3.3717419976538503,3.371760328570084,3.371741997653853,3.3716870052889223
3.3736808632716997,3.3737359173364743,3.3737542688195674,3.3737359173364774,3.3736808632716997
3.375711422682684,3.37576653960078,3.3757849120352326,3.3757665396007823,3.375711422682684
3.377778725421584,3.3778339063487435,3.3778523001198053,3.377833906348746,3.377778725421584
3.3798828141585466,3.379938060252807,3.3799564757464973,3.3799380602528095,3.3798828141585466
3.3820237323357087,3.382079044757453,3.382097482360574,3.382079044757455,3.3820237323357087
3.3842015241687387,3.3842569040807366,3.3842753641808723,3.3842569040807393,3.3842015241687387
3.3864162346484483,3.386471683215888,3.3864901662014497,3.386471683215891,3.3864162346484483
3.3886679095423813,3.388723427932931,3.3887419341931384,3.3887234279329337,3.3886679095423813
3.3909565953964944,3.3910121847803225,3.391030714705241,3.3910121847803256,3.3909565953964944
3.393282339536799,3.3933380010866347,3.3933565550671747,3.393338001086638,3.393282339536799
3.3956451900710864,3.395700924962248,3.3957195033901972,3.3957009249622505,3.3956451900710864
3.3980451958906337,3.398101005301087,3.3981196085690923,3.39810100530109,3.3980451958906337
3.4004824066719963,3.4005382917823845,3.4005569202840062,3.4005382917823863,3.4004824066719963
3.402956872878769,3.403012834872461,3.4030314890021547,3.4030128348724626,3.402956872878769
3.405468645763407,3.405524685826538,3.405543365979691,3.4055246858265407,3.405468645763407
3.4080177773690874,3.408073896690601,3.408092603263534,3.4080738966906066,3.4080177773690874
3.4106043205315557,3.4106605203032543,3.4106792536932433,3.410660520303266,3.4106043205315557
3.4132283288810563,3.413284610297627,3.413303370902913,3.413284610297664,3.4132283288810563
3.415889856844239,3.4159462211032863,3.4159650093231266,3.4159462211034177,3.415889856844239
3.4185889596461387,3.4186454079481554,3.4186642241828946,3.418645407948642,3.4185889596461387
3.4213256933121574,3.421382226860311,3.4214010715116556,3.421382226862126,3.4213256933121574
3.42410011467008,3.424156734669279,3.4241756081412897,3.424156734676052,3.4241001146700794
3.4269122813521258,3.4269689890054496,3.426987891708177,3.426968989030712,3.4269122813521244
3.4297622517970274,3.429819048292224,3.4298379806552584,3.4298190483865048,3.4297622517970234
3.43265008525211,3.4327069717111685,3.432725934234132,3.4327069720630248,3.4326500852520954
3.435575841775332,3.435632819066212,3.435651812507079,3.43563282037937,3.4355758417752775
3.4385395822368516,3.4385966502712746,3.4386156763486038,3.4385966551721006,3.4385395822366474
3.441541368317614,3.4415985234334387,3.4416175874439627,3.441598541723785,3.4415413683168525
3.4445812624905447,3.4446384877009066,3.444657608270032,3.444638555962228,3.4445812624877
3.4476593278993626,3.44771655660962,3.4477358019730233,3.4477168113674015,3.4476593278887413
3.4507756276392803,3.4508326088651917,3.4508522316450474,3.4508335596456146,3.450775627599623
3.4539302205446596,3.453986019566829,3.4540069560963547,3.4539895679703987,3.4539302203965927
3.4571231365939368,3.457174292761116,3.457200005203143,3.457187535743034,3.457123136041097
3.460354233425297,3.460388009680557,3.4604312362120697,3.460437433757503,3.460354231361141
3.463622359579292,3.463592276323753,3.463699496207078,3.4637767317137684,3.463622351872251
3.461966616310388,3.466659239828092,3.4669977405787273,3.467347645018246,3.4619913206418897
