3.1586118159532734,3.158628039111532,3.1586442622698723,3.1586280391115333,3.1586118159532743
3.1585955927950153,3.1586442624321993,3.1586604857527276,3.1586442624321993,3.1585955927950153
3.158644260972606,3.1586929320695254,3.1587091558766445,3.1586929320695267,3.158644260972606
3.1587253754668,3.1587740489966776,3.1587902736147817,3.1587740489966767,3.1587253754668
3.1588389378994726,3.1588876148355975,3.158903840589133,3.158887614835597,3.1588389378994726
3.1589849505413232,3.159033631857114,3.1590498590705507,3.1590336318571133,3.1589849505413232
3.1591634163119604,3.159212102980983,3.159228331978849,3.159212102980983,3.1591634163119604
3.159374338779996,3.1594230317760053,3.1594392628828945,3.1594230317760053,3.159374338779996
3.1596177221631754,3.1596664224601487,3.159682656000721,3.1596664224601487,3.1596177221631754
3.159893571328522,3.1599422799006973,3.159958516199703,3.159942279900697,3.159893571328522
3.1602018917925103,3.160250609614409,3.160266848996691,3.160250609614409,3.1602018917925103
3.1605426897212743,3.1605914177677397,3.1606076605582567,3.160591417767741,3.1605426897212743
3.1609159719307867,3.16096471117703,3.1609809577008474,3.1609647111770305,3.1609159719307867
3.161321745887136,3.1613704973087517,3.161386747891077,3.161370497308751,3.161321745887136
3.161760019706754,3.1618087842797715,3.1618250392459517,3.161808784279773,3.161760019706754
3.1622308021567425,3.162279580857648,3.162295840533174,3.16227958085765,3.1622308021567425
3.1627341026551363,3.1627828964609113,3.16279916117145,3.162782896460913,3.1627341026551363
3.1632699312712607,3.16331874115941,3.1633350112308056,3.1633187411594124,3.1632699312712607
3.16383829872607,3.163887125674667,3.163903401432948,3.1638871256746697,3.16383829872607
3.164439216392538,3.164488061380259,3.1645043431516466,3.1644880613802604,3.164439216392538
3.1650726962960367,3.1651215603021834,3.165137848413121,3.1651215603021847,3.1650726962960367
3.165738751114784,3.165787635119323,3.165803929896475,3.1657876351193233,3.165738751114784
3.166437394180257,3.1664862991638634,3.166502600934115,3.1664862991638656,3.166437394180257
3.167168639477688,3.167217566421772,3.1672338755122658,3.167217566421773,3.167168639477688
3.1679325016465354,3.1679814515332696,3.1679977682713987,3.1679814515332696,3.1679325016465354
3.1687289959810108,3.1687779697933673,3.168794294506806,3.1687779697933696,3.1687289959810108
3.1695581384305886,3.1696071371523953,3.169623470169079,3.1696071371523966,3.1695581384305886
3.1704199456006075,3.1704689702165525,3.1704853118647165,3.1704689702165547,3.1704199456006075
3.1713144347528157,3.1713634862485005,3.171379836856684,3.171363486248503,3.1713144347528157
3.1722416238059945,3.1722907031679632,3.172307063065013,3.1722907031679655,3.1722416238059945
3.173201531336581,3.1732506395523465,3.173267009067446,3.173250639552349,3.173201531336581
3.174194176579311,3.1742433146374123,3.174259694100067,3.1742433146374145,3.174194176579311
3.1752195794279108,3.175268748317921,3.1752851380580003,3.175268748317924,3.1752195794279108
3.176277760435792,3.176326961148368,3.1763433614960954,3.1763269611483698,3.176277760435792
3.1773687408167515,3.1774179743436717,3.1774343856296428,3.1774179743436743,3.1773687408167515
3.1784925424457473,3.178541809779934,3.178558232335128,3.1785418097799365,3.1784925424457473
3.1796491878596376,3.1796984899952045,3.1797149241509914,3.1796984899952068,3.1796491878596376
3.180838700257985,3.180888038190267,3.180904484278426,3.180888038190269,3.180838700257985
3.182061103503867,3.1821104782294465,3.182126936582188,3.182110478229449,3.182061103503867
3.183316422124722,3.1833658346414775,3.1833823055914268,3.18336583464148,3.183316422124722
3.184604681313186,3.184654132620331,3.1846706165005565,3.184654132620333,3.184604681313186
3.185925906928015,3.185975398026109,3.1859918951701385,3.185975398026111,3.185925906928015
3.1872801254949463,3.187329657385952,3.18734616812778,3.187329657385954,3.1872801254949463
3.188667364207672,3.188716937894982,3.1887334625690746,3.188716937894984,3.188667364207672
3.190087650928761,3.1901372674172372,3.1901538063585524,3.1901372674172404,3.190087650928761
3.1915410141906535,3.1915906744866653,3.1916072280306604,3.191590674486667,3.1915410141906535
3.193027483196669,3.1930771883081106,3.19309375679076,3.1930771883081133,3.193027483196669
3.19454708782201,3.1945968387583576,3.1946134225161567,3.1945968387583603,3.19454708782201
3.1960998586148253,3.196149656387164,3.1961662557571393,3.196149656387167,3.1960998586148253
3.1976858267972825,3.197735672418341,3.1977522877380764,3.197735672418344,3.1976858267972825
3.1993050242666596,3.199354918750844,3.1993715503584848,3.199354918750846,3.1993050242666596
3.2009574835964707,3.2010074279599126,3.20102407619416,3.2010074279599148,3.2009574835964707
3.2026432380376066,3.2026932332981786,3.2027098984983353,3.2026932332981803,3.2026432380376066
3.204362321519493,3.204412368696864,3.2044290512028257,3.2044123686968664,3.204362321519493
3.2061147686513123,3.2061648687669675,3.2061815689192326,3.20616486876697,3.2061147686513123
3.2079006147231817,3.2079507688004765,3.2079674869401624,3.2079507688004787,3.2079006147231817
3.209719895707422,3.2097701047715974,3.20978684124046,3.2097701047716005,3.209719895707422
3.211572648259806,3.2116229133380467,3.21163966847848,3.211622913338049,3.211572648259806
3.2134589097208526,3.213509231842306,3.2135260059973683,3.213509231842309,3.2134589097208526
3.215378718117147,3.2154290983129625,3.2154458918263726,3.2154290983129656,3.215378718117147
3.2173321121626586,3.2173825514660375,3.217399364682199,3.2173825514660406,3.2173321121626586
3.219319131260122,3.2193696307063355,3.2193864639703413,3.2193696307063377,3.219319131260122
3.221339815502408,3.2213903761288476,3.221407229786503,3.221390376128851,3.221339815502408
3.223394205673943,3.223444828520149,3.223461702917969,3.2234448285201514,3.223394205673943
3.2254823432521387,3.225533029359843,3.2255499248450756,3.225533029359846,3.2254823432521387
3.2276042704088552,3.2276550208220134,3.2276719377426493,3.2276550208220156,3.2276042704088552
3.2297600300118807,3.2298108457767114,3.2298277844814995,3.2298108457767136,3.2297600300118807
3.2319496656264395,3.2320005477914657,3.2320175086299074,3.2320005477914684,3.2319496656264395
3.2341732215167354,3.2342241711328135,3.2342411544552028,3.234224171132816,3.2341732215167354
3.236430742647497,3.236481760767855,3.2364987669252754,3.2364817607678575,3.236430742647497
3.2387222746855566,3.2387733623658472,3.2387903917101832,3.2387733623658526,3.2387222746855566
3.241047864001494,3.2410990222998004,3.241116075183754,3.2410990222998133,3.241047864001494
3.2434075576712162,3.243458787648111,3.24347586442523,3.243458787648154,3.2434075576712162
3.2458014034776537,3.2458527061962084,3.245869807220903,3.2458527061963567,3.2458014034776537
3.2482294499124382,3.248280826438172,3.248297952065814,3.24828082643872,3.2482294499124382
3.2506917461775937,3.2507431975782333,3.2507603481654637,3.250743197580271,3.2506917461775937
3.2531883421872907,3.2532398695317113,3.253257045437541,3.2532398695393137,3.2531883421872907
3.255719288569597,3.255770892923781,3.25578809451368,3.25577089295215,3.255719288569596
3.258284636668257,3.258336319080146,3.258353546741247,3.258336319186018,3.258284636668253
3.260884438544507,3.260936199987305,3.2609534541851475,3.260936200382427,3.260884438544491
3.263518746978869,3.263570588139426,3.2635878696296143,3.263570589614056,3.263518746978809
3.266187615472792,3.266239535961921,3.2662568465798283,3.266239541465376,3.266187615472568
3.268891098249229,3.268943093655635,3.2689604392624063,3.268943114195059,3.2688910982483943
3.271629250246665,3.2716813011489965,3.2716987026191005,3.271681377804069,3.2716292502435476
3.2744021270744783,3.2744541580745876,3.274471692260937,3.2744544441585663,3.274402127062839
3.2772097847407684,3.277261511813947,3.2772794641914906,3.2772625795064263,3.277209784697312
3.280052278047143,3.2801026402489453,3.280122073184658,3.2801066249783424,3.280052277884893
3.2829296511872457,3.2829746979500434,3.2829995633198488,3.282989569337398,3.2829296505814582
3.2858418828077633,3.285866937044137,3.2859119128072973,3.2859224384699455,3.2858418805459464
3.288788565290933,3.288739254611446,3.2888587123952613,3.288946391189143,3.2887885568459896
3.291767033598096,3.29144280371546,3.2918372909731595,3.292215857045379,3.291767002067065
3.290218015431295,3.293427635679146,3.294831790736543,3.2963127439521522,3.290321552188362
