3.183503185111804,3.1835195956382853,3.1835360061647315,3.183519595638287,3.183503185111805
3.1834867745853233,3.183536006329293,3.183552417020379,3.1835360063292932,3.1834867745853233
3.1835360048474572,3.183585238073191,3.1836016492582035,3.183585238073192,3.1835360048474572
3.1836180561624303,3.183667291857817,3.183683703866058,3.1836672918578164,3.1836180561624303
3.1837329301765642,3.18378216932959,3.1837985824903874,3.1837821693295894,3.1837329301765642
3.18388062919483,3.1839298727935925,3.1839462874363185,3.183929872793592,3.18388062919483
3.1840611561808783,3.1841104052136293,3.1841268216677077,3.184110405213629,3.1840611561808783
3.1842745147571496,3.184323770212339,3.184340188807259,3.184323770212339,3.1842745147571496
3.1845207092050276,3.1845699720713325,3.1845863931366503,3.1845699720713325,3.1845207092050276
3.184799744464967,3.1848490157313156,3.184865439596684,3.184849015731315,3.184799744464967
3.1851116261366563,3.1851609067922824,3.18517733378744,3.185160906792283,3.1851116261366563
3.1854563604792627,3.1855056515137137,3.1855220819685317,3.185505651513715,3.1854563604792627
3.1858339544115926,3.1858832568147974,3.1858996910592423,3.185883256814799,3.1858339544115926
3.186244415512375,3.1862937302746595,3.186310168638837,3.1862937302746577,3.186244415512375
3.186687752020506,3.186737080132618,3.1867535229467894,3.186737080132619,3.186687752020506
3.187163972835364,3.187213315288523,3.187229762883103,3.1872133152885245,3.187163972835364
3.187673087517075,3.1877224453030117,3.1877388980085795,3.187722445303014,3.187673087517075
3.1882151062868953,3.1882644803978732,3.1882809385451862,3.188264480397875,3.1882151062868953
3.188790040027552,3.188839431456409,3.1888558953764186,3.188839431456412,3.188790040027552
3.189397900283624,3.1894473100238123,3.1894637800476597,3.189447310023813,3.189397900283624
3.190038699261945,3.1900881283075426,3.1901046047666117,3.190088128307544,3.190038699261945
3.1907124498320405,3.1907618991778186,3.190778382403692,3.19076189917782,3.1907124498320405
3.1914191655265673,3.191468636168006,3.191485126492513,3.1914686361680076,3.1914191655265673
3.1921588605418045,3.1922083534751313,3.1922248512303533,3.192208353475132,3.1921588605418045
3.1929315497381414,3.192981065960361,3.1929975714786396,3.192981065960361,3.1929315497381414
3.1937372486405966,3.1937867891495366,3.193803302763486,3.193786789149539,3.1937372486405966
3.1945759734393673,3.1946255392337157,3.194642061276229,3.194625539233717,3.1945759734393673
3.195447740990411,3.1954973330697256,3.1955138638739986,3.195497333069728,3.195447740990411
3.1963525688160104,3.196402188180785,3.196418728080324,3.196402188180787,3.1963525688160104
3.1972904751054068,3.1973401227570943,3.1973566720857147,3.1973401227570974,3.1972904751054068
3.1982614787154424,3.198311155656485,3.1983277147483324,3.198311155656488,3.1982614787154424
3.1992655991712056,3.1993153064050786,3.1993318755946523,3.1993153064050803,3.1992655991712056
3.200302856666737,3.200352595197968,3.200369174820121,3.200352595197971,3.200302856666737
3.201373272065721,3.2014230428999517,3.2014396332898962,3.2014230428999544,3.201373272065721
3.202476866902229,3.2025266710462286,3.2025432725395624,3.2025266710462312,3.202476866902229
3.203613663381472,3.20366350184318,3.2036801147758833,3.203663501843183,3.203613663381472
3.2047836843805846,3.2048335581691494,3.204850182877609,3.204833558169152,3.2047836843805846
3.2059869534494223,3.206036863575235,3.2060535003962514,3.2060368635752376,3.2059869534494223
3.2072234948114,3.2072734422861235,3.207290091556922,3.207273442286126,3.2072234948114
3.2084933333643333,3.208543319200944,3.208559981259189,3.2085433192009463,3.2084933333643333
3.20979649468131,3.209846519894137,3.209863195077942,3.209846519894139,3.20979649468131
3.2111330050116136,3.211183070616363,3.211199759264299,3.211183070616366,3.2111330050116136
3.212502891281604,3.212552998295412,3.2125697007465304,3.212552998295415,3.212502891281604
3.21390618109571,3.213956330537158,3.2139730471309886,3.213956330537161,3.21390618109571
3.2153429027373597,3.215393095626529,3.2154098267031057,3.2153930956265317,3.2153429027373597
3.2168130851700107,3.2168633225285075,3.2168800684283676,3.21686332252851,3.2168130851700107
3.2183167580381404,3.218367040889139,3.218383801953338,3.218367040889141,3.2183167580381404
3.219853951668307,3.21990428103657,3.219921057606711,3.2199042810365732,3.219853951668307
3.2214246970701943,3.221475073982137,3.221491866400356,3.22147507398214,3.2214246970701943
3.2230290259377434,3.22307945142144,3.2230962600304287,3.2230794514214423,3.2230290259377434
3.224666970650214,3.224717445735455,3.2247342708784927,3.224717445735457,3.224666970650214
3.226338564273368,3.226389089991685,3.226405932012608,3.226389089991687,3.226338564273368
3.228043840560605,3.228094417945315,3.2281112771885727,3.228094417945317,3.228043840560605
3.2297828339541708,3.2298334640404094,3.229850340851051,3.2298334640404116,3.2297828339541708
3.231555579586353,3.2316062634111105,3.2316231581348,3.2316062634111136,3.231555579586353
3.2333621132807333,3.233412851882889,3.233429764865923,3.2334128518828913,3.2333621132807333
3.2352024715534347,3.235253265973796,3.2352701975631173,3.2352532659737987,3.2352024715534347
3.2370766916144014,3.2371275428957467,3.2371444934389544,3.2371275428957493,3.2370766916144014
3.238984811368739,3.2390357205558447,3.2390526904011985,3.2390357205558473,3.238984811368739
3.2409268694180207,3.2409778375577054,3.240994827054148,3.2409778375577085,3.2409268694180207
3.2429029050616562,3.2429539332028137,3.242970942699984,3.2429539332028168,3.2429029050616562
3.244912958298281,3.24496404749192,3.2449810773401557,3.2449640474919232,3.244912958298281
3.24695706982716,3.24700822112644,3.247025271676796,3.2470082211264426,3.24695706982716
3.2490352810496175,3.249086495509888,3.249103567114155,3.2490864955098906,3.2490352810496175
3.2511476340705108,3.2511989127493424,3.2512160057600514,3.2511989127493446,3.2511476340705108
3.253294171699695,3.25334551565693,3.253362630427363,3.253345515656933,3.253294171699695
3.2554749374535534,3.255526347751329,3.2555434846355396,3.2555263477513323,3.2554749374535534
3.257689975556511,3.257741453259308,3.257758612612117,3.2577414532593103,3.257689975556511
3.2599393309426077,3.259990877117282,3.2600080592943206,3.2599908771172843,3.2599393309426077
3.262223049257078,3.2622746649728986,3.2622918703305936,3.262274664972902,3.262223049257078
3.26454117685796,3.264592863186655,3.2646100920822505,3.26459286318666,3.26454117685796
3.266893760817739,3.266945518833523,3.2669627716250957,3.266945518833531,3.266893760817739
3.2692808489249914,3.269332679704603,3.269349956751082,3.269332679704629,3.2692808489249914
3.271702489686091,3.2717543943088203,3.2717716959700063,3.2717543943089127,3.271702489686091
3.274158732326907,3.2742107118745847,3.2742280385112115,3.2742107118749213,3.274158732326907
3.276649626794547,3.2767016823514057,3.2767190343253345,3.276701682352658,3.276649626794547
3.279175223759126,3.279227356411166,3.279244734086067,3.279227356415833,3.279175223759126
3.2817355746155394,3.2817877854480693,3.281805189191939,3.28178778546548,3.2817355746155386
3.2843307314852943,3.284383021573648,3.284400451768137,3.2843830216386114,3.2843307314852916
3.286960747218351,3.287013117593095,3.287030574668356,3.2870131178355466,3.2869607472183406
3.289625675394985,3.28967812691203,3.289695611476648,3.289678127816879,3.289625675394948
3.2923255703276944,3.292378103183393,3.2923956165093284,3.292378106560378,3.2923255703275567
3.295060487063195,3.2951130989845243,3.295130644816902,3.2951131115877503,3.2950604870626807
3.2978304813845503,3.297883160874618,3.297900752186,3.297883207911045,3.29783048138263
3.3006356098139853,3.3006883109434018,3.30070599514144,3.3006884864878065,3.300635609806816
3.3034759296180285,3.303528477943573,3.3035464309485483,3.303529133091928,3.303475929591261
3.3063514988221208,3.306403240264318,3.3064221176172572,3.306405685340098,3.3063514987221807
3.309262376263825,3.3093108666743327,3.3093331139160607,3.3093199919290353,3.309262375890683
3.3122086218110005,3.31224473625313,3.312279479443616,3.312278792569302,3.3122086204178074
3.3151902973162817,3.3151799770835777,3.3152612750359727,3.3153070784867524,3.315190292114519
3.3182074710236984,3.3180235997289307,3.3182785651299476,3.3184979542272193,3.318207451601796
3.3166581769931027,3.3204283856785057,3.321331431527674,3.322198721690385,3.3167217082729787
