3.1767245727471627,3.1767409772287447,3.1767573817104067,3.1767409772287456,3.1767245727471627
3.1767081682655802,3.1767573818750114,3.176773786521129,3.1767573818750114,3.1767081682655802
3.176757380394982,3.176806595484585,3.1768230006241085,3.1768065954845865,3.176757380394982
3.17683940148763,3.176888619044257,3.176905025006121,3.176888619044256,3.17683940148763
3.176954233188115,3.1770034541986782,3.1770198613118725,3.1770034541986774,3.176954233188115
3.1771018777989273,3.1771511032504787,3.1771675118440146,3.1771511032504787,3.1771018777989273
3.1772823382805506,3.177331569160287,3.177347979563242,3.1773315691602866,3.1772823382805506
3.1774956182515646,3.1775448555468784,3.177561268088388,3.1775448555468784,3.1774956182515646
3.1777417219887782,3.177790966687285,3.177807381696555,3.177790966687285,3.1777417219887782
3.1780206544273484,3.1780699075169316,3.1780863253232563,3.1780699075169316,3.1780206544273484
3.178332421161007,3.1783816836298335,3.17839810456261,3.178381683629833,3.178332421161007
3.178677028442221,3.1787263012787923,3.1787427256675267,3.178726301278793,3.178677028442221
3.179054483182413,3.179103767375595,3.179120195549912,3.1791037673755964,3.179054483182413
3.179464792952208,3.1795140894912715,3.179530521780927,3.1795140894912706,3.179464792952208
3.17990796598172,3.179957275856353,3.1799737125912575,3.1799572758563546,3.17990796598172
3.1803840111608057,3.1804333353611858,3.180449776871393,3.180433335361188,3.1803840111608057
3.1808929380394044,3.180942277556197,3.180958724171931,3.1809422775561984,3.1808929380394044
3.181434756827857,3.181484112652275,3.181500564703947,3.1814841126522766,3.181434756827857
3.1820094783972754,3.1820588515210937,3.1820753093393046,3.182058851521097,3.1820094783972754
3.1826171142799233,3.182666505695539,3.1826829696110823,3.18266650569554,3.1826171142799233
3.1832576766696152,3.183307087370054,3.1833235577139476,3.183307087370055,3.1832576766696152
3.1839311784221453,3.1839806094011207,3.1839970865046063,3.183980609401121,3.1839311784221453
3.1846376330557504,3.184687085307679,3.1847035695022385,3.1846870853076807,3.1846376330557504
3.1853770547515627,3.1854265292716266,3.1854430208889775,3.185426529271627,3.1853770547515627
3.1861494583541443,3.1861989561382926,3.1862154555104283,3.1861989561382926,3.1861494583541443
3.186954859371973,3.1870043814169677,3.1870208888761504,3.18700438141697,3.186954859371973
3.1877932739779906,3.187842821281466,3.187859337160241,3.1878428212814685,3.1877932739779906
3.1886647190102053,3.188714292570673,3.1887308172018787,3.1887142925706744,3.1886647190102053
3.189569211972258,3.189618812789144,3.1896353465059324,3.1896188127891456,3.189569211972258
3.1905067710340203,3.1905564001077256,3.19057294324356,3.190556400107728,3.1905067710340203
3.1914774150322756,3.1915270733641785,3.191543626252866,3.1915270733641816,3.1914774150322756
3.192481163471335,3.1925308520638582,3.192547415039531,3.1925308520638604,3.192481163471335
3.193518036523774,3.1935677563803906,3.1935843297775524,3.1935677563803937,3.193518036523774
3.1945880550310934,3.194637807156389,3.1946543913099017,3.1946378071563912,3.1945880550310934
3.1956912405044875,3.1957410259041685,3.1957576211492755,3.1957410259041716,3.1956912405044875
3.1968276151255774,3.196877434806529,3.1968940414788634,3.1968774348065323,3.1968276151255774
3.1979972017472083,3.1980470567175274,3.198063675153115,3.19804705671753,3.1979972017472083
3.199200023894243,3.199249915163251,3.1992665456985483,3.199249915163253,3.199200023894243
3.2004361057643873,3.200486034342695,3.2005026773145717,3.200486034342698,3.2004361057643873
3.20170547222905,3.2017554391285765,3.2017720948743404,3.201755439128579,3.20170547222905
3.2030081488342126,3.203058155068231,3.2030748239256437,3.2030581550682338,3.2030081488342126
3.204344161801331,3.2043942083844876,3.2044108906917788,3.2043942083844903,3.204344161801331
3.205713538028256,3.2057636259766267,3.205780322072479,3.205763625976629,3.205713538028256
3.2071163050901745,3.207166435421288,3.2071831456448887,3.2071664354212905,3.2071163050901745
3.2085524912405967,3.208602664973472,3.2086193896644994,3.208602664973474,3.2085524912405967
3.2100221254123285,3.210072343567516,3.2100890830661504,3.2100723435675182,3.2100221254123285
3.2115252372185115,3.211575500818118,3.2115922554650727,3.2115755008181206,3.2115252372185115
3.213061856953641,3.213112167021387,3.213128937157897,3.21311216702139,3.213061856953641
3.214632015594664,3.2146823731558904,3.2146991591237515,3.214682373155893,3.214632015594664
3.216235744802042,3.2162861508837683,3.216302953025323,3.2162861508837706,3.216235744802042
3.217873076920874,3.2179235325518327,3.2179403512099904,3.2179235325518354,3.217873076920874
3.219544044982043,3.2195945511927095,3.2196113867109655,3.2195945511927118,3.219544044982043
3.2212486827033797,3.221299240526007,3.221316093248448,3.2212992405260086,3.2212486827033797
3.2229870244908256,3.2230376349594896,3.223054505230822,3.2230376349594922,3.2229870244908256
3.224759105439691,3.2248097695903155,3.224826657755846,3.224809769590318,3.224759105439691
3.2265649613358383,3.2266156802062507,3.2266325866119216,3.2266156802062538,3.2265649613358383
3.2284046286569894,3.2284554032869384,3.228472328279342,3.2284554032869406,3.2284046286569894
3.2302781445739828,3.2303289760051808,3.2303459199315565,3.230328976005183,3.2302781445739828
3.2321855469520946,3.2322364362282614,3.2322533994365155,3.2322364362282645,3.2321855469520946
3.234126874352365,3.234177822519256,3.2341948053579848,3.2341778225192583,3.234126874352365
3.236102166032978,3.2361531741384235,3.236170176956909,3.2361531741384266,3.236102166032978
3.2381114619506195,3.2381625310445683,3.23817955419279,3.2381625310445705,3.2381114619506195
3.2401548027618943,3.2402059338964433,3.240222977725105,3.240205933896446,3.2401548027618943
3.2422322298247788,3.2422834240542158,3.242300488914754,3.2422834240542184,3.2422322298247788
3.2443437852000563,3.244395043580892,3.2444121298254815,3.244395043580895,3.2443437852000563
3.246489511652809,3.246540835243816,3.246557943225387,3.2465408352438185,3.246489511652809
3.24866945265393,3.2487208425161875,3.2487379725884384,3.2487208425161893,3.24866945265393
3.2508836523816513,3.250935109578576,3.2509522620959777,3.2509351095785783,3.2508836523816513
3.253132155723112,3.253183681320495,3.253200856638317,3.2531836813204964,3.253132155723112
3.255415008275933,3.2554666033419815,3.255483801816297,3.255466603341984,3.255415008275933
3.257732256349833,3.257783921955208,3.257801143942911,3.257783921955212,3.257732256349833
3.2600839469682654,3.260135684186116,3.260152930044929,3.260135684186127,3.2600839469682654
3.2624701278700665,3.2625219377760692,3.262539207864562,3.262521937776096,3.2624701278700665
3.2648908475111593,3.2649427311835377,3.264960025861156,3.26494273118363,3.2648908475111593
3.267346155066256,3.2673981135857737,3.267415433212897,3.267398113586111,3.267346155066256
3.269836100430586,3.269888134880415,3.2699054798185463,3.2698881348816653,3.269836100430586
3.272360734221686,3.2724128456867563,3.2724302162992154,3.2724128456914223,3.272360734221686
3.2749201077811603,3.274972297345718,3.27498969400014,3.2749722973631212,3.2749201077811594
3.2775142731765112,3.277566541914821,3.2775839649925014,3.277566541979769,3.2775142731765086
3.280143283202982,3.2801956321445624,3.280213082075279,3.280195632386956,3.2801432832029724
3.282807191385421,3.2828596213851733,3.282877098777097,3.282859622289805,3.282807191385384
3.2855060519801915,3.2855585632336157,3.2855760693581315,3.285558566609788,3.285506051980054
3.2882399199771504,3.288292510210969,3.2883100488120367,3.288292522811164,3.2882399199766366
3.291008851101802,3.2910615088210835,3.2910790928678773,3.2910615558462006,3.291008851099884
3.293812901818089,3.2938655811036917,3.2938832579921895,3.2938657566058813,3.2938129018109286
3.2966521293335362,3.296704655783412,3.2967226013913042,3.2967053107742137,3.2966521293068016
3.2995265916138172,3.2995783113051185,3.299597181015411,3.299580755792867,3.2995265915139997
3.302436347435753,3.3024848168078433,3.302507055572349,3.302493939867856,3.302436347063069
3.305381456604382,3.305417552918157,3.305452284598288,3.3054516010431394,3.305381455212896
3.3083619809013176,3.3083516536621183,3.3084329288595082,3.3084787244935216,3.3083619757059237
3.3113779884572114,3.311194151969496,3.311449052684106,3.311668392365516,3.311377969059068
3.3098292889605316,3.3135979130745543,3.3145007375419127,3.3153678232253725,3.3098928049777223
