4.928668239504564,4.9287042725709505,4.928740305637636,4.928704272570952,4.928668239504564
4.928632206438176,4.928740306078107,4.928776339584684,4.928740306078106,4.928632206438176
4.9287403021197145,4.928848405718631,4.928884440544884,4.928848405718632,4.9287403021197145
4.928920463934437,4.929028574131819,4.929064611157599,4.929028574131818,4.928920463934437
4.929172696281005,4.929280815716624,4.929316855821857,4.929280815716624,4.929172696281005
4.929497005317803,4.929605136631827,4.929641180696579,4.929605136631828,4.929497005317803
4.929893398963208,4.930001544796306,4.930037593700817,4.930001544796305,4.929893398963208
4.9303618868959,4.93047004988937,4.930506104514089,4.93047004988937,4.9303618868959
4.930902480555318,4.931010663351188,4.9310467245768,4.931010663351188,4.930902480555318
4.931515193142141,4.931623398383271,4.93165946709075,4.931623398383271,4.931515193142141
4.932200039618777,4.932308269949014,4.932344347019644,4.932308269949015,4.932200039618777
4.932957036710129,4.933065294774373,4.933101381089805,4.933065294774376,4.932957036710129
4.933786202904214,4.933894491348559,4.933930587790832,4.9338944913485605,4.933786202904214
4.934687558452976,4.934795879924822,4.934831987376414,4.934795879924821,4.934687558452976
4.935661125373194,4.935769482521326,4.935805601865201,4.935769482521327,4.935661125373194
4.936706927447369,4.936815322922129,4.936851455041725,4.936815322922132,4.936706927447369
4.937824990224751,4.93793342667812,4.937969572457435,4.937933426678121,4.937824990224751
4.939015341022473,4.9391238211081525,4.939159981431793,4.939123821108156,4.939015341022473
4.9402780089266605,4.940386535300255,4.940422711053416,4.9403865353002585,4.9402780089266605
4.941613024793732,4.941721600112804,4.941757792181354,4.941721600112805,4.941613024793732
4.943020421251683,4.943129048175887,4.943165257446391,4.943129048175889,4.943020421251683
4.944500232701465,4.944608913892688,4.944645141252448,4.944608913892689,4.944500232701465
4.94605249531853,4.9461612334409395,4.946197479778054,4.946161233440942,4.94605249531853
4.947677247054279,4.947786044774523,4.947822310977849,4.947786044774525,4.947677247054279
4.949374527637779,4.94948338762503,4.94951967458432,4.949483387625029,4.949374527637779
4.951144378577406,4.951253303503492,4.951289612109384,4.951253303503496,4.951144378577406
4.952986843162624,4.953095835702186,4.953132166846216,4.953095835702189,4.952986843162624
4.954901966465879,4.955011029296425,4.955047383871114,4.955011029296427,4.954901966465879
4.9568897953444795,4.95699893114652,4.957035310045391,4.956998931146524,4.9568897953444795
4.958950378442606,4.959059589899798,4.959095994017416,4.959059589899803,4.958950378442606
4.961083766193448,4.961193055992672,4.961229486224664,4.961193055992676,4.961083766193448
4.96329001082129,4.963399381652779,4.96343583889592,4.963399381652781,4.96329001082129
4.965569166343791,4.965678620901251,4.965715106053449,4.965678620901256,4.965569166343791
4.967921288574273,4.968030829555001,4.968067343515369,4.968030829555004,4.967921288574273
4.970346435124147,4.970456065229132,4.970492608898002,4.970456065229136,4.970346435124147
4.972844665405336,4.972954387339379,4.9729909616183825,4.972954387339383,4.972844665405336
4.97541604063284,4.975525857104699,4.975562462896742,4.975525857104703,4.97541604063284
4.978060623827382,4.978170537549828,4.978207175759204,4.978170537549833,4.978060623827382
4.980778479818053,4.980888493508046,4.980925165040417,4.980888493508051,4.980778479818053
4.983569675245123,4.983679791623907,4.983716497386359,4.98367979162391,4.983569675245123
4.9864342785629026,4.986544500356103,4.986581241257198,4.986544500356105,4.9864342785629026
4.989372360042637,4.989482689980419,4.989519466930218,4.989482689980424,4.989372360042637
4.992383991775591,4.99249443259273,4.992531246502848,4.992494432592733,4.992383991775591
4.9954692476760325,4.9955798021120765,4.995616653895702,4.99557980211208,4.9954692476760325
4.9986282034845,4.998738874283857,4.998775764855804,4.99873887428386,4.9986282034845
5.001860936770986,5.001971726683039,5.002008656959798,5.001971726683042,5.001860936770986
5.005167526938289,5.005278438717553,5.005315409617292,5.005278438717558,5.005167526938289
5.008548055225408,5.008659091631616,5.008696104074263,5.00865909163162,5.008548055225408
5.012002604711035,5.0121137685092565,5.012150823416511,5.012113768509258,5.012002604711035
5.015531260317113,5.015642554277868,5.015679652573268,5.015642554277874,5.015531260317113
5.019134108812442,5.019245535711873,5.019282678320784,5.0192455357118755,5.019134108812442
5.022811238816493,5.022922801436412,5.022959989286135,5.022922801436416,5.022811238816493
5.026562740803104,5.026674441931157,5.026711675950919,5.02667444193116,5.026562740803104
5.030388707104434,5.030500549534215,5.030537830655218,5.03050054953422,5.030388707104434
5.034289231914905,5.034401218446051,5.034438547601531,5.034401218446056,5.034289231914905
5.038264411295202,5.038376544733552,5.038413922858812,5.038376544733556,5.038264411295202
5.042314343176467,5.042426626334175,5.042464054366598,5.042426626334178,5.042314343176467
5.046439127364466,5.0465515630601,5.046589041939219,5.046551563060104,5.046439127364466
5.050638865543855,5.050751456602535,5.050788987270083,5.050751456602539,5.050638865543855
5.054913661282601,5.055026410536116,5.055063993936035,5.055026410536121,5.054913661282601
5.059263620036369,5.059376530323321,5.059414167401822,5.059376530323325,5.059263620036369
5.063688849153107,5.063801923318996,5.063839615024588,5.063801923319001,5.063688849153107
5.068189457877603,5.068302698774982,5.068340446058523,5.0683026987749855,5.068189457877603
5.072765557356227,5.072878967844811,5.0729167716595684,5.072878967844815,5.072765557356227
5.077417260641681,5.077530843588476,5.077568704890132,5.077530843588479,5.077417260641681
5.082144682697872,5.082258440977294,5.0822963607239915,5.082258440977298,5.082144682697872
5.086947940404833,5.08706187689884,5.08709985605126,5.0870618768988445,5.086947940404833
5.091827152563777,5.091941270162003,5.091979309683358,5.091941270162005,5.091827152563777
5.096782439902193,5.096896741502045,5.096934842358152,5.096896741502046,5.096782439902193
5.1018139250790355,5.101928413585839,5.101966576745161,5.101928413585844,5.1018139250790355
5.106921732689999,5.107036411017133,5.107074637450802,5.107036411017138,5.106921732689999
5.1121059892729,5.112220860341903,5.112259151023787,5.11222086034191,5.1121059892729
5.117366823313095,5.117481890053807,5.117520245960528,5.117481890053818,5.117366823313095
5.1227043652490245,5.122819630599708,5.122858052710721,5.122819630599739,5.1227043652490245
5.12811874747785,5.128234214385284,5.1282727036829,5.128234214385396,5.12811874747785
5.133610104361111,5.133725775780691,5.133764333250203,5.133725775781105,5.133610104361111
5.139178572230553,5.139294451126186,5.139333077756113,5.139294451127712,5.139178572230553
5.144824289393978,5.144940378737388,5.144979075520364,5.144940378743078,5.144824289393978
5.150547396141215,5.150663698909044,5.150702466844869,5.15066369893027,5.1505473961412145
5.156348034750165,5.156464553912714,5.156503394019803,5.156464553991935,5.156348034750161
5.162226349492925,5.162343087971853,5.162382001329705,5.162343088267514,5.16222634949291
5.168182486641967,5.168299447152069,5.16833843505965,5.168299448255501,5.168182486641912
5.174216594476227,5.174333778934819,5.174372843501334,5.174333783052943,5.174216594476022
5.180328823286048,5.180446230609656,5.180485376957919,5.180446245978925,5.180328823285282
5.186519325371205,5.186636943259842,5.186676187741771,5.186637000619564,5.186519325368345
5.19278825499733,5.192906029316747,5.19294543012975,5.1929062433892215,5.192788254986651
5.1991357681081265,5.199253488880069,5.199293260071277,5.199254287820927,5.199135768068252
5.20556202060702,5.205678898024146,5.20571983345435,5.205681879754968,5.205562020458124
5.2120671582765565,5.212180249155153,5.212225295967012,5.212191377286477,5.212067157720576
5.2186512578686575,5.218749644352904,5.218809723972069,5.218791175703359,5.218651255792601
5.225313983260961,5.225357346415746,5.2254727798650045,5.225512345762292,5.225313975508821
5.221952415560872,5.231892978184123,5.232211703309923,5.232471451971991,5.221973173483794
