3.6230390639478327,3.623060039399965,3.6230810148520805,3.6230600393999666,3.6230390639478336
3.6230180884957006,3.6230810150757624,3.6231019907516,3.623081015075763,3.6230180884957006
3.6230810130622353,3.623143941655788,3.623164918002798,3.623143941655789,3.6230810130622353
3.6231858885329222,3.62324882048236,3.623269797948019,3.6232488204823596,3.6231858885329222
3.6233327171448706,3.6233956537927297,3.623416632824539,3.623395653792729,3.6233327171448706
3.623521502030173,3.623584444719149,3.6236054257646897,3.6235844447191496,3.623521502030173
3.623752247215988,3.6238151972890043,3.6238361807959216,3.6238151972890043,3.623752247215988
3.6240249576246995,3.624087916424962,3.6241089028409985,3.624087916424962,3.6240249576246995
3.6243396390741136,3.624402607945151,3.624423597718156,3.624402607945151,3.6243396390741136
3.6246962982776685,3.624759278563379,3.624780272141325,3.624759278563379,3.6246962982776685
3.6250949428446577,3.6251579358893773,3.625178933720373,3.625157935889377,3.6250949428446577
3.6255355812805727,3.6255985884291038,3.625619590961432,3.625598588429105,3.6255355812805727
3.6260182229873643,3.62608124558504,3.62610225326715,3.6260812455850417,3.6260182229873643
3.626542878263822,3.626605917656555,3.626626930937082,3.626605917656554,3.626542878263822
3.627109558305947,3.6271726158402693,3.6271936351680707,3.6271726158402706,3.627109558305947
3.627718275207396,3.627781352230519,3.6278023780546707,3.6277813522305213,3.627718275207396
3.6283690419598806,3.628432139819751,3.628453172589564,3.6284321398197528,3.6283690419598806
3.6290618724537036,3.6291249924990385,3.6291460326641043,3.6291249924990407,3.6290618724537036
3.629796781478258,3.629859925058599,3.629880973068768,3.6298599250586014,3.629796781478258
3.630573784722571,3.6306369531883544,3.6306580094937653,3.6306369531883553,3.630573784722571
3.631392898775902,3.631456093478475,3.6314771585295973,3.631456093478476,3.631392898775902
3.6322541411283598,3.6323173634200576,3.632338437667671,3.6323173634200585,3.6322541411283598
3.633157530171548,3.6332207814057393,3.633241865300971,3.633220781405742,3.633157530171548
3.634103085199261,3.634166366730391,3.634187460724725,3.6341663667303923,3.634103085199261
3.6350908264081987,3.6351541395918474,3.6351752441371494,3.6351541395918465,3.6350908264081987
3.6361207748987305,3.636184121091652,3.636205236640184,3.6361841210916537,3.6361207748987305
3.6371929526756612,3.637256333235852,3.6372774602402833,3.6372563332358543,3.6371929526756612
3.6383073826490855,3.6383707989358194,3.6383919378492466,3.638370798935822,3.6383073826490855
3.639464088635212,3.6395275420090987,3.6395486932850662,3.6395275420091013,3.639464088635212
3.64066309535727,3.640726587180307,3.6407477512728192,3.6407265871803096,3.64066309535727
3.641904428446434,3.6419679600820505,3.6419891374455853,3.6419679600820536,3.641904428446434
3.643188114442768,3.643251687255888,3.6432728783454276,3.6432516872558907,3.643188114442768
3.6445141807962287,3.6445777961533055,3.6445990014243486,3.6445777961533086,3.6445141807962287
3.6458826558676933,3.6459463151367824,3.6459675350453384,3.6459463151367855,3.6458826558676933
3.6472935689300114,3.647357273480797,3.6473785084834422,3.6473572734808006,3.6472935689300114
3.6487469501690994,3.648810701372967,3.648831951926831,3.6488107013729696,3.6487469501690994
3.650242830685078,3.650306629915148,3.6503278964779433,3.6503066299151508,3.650242830685078
3.6517812424934184,3.651845091124608,3.651866374154657,3.651845091124611,3.6517812424934184
3.6533622185261425,3.6534261179352288,3.6534474178914444,3.653426117935232,3.6533622185261425
3.6549857926330858,3.655049744198724,3.6550710615406814,3.6550497441987266,3.6549857926330858
3.6566519995831017,3.6567160046859164,3.656737339873811,3.6567160046859186,3.6566519995831017
3.6583608750654286,3.658424935088027,3.658446288582752,3.6584249350880307,3.6583608750654286
3.660112455690969,3.6601765720180284,3.660197944281141,3.6601765720180315,3.660112455690969
3.6619067789936866,3.6619709530119833,3.661992344505745,3.6619709530119864,3.6619067789936866
3.6637438834320095,3.663808116530476,3.6638295277178736,3.663808116530478,3.6637438834320095
3.6656238083902655,3.665688101960041,3.665709533304799,3.6656881019600442,3.6656238083902655
3.6675465941801497,3.6676109496146467,3.6676324015812343,3.6676109496146494,3.6675465941801497
3.6695122820422266,3.6695767007371667,3.6695981737908308,3.66957670073717,3.6695122820422266
3.6715209141475107,3.6715853975009773,3.671606892107751,3.67158539750098,3.6715209141475107
3.6735725335989855,3.673637083011491,3.673658599638218,3.673637083011494,3.6735725335989855
3.675667184433271,3.675731801307792,3.6757533404221405,3.6757318013077955,3.675667184433271
3.6778049116222293,3.6778695973642774,3.6778911594347514,3.6778695973642805,3.6778049116222293
3.67998576107469,3.6800505170923405,3.6800721025883103,3.680050517092343,3.67998576107469
3.6822097796381277,3.6822746073420984,3.682296216733803,3.682274607342101,3.6822097796381277
3.684477015100434,3.6845419159041244,3.684563549662705,3.684541915904127,3.684477015100434
3.6867875161917216,3.6868524915112655,3.686874150108777,3.686852491511268,3.6867875161917216
3.689141332586124,3.6892063838404483,3.689228067749871,3.689206383840452,3.689141332586124
3.691538514903662,3.6916036435145414,3.6916253532098042,3.691603643514544,3.691538514903662
3.6939791147121563,3.6940443221042587,3.694066058060257,3.694044322104262,3.6939791147121563
3.696463184529146,3.6965284721300935,3.6965502348227046,3.696528472130096,3.696463184529146
3.6989907778238487,3.6990561470642676,3.6990779369703772,3.6990561470642693,3.6989907778238487
3.7015619490191836,3.7016274013327606,3.7016492189302714,3.7016274013327632,3.7015619490191836
3.7041767534937895,3.70424229031733,3.7042641360851754,3.7042422903173318,3.7041767534937895
3.7068352475841286,3.7069008703575976,3.7069227447757815,3.7069008703576003,3.7068352475841286
3.709537488586571,3.709603198753163,3.7096251023027524,3.7096031987531655,3.709537488586571
3.7122835347595546,3.7123493337657405,3.7123712669288955,3.712349333765743,3.7122835347595546
3.715073445325776,3.7151393346213535,3.715161297881352,3.715139334621356,3.715073445325776
3.717907280474394,3.7179732615125585,3.717995255353801,3.717973261512561,3.717907280474394
3.7207851013633157,3.7208511756006937,3.72087320050873,3.720851175600696,3.7207851013633157
3.7237069701214587,3.7237731390181796,3.723795195479729,3.723773139018183,3.7237069701214587
3.7266729498511064,3.726739214870857,3.7267613033738125,3.7267392148708605,3.7266729498511064
3.7296831046302708,3.729749467240339,3.729771588273806,3.729749467240345,3.7296831046302708
3.7327374995150917,3.732803961186426,3.7328261152407323,3.732803961186433,3.7327374995150917
3.7358362005422787,3.735902762749553,3.735924950316265,3.7359027627495722,3.7358362005422787
3.7389792747315997,3.7390459389532484,3.739068160525209,3.7390459389533133,3.7389792747315997
3.7421667900883984,3.742233557806638,3.74225581387801,3.742233557806874,3.7421667900883984
3.7453988156061353,3.745465688306908,3.7454879793733187,3.745465688307782,3.745398815606135
3.7486754212689974,3.7487424004415435,3.74876472700058,3.748742400444798,3.748675421268997
3.7519966780545118,3.752063765189702,3.7520861277426603,3.7520637652018407,3.751996678054511
3.7553626579362307,3.7554298545200995,3.7554522535785178,3.755429854565398,3.7553626579362285
3.75877343388643,3.758840741375954,3.7588631774859214,3.7588407415450096,3.7587734338864225
3.762229079878885,3.7622964996113737,3.762318973444199,3.762296500242298,3.762229079878858
3.7657296708918313,3.7657972037464598,3.7658197164372145,3.7657972061011282,3.765729670891729
3.7692752829117255,3.7693429280454347,3.7693654824570615,3.769342936833282,3.7692752829113436
3.772865992941631,3.7729337430664933,3.772956348512323,3.772933775863602,3.7728659929402055
3.7765018790358527,3.776569702766594,3.77659239266213,3.7765698251686004,3.7765018790305307
3.7801830204868807,3.7802507963019067,3.7802736942010076,3.7802512531181436,3.7801830204670086
3.783909498896201,3.783976767753156,3.7840003347218483,3.7839784726359667,3.7839094988220046
3.7876814043850806,3.7877464410926733,3.78777240429726,3.787752803881875,3.7876814041080467
3.791498871718024,3.7915551879352005,3.791590037492647,3.7915789344862305,3.7914988706836334
3.7953622906039635,3.7953854014374664,3.7954536232518974,3.79547402588677,3.7953622867417374
3.7934130729419833,3.799170503958813,3.7993650281907128,3.7995012590672195,3.7934249423552853
