3.611007644658584,3.611028556317383,3.611049467976315,3.6110285563173843,3.611007644658585
3.610986732999786,3.6110494681993357,3.6110703800810304,3.6110494681993357,3.610986732999786
3.6110494661946455,3.6111122033991396,3.611133115949162,3.611112203399141,3.6110494661946455
3.611154022707273,3.6112167632534193,3.6112376769173427,3.6112167632534184,3.611154022707273
3.6113004047653,3.6113631499899297,3.611384065213363,3.611363149989929,3.6113004047653
3.6114886154875148,3.6115513667276335,3.6115722839562556,3.6115513667276335,3.6114886154875148
3.611718658884008,3.61178141747684,3.611802337156398,3.611781417476839,3.611718658884008
3.611990539856275,3.6120533071393215,3.612074229715656,3.6120533071393224,3.611990539856275
3.612304264197431,3.6123670415085263,3.6123879674275847,3.6123670415085267,3.612304264197431
3.612659838592431,3.612722627269773,3.6127435569776307,3.612722627269773,3.612659838592431
3.6130572706182984,3.613120072000519,3.613141005943384,3.613120072000519,3.6130572706182984
3.613496568744428,3.6135593841706237,3.6135803227948724,3.6135593841706255,3.613496568744428
3.6139777423328865,3.614040573142683,3.614061516894863,3.6140405731426837,3.6139777423328865
3.6145008016387687,3.6145636491723687,3.6145845984992127,3.6145636491723674,3.6145008016387687
3.6150657578105805,3.6151286234088045,3.6151495787572694,3.615128623408806,3.6150657578105805
3.615672622890662,3.6157355078950064,3.6157564697122586,3.6157355078950086,3.615672622890662
3.616321409815615,3.6163843155683035,3.6164052843017602,3.6163843155683058,3.616321409815615
3.617012132416811,3.6170750602608446,3.6170960363581743,3.6170750602608472,3.617012132416811
3.617744805420899,3.617807756700097,3.6178287406092475,3.6178077567000995,3.617744805420899
3.6185194444503512,3.618582420509414,3.618603412678617,3.618582420509415,3.6185194444503512
3.6193360660240432,3.6193990682085886,3.6194200690864,3.6193990682085895,3.6193360660240432
3.6201946875578797,3.620257717214515,3.6202787272497963,3.6202577172145154,3.6201946875578797
3.6210953273654503,3.6211583858417895,3.621179405483765,3.6211583858417917,3.6210953273654503
3.622038004658694,3.6221010933034434,3.6221221230016765,3.622101093303444,3.622038004658694
3.6230227395486323,3.623085859711621,3.6231068999160616,3.6230858597116207,3.6230227395486323
3.624049553046119,3.6241127060783422,3.624133757239342,3.6241127060783445,3.624049553046119
3.6251184670626073,3.62518165431631,3.625202716884604,3.625181654316312,3.6251184670626073
3.626229504410999,3.6262927272396843,3.6263138016664556,3.6262927272396874,3.626229504410999
3.627382688806474,3.6274459485649886,3.6274670353018523,3.6274459485649917,3.627382688806474
3.6285780448673877,3.6286413429119446,3.6286624424109863,3.6286413429119477,3.6285780448673877
3.629815598116174,3.6298789358044234,3.629900048518195,3.629878935804426,3.629815598116174
3.6310953749803176,3.6311587536713943,3.631179880052942,3.631158753671397,3.6310953749803176
3.632417402793337,3.632480823847899,3.632501964350788,3.632480823847902,3.632417402793337
3.633781709795793,3.633845174576093,3.633866329654409,3.6338451745760962,3.633781709795793
3.635188325136364,3.6352518350062804,3.6352730051146565,3.635251835006282,3.635188325136364
3.636637278872921,3.63670083519802,3.6367220207916473,3.636700835198023,3.636637278872921
3.638128601973659,3.6381922061212384,3.6382134076558996,3.6381922061212415,3.638128601973659
3.6396623263182413,3.6397259796573977,3.639747197589448,3.639725979657401,3.6396623263182413
3.641238484699009,3.6413021886006725,3.6413234233871,3.6413021886006756,3.641238484699009
3.642857110822208,3.642920866659195,3.642942118757613,3.6429208666591975,3.642857110822208
3.6445182393092175,3.6445820484562903,3.6446033183249593,3.644582048456293,3.6445182393092175
3.6462219056978866,3.6462857695318016,3.6463070576296417,3.6462857695318047,3.6462219056978866
3.6479681464438394,3.6480320663433887,3.648053373130015,3.6480320663433923,3.6479681464438394
3.6497569989218257,3.6498209762679177,3.6498423022036253,3.6498209762679212,3.6497569989218257
3.651588501427165,3.6516525376028364,3.6516738831486495,3.651652537602839,3.651588501427165
3.6534626931771212,3.6535267895676244,3.653548155185298,3.6535267895676276,3.6534626931771212
3.6553796143124155,3.6554437723052504,3.655465158457286,3.6554437723052535,3.6553796143124155
3.6573393058987134,3.657403526883678,3.657424934033363,3.657403526883681,3.6573393058987134
3.65934180992814,3.659406095297406,3.6594275239087835,3.6594060952974092,3.65934180992814
3.661387169320896,3.661451520469026,3.6614729710069636,3.661451520469029,3.661387169320896
3.66347542792681,3.663539846250837,3.663561319181026,3.66353984625084,3.66347542792681
3.6656066305270265,3.6656711174265024,3.6656926132154553,3.6656711174265055,3.6656066305270265
3.6677808228356574,3.6678453797126953,3.6678668988277954,3.667845379712698,3.6677808228356574
3.669998051501502,3.6700626797608393,3.6700842226703365,3.6700626797608416,3.669998051501502
3.672258364109786,3.67232306515883,3.6723446323318667,3.672323065158833,3.672258364109786
3.6745618091839556,3.674626584432838,3.674648176339466,3.674626584432841,3.6745618091839556
3.6769084361874773,3.6769732870491176,3.6769949041603063,3.6769732870491207,3.6769084361874773
3.6792982955257116,3.6793632234158533,3.6793848662035287,3.6793632234158564,3.6792982955257116
3.681731438547785,3.6817964448850558,3.6818181138221076,3.6817964448850584,3.681731438547785
3.6842079175485183,3.6842730037544986,3.6842946993147816,3.6842730037545017,3.6842079175485183
3.686727785770389,3.686792953269639,3.686814675928014,3.6867929532696415,3.686727785770389
3.6892910974055284,3.6893563476256603,3.6893780978580115,3.689356347625663,3.6892910974055284
3.6918979075977427,3.6919632419694706,3.691985020252703,3.6919632419694732,3.6918979075977427
3.6945482724445946,3.6946136924017847,3.6946354992138626,3.694613692401788,3.6945482724445946
3.69724224899949,3.6973077559792227,3.6973295917991758,3.697307755979225,3.69724224899949
3.6999798952738288,3.7000454907164433,3.700067356024396,3.700045490716446,3.6999798952738288
3.7027612702391868,3.7028269555883413,3.7028488508655153,3.702826955588345,3.7027612702391868
3.705586433829497,3.705652210532229,3.705674136260973,3.7056522105322314,3.705586433829497
3.708455446943346,3.7085213164501085,3.7085432731139187,3.708521316450112,3.708455446943346
3.7113683714462153,3.7114343352109542,3.711456323294481,3.711434335210957,3.7113683714462153
3.7143252701728207,3.7143913296530195,3.714413349642101,3.7143913296530227,3.7143252701728207
3.717326206929485,3.717392363586215,3.7174144159678786,3.7173923635862223,3.717326206929485
3.720371246496502,3.720437501794483,3.7204595870569794,3.720437501794499,3.720371246496502
3.7234604546305947,3.7235268100382375,3.723548928671067,3.723526810038289,3.7234604546305947
3.726593898067371,3.7266603550568127,3.726682507550757,3.726660355057004,3.726593898067371
3.729771644523836,3.7298382045708918,3.7298603914181485,3.7298382045715988,3.729771644523836
3.7329937627009375,3.7330604272847783,3.7330826489793516,3.733060427287413,3.732993762700937
3.7362603222861437,3.7363270928879353,3.736349349927069,3.736327092897768,3.7362603222861432
3.7395713939560573,3.7396382720537593,3.739660564943219,3.7396382720904535,3.739571393956056
3.7429270493790896,3.742994036427832,3.743016365701601,3.7429940365647787,3.742927049379084
3.7463273612181442,3.7463944585768827,3.7464168248705776,3.7463944590879827,3.746327361218122
3.749772403133394,3.7498396117909794,3.7498620161158516,3.749839613698452,3.7497724031333113
3.753262249785265,3.7533295693377933,3.7533520141034,3.7533295764566708,3.753262249784956
3.756796976838344,3.7568644016715393,3.7568868945032796,3.7568644282398806,3.7567969768371916
3.7603766609705223,3.7604441660067454,3.7604667339983067,3.7604442651623864,3.7603766609662195
3.7640013799114342,3.7640688673866225,3.7640916103208104,3.7640692374451428,3.764001379895368
3.7676712126493266,3.7677383133075018,3.767761602453176,3.767739694402011,3.7676712125893386
3.771386240609197,3.7714515707408984,3.771476791782375,3.7714567251204,3.771386240385215
3.7751465544561342,3.7752049372645238,3.775237268815026,3.775224173912001,3.7751465536198325
3.7789522935493536,3.7789843550460405,3.779043172301206,3.77905614809275,3.7789522904267687
3.782803875195305,3.7827370170690866,3.7828949172510087,3.7830049557310272,3.782803863536133
3.7808485941174124,3.7862649207839993,3.7867945239027216,3.787264894044222,3.780884478981325
