4.3270655362134045,4.327094281398053,4.327123026582502,4.327094281398055,4.327065536213405
4.327036791028756,4.327123026913883,4.327151772430117,4.327123026913883,4.327036791028756
4.3271230239273555,4.327209262798598,4.327238009310226,4.3272092627986,4.3271230239273555
4.327266747194725,4.327352991042944,4.327381739213592,4.327352991042943,4.327266747194725
4.327467964148605,4.327554214964875,4.327582965458224,4.3275542149648745,4.327467964148605
4.327726679434065,4.327812939209728,4.3278416926895895,4.327812939209728,4.327726679434065
4.328042899023626,4.328129169750382,4.328157926880664,4.328129169750381,4.328042899023626
4.328416630217532,4.328502913887544,4.328531675332293,4.328502913887544,4.328416630217532
4.3288478816440366,4.32893418024996,4.328962946673424,4.328934180249959,4.3288478816440366
4.32933666325974,4.329422978794865,4.329451750861458,4.329422978794864,4.32933666325974
4.329882986350019,4.329969320808296,4.3299980991827,4.329969320808296,4.329882986350019
4.330486863529463,4.330573218905608,4.330602004252734,4.3305732189056085,4.330486863529463
4.331148308742385,4.331234687031972,4.331263480017014,4.331234687031973,4.331148308742385
4.331867337263374,4.331953740462894,4.33198254175136,4.331953740462893,4.331867337263374
4.332643965697937,4.332730395804883,4.3327592060626126,4.3327303958048855,4.332643965697937
4.333478211983161,4.333564670996125,4.333593490889322,4.333564670996128,4.333478211983161
4.3343700953884206,4.334456585307149,4.334485415502402,4.3344565853071515,4.3343700953884206
4.335319636516171,4.335406159341659,4.335435000505973,4.3354061593416615,4.335319636516171
4.336326857302776,4.336413415037347,4.336442267838189,4.336413415037351,4.336326857302776
4.3373917810193845,4.337478375666785,4.337507240772065,4.3374783756667865,4.3373917810193845
4.338514432272908,4.338601065838362,4.338629943916498,4.338601065838364,4.338514432272908
4.339694837006957,4.339781511497259,4.3398104032172,4.339781511497258,4.339694837006957
4.340933022502936,4.34101973992654,4.341048645957769,4.341019739926542,4.340933022502936
4.342229017381114,4.342315779748197,4.34234470076079,4.342315779748199,4.342229017381114
4.343582851601785,4.343669660924362,4.343698597588995,4.343669660924361,4.343582851601785
4.344994556466525,4.345081414758477,4.345110367746458,4.345081414758479,4.344994556466525
4.346464164619366,4.346551073896579,4.346580043879862,4.346551073896582,4.346464164619366
4.347991710048205,4.348078672328604,4.348107659979864,4.348078672328606,4.347991710048205
4.349577228086116,4.349664245389788,4.349693251382384,4.349664245389791,4.349577228086116
4.351220755412821,4.351307829762048,4.351336854770097,4.351307829762051,4.351220755412821
4.352922330056124,4.353009463475516,4.353038508173883,4.35300946347552,4.352922330056124
4.354681991393479,4.354769185910025,4.354798250974392,4.35476918591003,4.354681991393479
4.356499780153577,4.356587037796755,4.356616123903598,4.356587037796758,4.356499780153577
4.358375738418012,4.358463061219813,4.358492169046487,4.358463061219816,4.358375738418012
4.360309909622928,4.3603972996179925,4.3604264298427395,4.360397299617995,4.360309909622928
4.362302338560836,4.362389797786531,4.362418951088463,4.362389797786536,4.362302338560836
4.36435307138237,4.364440601878855,4.364469778938033,4.364440601878858,4.36435307138237
4.366462155598187,4.3665497594084925,4.3665789609059456,4.366549759408496,4.366462155598187
4.368629640080873,4.368717319251013,4.368746545868749,4.368717319251019,4.368629640080873
4.370855575066941,4.370943331645958,4.370972584066999,4.370943331645962,4.370855575066941
4.373140012158816,4.373227848198898,4.373257127107313,4.3732278481989,4.373140012158816
4.375483004326988,4.375570921883523,4.375600227964456,4.375570921883527,4.375483004326988
4.3778846059120795,4.3779726070437635,4.378001940983446,4.377972607043766,4.3778846059120795
4.38034487262711,4.380432959396011,4.380462321881823,4.380432959396015,4.38034487262711
4.382863861559696,4.3829520360313525,4.382981427751811,4.382952036031357,4.382863861559696
4.385441631174413,4.385529895417906,4.385559317062715,4.385529895417909,4.385441631174413
4.388078241315111,4.388166597403156,4.3881960496632235,4.38816659740316,4.388078241315111
4.390773753207357,4.390862203216391,4.390891686783877,4.390862203216393,4.390773753207357
4.393528229460917,4.393616775471177,4.393646291039514,4.39361677547118,4.393528229460917
4.396341734072308,4.3964303781679135,4.3964599264318025,4.396430378167917,4.396341734072308
4.3992143324273325,4.399303076696374,4.399332658351858,4.399303076696378,4.3992143324273325
4.402146091303784,4.4022349378384105,4.402264553582883,4.402234937838414,4.402146091303784
4.4051370788741195,4.405226029770623,4.405255680302856,4.405226029770627,4.4051370788741195
4.408187364708212,4.408276422067109,4.408306108087287,4.408276422067112,4.408187364708212
4.4112970197762165,4.411386185702322,4.411415907912068,4.411386185702327,4.4112970197762165
4.4144661164513685,4.414555393053928,4.41458515215631,4.414555393053932,4.4144661164513685
4.417694728513008,4.417784117905718,4.4178139146053255,4.417784117905721,4.417694728513008
4.4209829311494655,4.421072435450613,4.421102270453554,4.4210724354506175,4.4209829311494655
4.424330800961221,4.4244204222937356,4.424450296307662,4.424420422293739,4.424330800961221
4.427738415963887,4.427828156455456,4.427858070189606,4.427828156455459,4.427738415963887
4.431205855591485,4.431295717374623,4.431325671539836,4.431295717374627,4.431205855591485
4.434733200699585,4.434823185911726,4.434853181220497,4.434823185911729,4.434733200699585
4.438320533568636,4.438410644352211,4.438440681518687,4.438410644352214,4.438320533568636
4.441967937907259,4.442058176409792,4.442088256149839,4.4420581764097955,4.441967937907259
4.445675498855679,4.445765867229888,4.445795990261072,4.445765867229892,4.445675498855679
4.449443302989154,4.449533803393006,4.449563970434667,4.4495338033930105,4.449443302989154
4.4532714383214875,4.453362072918329,4.453392284691597,4.453362072918333,4.4532714383214875
4.4571599943086255,4.457250765267242,4.457281022495046,4.457250765267244,4.4571599943086255
4.461109061852272,4.461199971346976,4.461230274754102,4.4611999713469785,4.461109061852272
4.465118733303558,4.4652097835143,4.465240133827404,4.465209783514303,4.465118733303558
4.469189102466833,4.469280295579266,4.469310693526916,4.469280295579272,4.469189102466833
4.473320264603445,4.473411602809035,4.473442049121728,4.473411602809045,4.473320264603445
4.477512316435612,4.477603801931711,4.477634297341912,4.477603801931732,4.477512316435612
4.481765356150365,4.481856991140295,4.481887536382477,4.481856991140364,4.481765356150365
4.48607948340352,4.486171270096628,4.486201865907349,4.486171270096884,4.48607948340352
4.490454799323736,4.490546739935352,4.490577387053404,4.490546739936307,4.490454799323736
4.494891406516638,4.494983503267659,4.495014202434609,4.494983503271207,4.494891406516638
4.49938940906897,4.4994816641840325,4.499512416146178,4.4994816641972735,4.49938940906897
4.503948912552829,4.5040413282533365,4.504072133768797,4.504041328302746,4.5039489125528265
4.508570024029968,4.508662602507702,4.508693462372919,4.508662602692098,4.508570024029959
4.513252852056087,4.513345595374596,4.5133765105230825,4.513345596062785,4.513252852056054
4.517997506684998,4.518090416411516,4.518121388282034,4.518090418979906,4.517997506684877
4.522804099471571,4.522897175304437,4.522928207213636,4.522897184889933,4.52280409947112
4.527672743467173,4.527765978121042,4.527797080378136,4.527766013895081,4.527672743465488
4.53260355317096,4.532696913334436,4.532728122282789,4.5326970468467715,4.532603553164669
4.537596644222273,4.537689999762956,4.537721448571811,4.537690498044554,4.537596644198785
4.542652131580366,4.542744992923315,4.542777174196953,4.542746852560846,4.542652131492663
4.547770118872678,4.5478606661529986,4.547895402731836,4.547867606509227,4.547770118545207
4.552950636216765,4.553032150084172,4.5530761640681625,4.553058052199026,4.552950634994017
4.558193277525398,4.558241133898764,4.558319051257622,4.558337803224696,4.558193272959737
4.563495085527135,4.563420056727875,4.563621103838868,4.5637808364824055,4.563495068479146
4.560805100517721,4.568322903646738,4.568964470887577,4.569669370386918,4.560853418133358
