4.939281041735622,4.939316988103623,4.939352934471081,4.939316988103625,4.939281041735623
4.939245095367621,4.939352934908751,4.9393888817150025,4.939352934908751,4.939245095367621
4.939352930958466,4.939460774448769,4.9394967225714295,4.93946077444877,4.939352930958466
4.939532659284025,4.939640509356443,4.939676459673173,4.939640509356442,4.939532659284025
4.939784284732051,4.939892144019823,4.939928097408378,4.939892144019823,4.939784284732051
4.940107813445672,4.940215684582415,4.940251641920679,4.940215684582415,4.940107813445672
4.940503253323661,4.940611138943493,4.940647101109527,4.940611138943493,4.940503253323661
4.940970614020712,4.941078516758386,4.9411144846304484,4.941078516758386,4.940970614020712
4.941509906947909,4.941617829438897,4.941653803895489,4.941617829438898,4.941509906947909
4.9421211452731955,4.942229090153813,4.942265072073733,4.942229090153812,4.9421211452731955
4.942804343921922,4.942912313829451,4.942948304091779,4.94291231382945,4.942804343921922
4.943559519577522,4.943667517150292,4.943703516634507,4.943667517150294,4.943559519577522
4.944386690682175,4.944494718559715,4.944530728145665,4.944494718559716,4.944386690682175
4.9452858774376125,4.945393938260738,4.945429958828694,4.945393938260736,4.9452858774376125
4.9462571018059975,4.946365198216925,4.946401230647648,4.946365198216928,4.9462571018059975
4.947300387510861,4.947408522153327,4.947444567328087,4.94740852215333,4.947300387510861
4.948415760038066,4.948523935557448,4.948559994358038,4.948523935557451,4.948415760038066
4.94960324663696,4.949711465680367,4.949747538989173,4.94971146568037,4.94960324663696
4.950862876321491,4.950971141537899,4.951007230237927,4.950971141537902,4.950862876321491
4.952194679871482,4.952302993911836,4.95233909888674,4.952302993911836,4.952194679871482
4.953598689833894,4.953707055351225,4.953743177485362,4.9537070553512255,4.953598689833894
4.955074940524284,4.955183360173803,4.955219500352267,4.9551833601738045,4.955074940524284
4.956623468028206,4.9567319444674585,4.956768103576106,4.956731944467462,4.956623468028206
4.958244310202785,4.958352846091734,4.95838902501723,4.958352846091735,4.958244310202785
4.959937506678341,4.960046104679482,4.9600823043093225,4.960046104679481,4.959937506678341
4.96170309886005,4.961811761638532,4.961847982861137,4.9618117616385335,4.96170309886005
4.963541129929733,4.963649860153474,4.963686103858147,4.963649860153477,4.963541129929733
4.965451644847695,4.965560445187486,4.9655967122645075,4.965560445187488,4.965451644847695
4.967434690354639,4.967543563484274,4.967579854824929,4.967543563484278,4.967434690354639
4.969490314973684,4.969599263570066,4.969635580066656,4.969599263570069,4.969490314973684
4.971618569012407,4.971727595755652,4.971763938301572,4.971727595755657,4.971618569012407
4.973819504565009,4.973928612138567,4.973964981628311,4.973928612138573,4.973819504565009
4.976093175514515,4.976202366605322,4.976238763934541,4.976202366605325,4.976093175514515
4.978439637535149,4.978548914833674,4.9785853408991985,4.978548914833676,4.978439637535149
4.980858948094612,4.980968314295014,4.981004769994926,4.980968314295017,4.980858948094612
4.9833511664566155,4.983460624256852,4.983497110490492,4.983460624256857,4.9833511664566155
4.9859163536833595,4.986025905785326,4.986062423453313,4.986025905785331,4.9859163536833595
4.988554572638184,4.988664221747776,4.988700771752101,4.98866422174778,4.988554572638184
4.991265887988248,4.991375636815516,4.991412220059546,4.991375636815521,4.991265887988248
4.994050366207246,4.994160217466526,4.994196834855032,4.99416021746653,4.994050366207246
4.996908075578339,4.997018031988303,4.99705468442754,4.997018031988307,4.996908075578339
4.999839086196967,4.999949150480815,4.999985838878525,4.999949150480821,4.999839086196967
5.002843469973941,5.002953644859472,5.002990370124939,5.002953644859476,5.002843469973941
5.0059213006384615,5.006031588858203,5.006068351902283,5.0060315888582085,5.0059213006384615
5.0090726537412715,5.0091830580326135,5.009219859767778,5.009183058032619,5.0090726537412715
5.012297606657929,5.012408129763207,5.012444971103585,5.012408129763212,5.012297606657929
5.015596238592084,5.015706883258732,5.015743765120137,5.015706883258736,5.015596238592084
5.018968630578867,5.019079399559504,5.019116322859508,5.019079399559508,5.018968630578867
5.022414865488356,5.02252576154094,5.02256272719885,5.022525761540945,5.022414865488356
5.025935028029144,5.026046053917051,5.026083062854028,5.026046053917056,5.025935028029144
5.029529204751941,5.02964036324412,5.029677416383146,5.029640363244123,5.029529204751941
5.03319748405328,5.0333087779243435,5.033345876190316,5.033308777924349,5.03319748405328
5.036939956179319,5.037051388209686,5.037088532529415,5.03705138820969,5.036939956179319
5.040756713229676,5.04086828620568,5.0409054775079545,5.0408682862056855,5.040756713229676
5.044647849161422,5.044759565875417,5.044796805091043,5.04475956587542,5.044647849161422
5.048613459793023,5.0487253230435405,5.048762611105364,5.048725323043545,5.048613459793023
5.0526536428085285,5.052765655400371,5.05280299324335,5.052765655400375,5.0526536428085285
5.056768497761715,5.0568806625060745,5.05691805106728,5.056880662506078,5.056768497761715
5.060958126080342,5.061070445794936,5.061107886013629,5.061070445794941,5.060958126080342
5.065222631070522,5.065335108579713,5.065372601397356,5.065335108579718,5.065222631070522
5.069562117921138,5.069674756056045,5.069712302416363,5.069674756056048,5.069562117921138
5.073976693708355,5.074089495306993,5.074127096155996,5.074089495306996,5.073976693708355
5.078466467400195,5.078579435307586,5.078617091593626,5.078579435307591,5.078466467400195
5.083031549861248,5.083144686929533,5.083182399603346,5.0831446869295345,5.083031549861248
5.087672053857367,5.087785362945963,5.087823132960693,5.087785362945967,5.087672053857367
5.092388094060565,5.092501578036259,5.092539406347529,5.092501578036261,5.092388094060565
5.097179787053915,5.097293448790989,5.097331336356906,5.097293448790993,5.097179787053915
5.102047251336505,5.102161093716896,5.102199041498109,5.1021610937169,5.102047251336505
5.106990607328622,5.107104633241986,5.107142642201736,5.107104633241989,5.106990607328622
5.1120099773768,5.112124189720709,5.112162260824866,5.1121241897207135,5.1120099773768
5.1171054857591916,5.117219887439203,5.117258021656293,5.117219887439207,5.1171054857591916
5.122277258690827,5.122391852620634,5.1224300509219045,5.12239185262064,5.122277258690827
5.127525424329054,5.127640213430605,5.127678476790056,5.127640213430613,5.127525424329054
5.132850112779056,5.132965099982683,5.133003429377118,5.1329650999827034,5.132850112779056
5.138251456099424,5.138366644343968,5.138405040753031,5.13836664434403,5.138251456099424
5.1437295883078455,5.143844980540743,5.143883444947006,5.143844980540966,5.1437295883078455
5.1492846453868735,5.14940024456416,5.149438777953285,5.149400244564997,5.1492846453868735
5.154916765289739,5.1550325743757535,5.155071177736973,5.155032574378871,5.154916765289739
5.160626087946328,5.160742109912146,5.160780784239988,5.1607421099237785,5.160626087946327
5.166412755269147,5.166528993086534,5.166567739387054,5.166528993129945,5.166412755269145
5.172276911159405,5.17239336777778,5.172432187091765,5.1723933679398,5.172276911159397
5.178218701512847,5.178335379773439,5.178374273262419,5.178335380378106,5.178218701512817
5.184238274224117,5.1843551765407145,5.184394145806373,5.184355178797395,5.184238274224004
5.1903357791817175,5.190452906358934,5.190491954624963,5.190452914781099,5.190335779181297
5.196511368208127,5.196628715088354,5.196667851553454,5.196628746520756,5.196511368206559
5.2027651946790945,5.20288273423291,5.20292198997974,5.202882851541915,5.202765194673238
5.209097411272174,5.209215037184456,5.209254522590689,5.2092154749939334,5.209097411250306
5.215508156807128,5.215625480642062,5.215665588204628,5.215627114592837,5.215508156725471
5.221997479495767,5.222113140372045,5.222155234992919,5.2221192384473225,5.221997479190858
5.228564889507031,5.2286743663574375,5.228722972947687,5.228697125012681,5.228564888368488
5.235206750829523,5.235296462602997,5.235365165427713,5.235381400287226,5.235206746578131
5.2318613511879795,5.241939567797322,5.242059825872955,5.242256564130384,5.231872726264585
