3.111598646031485,3.111614339117808,3.1116300322041015,3.1116143391178097,3.111598646031486
3.111582952945162,3.111630032359726,3.1116457256017145,3.111630032359726,3.111582952945162
3.111630030958399,3.111677111774229,3.1116928054833117,3.11167711177423,3.111630030958399
3.111708495144162,3.111755578295485,3.1117712727830744,3.1117555782954844,3.111708495144162
3.111818347059355,3.111865433480477,3.111881129058011,3.1118654334804763,3.111818347059355
3.111959588883722,3.1120066795090615,3.1120223764880173,3.1120066795090615,3.111959588883722
3.1121322234199034,3.1121793191840323,3.1121950178759326,3.1121793191840315,3.1121322234199034
3.1123362540935724,3.112383355931226,3.112399056647662,3.1123833559312266,3.1123362540935724
3.112571684953503,3.1126187937996397,3.1126344968522615,3.1126187937996397,3.112571684953503
3.1128385206717555,3.112885637461573,3.112901343162123,3.1128856374615728,3.1128385206717555
3.113136766543801,3.1131838922127733,3.113199600873078,3.1131838922127737,3.113136766543801
3.1134664284887417,3.1135135639726523,3.113529275904641,3.113513563972654,3.1134664284887417
3.1138275130494892,3.1138746592844617,3.1138903748001754,3.1138746592844626,3.1138275130494892
3.1142200273930043,3.114267185315535,3.114282904727145,3.114267185315534,3.1142200273930043
3.11464397931054,3.114691149857524,3.1147068734773384,3.1146911498575256,3.11464397931054
3.1150993772179127,3.115146561326694,3.11516228946716,3.115146561326696,3.1150993772179127
3.1155862301557957,3.1156334287641894,3.1156491617379145,3.1156334287641907,3.1155862301557957
3.1161045477900418,3.1161517618363552,3.1161674999561106,3.116151761836357,3.1161045477900418
3.1166543404119977,3.116701570835082,3.1167173144138283,3.1167015708350836,3.1166543404119977
3.1172356189388823,3.117282866678159,3.1172986160290312,3.11728286667816,3.1172356189388823
3.1178483949141547,3.117895660909639,3.117911416345984,3.1178956609096393,3.1178483949141547
3.118492680507912,3.1185399657002613,3.11855572753563,3.1185399657002617,3.118492680507912
3.1191684885173294,3.1192157938478546,3.11923156239604,3.119215793847857,3.1191684885173294
3.1198758323670783,3.1199231587778056,3.1199389343527986,3.119923158777806,3.1198758323670783
3.1206147261098147,3.1206620745434934,3.120677857459558,3.1206620745434934,3.1206147261098147
3.1213851844266545,3.121432555826799,3.1214483463984397,3.1214325558268006,3.1213851844266545
3.1221872226276877,3.12223461793861,3.1222504164806053,3.1222346179386116,3.1221872226276877
3.123020856652513,3.1230682768193607,3.1230840836467575,3.1230682768193625,3.123020856652513
3.12388610307079,3.1239335490395668,3.1239493644677063,3.123933549039569,3.12388610307079
3.1247829790828074,3.124830451800414,3.124846276144933,3.124830451800417,3.1247829790828074
3.125711502520082,3.125759002934351,3.125774836511201,3.1257590029343536,3.125711502520082
3.1266716918459916,3.1267192209057164,3.1267350640311635,3.126719220905719,3.1266716918459916
3.1276635661564036,3.1277111248113756,3.127726977802018,3.1277111248113774,3.1276635661564036
3.1286871451803355,3.1287347343813696,3.128750597554154,3.1287347343813723,3.1286871451803355
3.129742449280653,3.129790069979628,3.1298059436518453,3.1297900699796304,3.129742449280653
3.1308294994547645,3.130877152604656,3.1308930370939665,3.130877152604658,3.1308294994547645
3.131948317335363,3.131996003890263,3.13201189951471,3.1319960038902654,3.131948317335363
3.1330989251911645,3.1331466461063435,3.1331625531843486,3.1331466461063453,3.1330989251911645
3.134281345927691,3.1343291021596027,3.1343450210099864,3.134329102159604,3.134281345927691
3.1354956030880783,3.1355433955943997,3.135559326536393,3.1355433955944023,3.1354956030880783
3.136741720853851,3.1367895505935315,3.1368054939467864,3.1367895505935337,3.136741720853851
3.138019724045818,3.1380675919790857,3.1380835480636917,3.138067591979088,3.138019724045818
3.139329638124895,3.1393775452133217,3.139393514349797,3.1393775452133243,3.139329638124895
3.1406714891930063,3.1407194363995248,3.140735418908847,3.1407194363995274,3.1406714891930063
3.1420453039939993,3.1420932922829246,3.1421092884865387,3.142093292282927,3.1420453039939993
3.1434511099145577,3.143499140251637,3.1435151504714702,3.1434991402516395,3.1434511099145577
3.1448889349851576,3.144937008337606,3.1449530328960655,3.1449370083376085,3.1448889349851576
3.146358807881045,3.1464069252175784,3.146422964437559,3.1464069252175806,3.146358807881045
3.147860757923255,3.147908920214105,3.147924974419035,3.1479089202141077,3.147860757923255
3.149394815079581,3.149443023296552,3.149459092810367,3.149443023296555,3.149394815079581
3.1509610099656706,3.15100926508216,3.1510253502293333,3.1510092650821635,3.1509610099656706
3.152559373846048,3.152607676837092,3.152623777942632,3.1526076768370945,3.152559373846048
3.154189938635243,3.1542382904775383,3.1542544078670174,3.1542382904775406,3.154189938635243
3.15585273689886,3.155901138570806,3.15591727257036,3.155901138570808,3.15585273689886
3.157547801854737,3.1575962543364677,3.1576124052728125,3.1575962543364704,3.157547801854737
3.159275167374107,3.159323671647519,3.1593398398479624,3.1593236716475217,3.159275167374107
3.1610348679827474,3.16108342503155,3.1610996108239915,3.1610834250315527,3.1610348679827474
3.1628269388622097,3.162875549671946,3.1628917533849092,3.1628755496719485,3.1628269388622097
3.1646514158510395,3.164700081409122,3.164716303371746,3.164700081409124,3.1646514158510395
3.166508335446014,3.166557056741763,3.1665732972838274,3.166557056741765,3.166508335446014
3.1683977348034245,3.1684465128281047,3.1684627722800296,3.168446512828107,3.1683977348034245
3.170319651740359,3.1703684874872096,3.170384766180084,3.1703684874872113,3.170319651740359
3.1722741247360253,3.1723230192003,3.172339317465877,3.1723230192003022,3.1722741247360253
3.174261192933109,3.174310147112103,3.1743264652828165,3.1743101471121054,3.174261192933109
3.1762808961391067,3.1763299110321968,3.1763462494411776,3.1763299110322,3.1762808961391067
3.178333274827726,3.1783823514364107,3.1783987104174893,3.1783823514364125,3.178333274827726
3.180418370140314,3.1804675094682304,3.1804838893559686,3.180467509468233,3.180418370140314
3.182536223887254,3.1825854269402423,3.1826018280699135,3.1825854269402445,3.182536223887254
3.1846868785494613,3.1847361463355757,3.18475256904321,3.184736146335577,3.1846868785494613
3.186870377279848,3.186919710809397,3.1869361554317663,3.1869197108094007,3.186870377279848
3.1890867639048177,3.189136164190411,3.1891526310650518,3.189136164190414,3.1890867639048177
3.1913360829258144,3.1913855509823916,3.191402040447618,3.1913855509823956,3.1913360829258144
3.193618379520869,3.193667916365721,3.193684428760642,3.1936679163657247,3.193618379520869
3.1959336995461562,3.1959833061989897,3.195999841863512,3.1959833061989977,3.1959336995461562
3.1982820895376323,3.1983317670205764,3.1983483262954184,3.1983317670205973,3.1982820895376323
3.20066359671262,3.2007133460502684,3.2007299292769913,3.2007133460503385,3.20066359671262
3.2030782689714923,3.2031280911908966,3.203144698711944,3.2031280911911546,3.2030782689714923
3.2055261548993137,3.20557605102988,3.205592683188738,3.20557605103084,3.2055261548993137
3.2080073037675607,3.208057274840582,3.2080739319822915,3.2080572748441583,3.2080073037675607
3.210521765535828,3.2105718125826006,3.2105884950556858,3.210571812595949,3.2105217655358276
3.213069590853554,3.2131197148983146,3.213136423061905,3.21311971494813,3.2130695908535523
3.215650831061698,3.2157010330952005,3.215717767345492,3.215701033281111,3.2156508310616903
3.218265538193938,3.2183158190753014,3.21833257994376,3.2183158197691384,3.21826553819391
3.2209137649750015,3.220964125068318,3.220980913585102,3.220964127657779,3.2209137649748967
3.2235955648022627,3.2236460026378744,3.223662821670554,3.2236460123019848,3.2235955648018724
3.226310991629347,3.2263614990103675,3.2263783581572487,3.2263615350777366,3.2263109916278903
3.2290600992785996,3.2291106436170063,3.2291275768703414,3.229110778223829,3.22906009927316
3.231842937423329,3.2318933993087313,3.2319105274832762,3.231893901674085,3.231842937403019
3.2346595281569916,3.2347094887113137,3.2347272320799507,3.234711363586217,3.2346595280811603
3.2375097294017423,3.2375577952995873,3.2375775485389964,3.2375647925096747,3.2375097291186132
3.240392438720375,3.240434414546303,3.240460374266776,3.240460528794874,3.2403924376632567
3.2389411492303415,3.243327049898481,3.2433690051869357,3.243424510739792,3.2389446467782808
