3.9014497312143246,3.901473733452344,3.9014977356903695,3.9014737334523457,3.9014497312143255
3.9014257289763052,3.901497735955118,3.901521738457906,3.901497735955118,3.9014257289763052
3.9014977335722056,3.9015697429339236,3.90159374623102,3.901569742933925,3.9014977335722056
3.9016177426440484,3.901689755977365,3.9017137605983434,3.901689755977363,3.9016177426440484
3.9017857588393743,3.901857777733133,3.9018817842076166,3.9018577777331322,3.9017857588393743
3.902001785864919,3.902073811908182,3.9020978207658623,3.902073811908182,3.902001785864919
3.9022658284867084,3.9023378632688144,3.902361875039476,3.902337863268814,3.9022658284867084
3.902577892530267,3.902649937640884,3.9026739528544345,3.9026499376408843,3.902577892530267
3.902937984880824,3.9030100419100258,3.903034061096491,3.9030100419100258,3.902937984880824
3.9033461134835883,3.903418184021912,3.9034422077114743,3.9034181840219113,3.9033461134835883
3.9038022873440688,3.903874372982565,3.903898401705583,3.9038743729825653,3.9038022873440688
3.904306516528394,3.904378618858702,3.904402653145731,3.9043786188587033,3.904306516528394
3.9048588121637264,3.904930932778131,3.9049549731599345,3.904930932778132,3.9048588121637264
3.9054591864386756,3.9055313269301664,3.905555373937748,3.905531326930165,3.9054591864386756
3.906107652603785,3.90617981456611,3.9062038687307314,3.9061798145661117,3.906107652603785
3.90680422497202,3.9068764099997684,3.906900471852964,3.9068764099997706,3.90680422497202
3.9075489189193378,3.907621128607988,3.9076451986815925,3.9076211286079903,3.9075489189193378
3.9083417508852896,3.9084139868312646,3.908438065657419,3.908413986831267,3.9083417508852896
3.9091827383736204,3.9092550021743633,3.909279090285564,3.909255002174366,3.9091827383736204
3.9100718999529867,3.910144193207018,3.9101682911361038,3.9101441932070196,3.9100718999529867
3.9110092552576514,3.911081579564621,3.9111056878448247,3.9110815795646223,3.9110092552576514
3.9119948249882346,3.912067181949,3.9120913011139424,3.912067181949001,3.9119948249882346
3.913028630912539,3.913101022129216,3.9131251527129423,3.913101022129218,3.913028630912539
3.914110695866366,3.9141831229423976,3.9142072654793916,3.9141831229423985,3.914110695866366
3.915241043754415,3.915313508294619,3.915337663319833,3.915313508294619,3.915241043754415
3.916419699551192,3.9164922031618405,3.916516371210706,3.9164922031618428,3.916419699551192
3.917646689301973,3.917719233590853,3.917743415199301,3.917719233590855,3.917646689301973
3.9189220401238476,3.9189946267003064,3.9190188224047966,3.9189946267003095,3.9189220401238476
3.92024578020671,3.9203184106817326,3.9203426210192687,3.9203184106817353,3.92024578020671
3.9216179388143897,3.9216906148006654,3.9217148403088102,3.9216906148006685,3.9216179388143897
3.9230385462857646,3.9231112693977277,3.9231355106146424,3.9231112693977304,3.9230385462857646
3.9245076340359386,3.9245804058898544,3.9246046633542955,3.9245804058898575,3.9245076340359386
3.926025234557453,3.926098056771467,3.926122331022824,3.9260980567714703,3.926025234557453
3.9275913814215406,3.927664255615751,3.9276885471940615,3.9276642556157544,3.9275913814215406
3.929206109279438,3.929279037075943,3.9293033465219165,3.9292790370759456,3.929206109279438
3.9308694538637026,3.93094243688668,3.930966764741711,3.930942436886683,3.9308694538637026
3.9325814519896127,3.932654491865367,3.9326788386715696,3.93265449186537,3.9325814519896127
3.934342141556576,3.9344152399136156,3.934439606213833,3.9344152399136183,3.934342141556576
3.936151561549604,3.936224720018699,3.9362491063565237,3.9362247200187026,3.936151561549604
3.93800975204081,3.93808297225506,3.938107379174866,3.938082972255063,3.93800975204081
3.939916754190991,3.9399900377858676,3.940014465832826,3.939990037785871,3.939916754190991
3.9418726102511643,3.9419459588646073,3.9419704085847016,3.9419459588646104,3.9418726102511643
3.9438773635642526,3.943950778836711,3.9439752507767567,3.9439507788367147,3.9438773635642526
3.9459310585667304,3.946004542141224,3.946029036848918,3.9460045421412273,3.9459310585667304
3.9480337407903505,3.9481072943125533,3.948131812336452,3.9481072943125564,3.9480337407903505
3.9501854568639128,3.9502590819822045,3.9502836238717656,3.950259081982208,3.9501854568639128
3.952386254515068,3.952459952880589,3.9524845191862146,3.952459952880592,3.952386254515068
3.9546361825721483,3.9547099558388856,3.954734547111899,3.9547099558388883,3.9546361825721483
3.9569352909660807,3.95700914079091,3.9570337575836216,3.9570091407909116,3.9569352909660807
3.9592836307322923,3.959357558775064,3.9593822016407554,3.9593575587750673,3.9592836307322923
3.961681254012722,3.9617552619363012,3.9617799314292776,3.9617552619363043,3.961681254012722
3.964128214057801,3.964202303528161,3.964227000203746,3.964202303528164,3.964128214057801
3.9666245652285403,3.966698737914802,3.9667234623293783,3.9666987379148053,3.9666245652285403
3.969170362998633,3.9692446205731384,3.969269373284166,3.9692446205731415,3.969170362998633
3.9717656639565777,3.971840008094971,3.9718647896609975,3.9718400080949747,3.9717656639565777
3.9744105258079174,3.9744849581891812,3.9745097691698787,3.9744849581891843,3.9744105258079174
3.977105007377426,3.977179529683966,3.9772043706401434,3.9771795296839696,3.977105007377426
3.979849168611415,3.9799237825291276,3.9799486540227567,3.9799237825291307,3.979849168611415
3.9826430705800617,3.982717777798389,3.9827426803926236,3.9827177777983915,3.9826430705800617
3.9854867754797527,3.9855615776917506,3.98558651195095,3.9855615776917537,3.9854867754797527
3.988380346635507,3.9884552455379207,3.988480212027679,3.9884552455379243,3.988380346635507
3.991323848503443,3.9913988457967635,3.9914238450839097,3.991398845796767,3.991323848503443
3.9943173466732547,3.994392444061786,3.994417476714434,3.9943924440617895,3.9943173466732547
3.99736090787077,3.997436107062702,3.9974611736502554,3.9974361070627036,3.99736090787077
4.000454599960533,4.000529902668004,4.0005550037611775,4.000529902668007,4.000454599960533
4.00359849194844,4.003673899887598,4.003699036058461,4.003673899887601,4.00359849194844
4.006792653984417,4.006868168875505,4.006893340697477,4.006868168875506,4.006792653984417
4.010037157365135,4.010112780932542,4.010137988980411,4.010112780932544,4.010037157365135
4.013332074536787,4.013407808509115,4.013433053359106,4.0134078085091165,4.013332074536787
4.016677479097893,4.016753325208031,4.016778607437781,4.016753325208035,4.016677479097893
4.020073445802148,4.020149405787353,4.020174725975946,4.020149405787358,4.020073445802148
4.023520050561358,4.0235961261632935,4.0236214848912955,4.023596126163302,4.023520050561358
4.027017370448352,4.027093563413168,4.027118961262653,4.027093563413201,4.027017370448352
4.030565483699994,4.030641795778385,4.0306672333329585,4.030641795778482,4.030565483699994
4.034164469720207,4.034240902667426,4.034266380512309,4.034240902667792,4.034164469720206
4.037814409083084,4.03789096465881,4.037916483381058,4.0378909646601775,4.037814409083084
4.041515383535999,4.041592063503687,4.041617623692937,4.0415920635087765,4.041515383535999
4.0452674760027945,4.045344282126993,4.045369884378236,4.045344282145995,4.045267476002794
4.049070770586993,4.049147704623272,4.049173349547022,4.049147704694175,4.04907077058699
4.052925352575078,4.053002416232086,4.053028104492408,4.0530024164967,4.052925352575066
4.056831308439755,4.0569085032376,4.056934235693819,4.056908504225161,4.056831308439711
4.060788725843083,4.060866052584751,4.060891830820105,4.060866056270418,4.060788725842918
4.064797693638438,4.064875150438214,4.0649009787314405,4.0648751641935,4.06479769363782
4.068858301865377,4.068935876798241,4.068961769473938,4.068935928134331,4.068858301863069
4.072970641702632,4.073048285415439,4.073074294231751,4.0730484770068145,4.072970641694015
4.077134805175223,4.077212328929143,4.077238645030804,4.077213043967166,4.077134805143049
4.08135088342338,4.081427580095109,4.081454912995167,4.081430248688002,4.081350883303246
4.085618956568983,4.085692195032764,4.085723178166745,4.085702154486437,4.085618956120423
4.089939034536417,4.089999065300224,4.090043450152612,4.090036234970586,4.089939032861563
4.094310711742803,4.094321581479107,4.094415322172892,4.094460302381735,4.094310705489132
4.09873115308102,4.098561226700521,4.098835954678116,4.099078946894337,4.098731129730573
4.096473966480282,4.102356217563846,4.103288322944721,4.1042884007869285,4.096543303581183
