3.3711598470058473,3.3711781721200045,3.3711964972341364,3.371178172120006,3.371159847005848
3.37114152189169,3.3711964974230426,3.371214822726149,3.371196497423043,3.37114152189169
3.3711964957221907,3.3712514729543375,3.371269798824383,3.371251472954339,3.3711964957221907
3.3712881197808713,3.371343099847741,3.3713614266627037,3.37134309984774,3.3712881197808713
3.3714163959574384,3.3714713799930554,3.371489708130946,3.371471379993055,3.3714163959574384
3.3715813268975614,3.3716363160360925,3.3716546458749788,3.371636316036092,3.3715813268975614
3.37178291600298,3.3718379113787793,3.3718562432967802,3.3718379113787793,3.37178291600298
3.372021167431625,3.3720761701792723,3.3720945045545836,3.3720761701792727,3.372021167431625
3.3722960860977587,3.3723510973521043,3.372369434563014,3.3723510973521043,3.3722960860977587
3.372607677672184,3.3726626985683716,3.372681038993269,3.3726626985683716,3.372607677672184
3.3729559485824008,3.3730109802559314,3.3730293242733187,3.3730109802559314,3.3729559485824008
3.3733409060128734,3.3733959495996375,3.373414297588154,3.373395949599639,3.3733409060128734
3.3737625579052852,3.3738176145416,3.373835966880018,3.373817614541602,3.3737625579052852
3.3742209129588128,3.3742759837814704,3.374294340848723,3.3742759837814695,3.3742209129588128
3.3747159806304436,3.3747710667767423,3.3747894289519413,3.3747710667767437,3.3747159806304436
3.375247771135332,3.3753028737431254,3.3753212414055547,3.375302873743127,3.375247771135332
3.3758162954471387,3.375871415654874,3.375889789184024,3.3758714156548764,3.3758162954471387
3.376421565298459,3.3764767042452246,3.3764950840207892,3.3764767042452273,3.376421565298459
3.3770635931812265,3.3771187520067802,3.3771371384086875,3.377118752006783,3.3770635931812265
3.3777423923471726,3.377797572191993,3.3778159656004068,3.3777975721919944,3.3777423923471726
3.378457976808298,3.378513178813614,3.3785315796089535,3.378513178813615,3.378457976808298
3.379210361337372,3.3792655866452255,3.379283995208168,3.3792655866452255,3.379210361337372
3.379999561468489,3.3800548112217528,3.380073227933268,3.380054811221755,3.379999561468489
3.38082559349761,3.380880868840046,3.3808992940813867,3.3808808688400473,3.38082559349761
3.381688474483153,3.3817437765594467,3.381762210712179,3.3817437765594467,3.381688474483153
3.3825882222466244,3.3826435522024205,3.3826619956484305,3.3826435522024227,3.3825882222466244
3.383524855373232,3.3835802143551854,3.383598667476697,3.383580214355187,3.383524855373232
3.384498393212586,3.384553782368406,3.38457224554799,3.3845537823684086,3.384498393212586
3.3855088558793938,3.385564276357862,3.3855827499784574,3.3855642763578646,3.3855088558793938
3.3865562642541547,3.386611717205199,3.3866302016501186,3.386611717205202,3.3865562642541547
3.3876406399839567,3.3876961265586707,3.3877146222116163,3.3876961265586734,3.3876406399839567
3.3887620054832235,3.388817526833918,3.388836034078999,3.3888175268339205,3.3887620054832235
3.3899203839345495,3.3899759412147974,3.3899944604365326,3.3899759412148,3.3899203839345495
3.3911157992895293,3.3911713936541887,3.3911899252375495,3.3911713936541914,3.3911157992895293
3.3923482762696198,3.3924039088748947,3.3924224532052767,3.392403908874897,3.3923482762696198
3.3936178403670216,3.393673512370494,3.3936920698337754,3.393673512370497,3.3936178403670216
3.3949245178456193,3.3949802304063055,3.3949988013888133,3.394980230406308,3.3949245178456193
3.396268335741936,3.396324090020302,3.3963426749088708,3.3963240900203044,3.396268335741936
3.3976493218660724,3.397705119024102,3.397723718206069,3.3977051190241045,3.3976493218660724
3.3990675048027543,3.39912334600398,3.3991419598671837,3.399123346003983,3.3990675048027543
3.4005229139123427,3.400578800321886,3.400597429254713,3.400578800321888,3.4005229139123427
3.402015579331907,3.402071512116521,3.402090156507891,3.402071512116524,3.402015579331907
3.403545531976288,3.403601512304411,3.403620172543807,3.4036015123044137,3.403545531976288
3.4051128035392546,3.4051688325810345,3.405187509058507,3.4051688325810368,3.4051128035392546
3.4067174264946183,3.406773505421964,3.406792198528167,3.4067735054219668,3.4067174264946183
3.4083594340974184,3.408415564084055,3.408434274210217,3.4084155640840574,3.4083594340974184
3.4100388603851344,3.410095042606615,3.4101137701446085,3.410095042606618,3.4100388603851344
3.4117557401788927,3.411811975812671,3.4118307211549803,3.411811975812673,3.4117557401788927
3.41351010908475,3.413566399310211,3.413585162849964,3.413566399310213,3.41351010908475
3.415302003494966,3.4153583494934643,3.415377131624459,3.415358349493467,3.415302003494966
3.417131460589319,3.417187863544234,3.41720666466093,3.4171878635442363,3.417131460589319
3.41899851833647,3.419054979433237,3.4190737999307825,3.4190549794332403,3.41899851833647
3.420903215495314,3.4209597359214725,3.4209785761957194,3.4209597359214756,3.420903215495314
3.4228455916163942,3.4229021725616287,3.4229210330091484,3.4229021725616318,3.4228455916163942
3.424825687043328,3.424882329699518,3.424901210717604,3.424882329699521,3.424825687043328
3.4268435429142654,3.4269002484755258,3.426919150462215,3.4269002484755284,3.4268435429142654
3.428899201163396,3.4289559708261073,3.428974894180207,3.4289559708261104,3.428899201163396
3.4309927045224353,3.4310495394853135,3.4310684846063975,3.4310495394853158,3.4309927045224353
3.4331240965222074,3.433180997986319,3.4331999652747522,3.4331809979863213,3.4331240965222074
3.435293421494185,3.4353503906630176,3.435369380519961,3.4353503906630203,3.435293421494185
3.4375007245721285,3.4375577626516143,3.4375767754790525,3.4375577626516174,3.4375007245721285
3.4397460516937004,3.4398031598922705,3.439822196093019,3.439803159892273,3.4397460516937004
3.4420294496021295,3.4420866291307575,3.4421056891084802,3.442086629130761,3.4420294496021295
3.444350965847923,3.444408217920164,3.4444273020793794,3.4444082179201647,3.444350965847923
3.446710648790563,3.4467679746226008,3.4467870833687124,3.446767974622603,3.446710648790563
3.449108547600277,3.4491659484109687,3.449185082150268,3.449165948410971,3.449108547600277
3.451544712259819,3.45160218927074,3.4516213484104235,3.4516021892707416,3.451544712259819
3.454019193566257,3.4540767480017536,3.4540959329499366,3.4540767480017553,3.454019193566257
3.4565320431328725,3.4565896762200845,3.456608887385824,3.4565896762200854,3.4565320431328725
3.4590833133909644,3.4591410263598945,3.459160264153198,3.4591410263598976,3.4590833133909644
3.461673057591792,3.4617308516753353,3.4617501165071722,3.46173085167534,3.461673057591792
3.4643013298084977,3.4643592062424964,3.464378498524821,3.464359206242506,3.4643013298084977
3.4669681849380654,3.4670261449613404,3.4670454651071037,3.467026144961367,3.4669681849380654
3.4696736787033142,3.4697317235577074,3.469751071980892,3.4697317235577936,3.4696736787033142
3.472417867654921,3.4724759985852858,3.472495375700964,3.472475998585604,3.472417867654921
3.47520080917347,3.47525902742756,3.4752784336520737,3.4752590274287427,3.47520080917347
3.4780225614715468,3.4780808682994175,3.4781003040510314,3.4780808683038247,3.4780225614715463
3.4808831835958363,3.480941580247533,3.4809610459488147,3.480941580263982,3.4808831835958354
3.4837827354292785,3.4838412231460785,3.4838607192327125,3.4838412232074525,3.483782735429276
3.4867212776932437,3.4867798576747973,3.4867993846285064,3.486779857903848,3.4867212776932344
3.4896988719497366,3.48975754523137,3.489777103702667,3.489757546086207,3.489698871949701
3.492715580603637,3.4927743475982798,3.492793938864584,3.492774350788618,3.4927155806035035
3.4957714669049627,3.4958303256935293,3.4958499533687792,3.4958303376001796,3.495771466904463
3.498866594950986,3.4989255349021096,3.498945211316819,3.4989255793388643,3.4988665949491207
3.502001029687173,3.502060007647109,3.5020797776575256,3.502060173489342,3.502001029680208
3.505174836899766,3.505233688341637,3.5052537181768293,3.505234307280779,3.5051748368737607
3.508388083155622,3.5084461906428475,3.508467099427383,3.508448500583184,3.5083880830585255
3.511640835418427,3.511695891646761,3.511719988306669,3.5117045125660544,3.511640835055897
3.5149331587204835,3.514976552219101,3.5150124495864796,3.515008726318471,3.514933157366895
3.5182651022825633,3.5182647089226857,3.5183445315016764,3.518384785754459,3.5182650972286114
3.521636617488429,3.5214726496874085,3.5217161817430833,3.5219207879690795,3.5216365986181795
3.5199108810720814,3.524273090595443,3.5251267578141756,3.525945585760601,3.5199709006178566
