3.3116170931768876,3.3116348632944494,3.3116526334120926,3.3116348632944512,3.3116170931768885
3.3115993230593253,3.311652633593995,3.3116704038933937,3.3116526335939946,3.3115993230593253
3.311652631958315,3.3117059441288133,3.3117237149734966,3.311705944128815,3.311652631958315
3.3117414810925165,3.31179479598946,3.3118125677429653,3.3117947959894596,3.3117414810925165
3.311865872279448,3.3119191909935384,3.3119369640194463,3.311919190993538,3.311865872279448
3.312025808063727,3.3120791316858127,3.312096906347735,3.3120791316858127,3.312025808063727
3.312221291717149,3.312274621338253,3.3122923979998693,3.3122746213382523,3.312221291717149
3.3124523272388267,3.3125056639501818,3.3125234429752455,3.312505663950182,3.3124523272388267
3.3127189193553086,3.312772264248406,3.3127900460007527,3.312772264248406,3.3127189193553086
3.3130210735207672,3.3130744276873934,3.3130922125309508,3.313074427687393,3.3130210735207672
3.3133587959171824,3.3134121604494555,3.3134299487482646,3.313412160449455,3.3133587959171824
3.3137320934545733,3.313785469444973,3.3138032615632103,3.313785469444974,3.3137320934545733
3.314140973771235,3.3141943623126635,3.314212158614626,3.314194362312665,3.314140973771235
3.3145854452340213,3.314638847419829,3.3146566482699704,3.314638847419828,3.3145854452340213
3.3150655169386423,3.3151189338626605,3.3151367396255975,3.3151189338626623,3.3150655169386423
3.3155811987099817,3.315634631466584,3.315652442507111,3.3156346314665863,3.3155811987099817
3.3161325011024716,3.316185950786583,3.3162037674696814,3.316185950786585,3.3161325011024716
3.316719435400435,3.3167729031075988,3.3167907257984526,3.316772903107601,3.316719435400435
3.3173420136185277,3.3173955004449294,3.3174133295089403,3.3173955004449316,3.3173420136185277
3.3180002485021483,3.3180537555446596,3.3180715913474548,3.31805375554466,3.3180002485021483
3.3186941535278907,3.3187476818841084,3.318765524791553,3.3187476818841093,3.3186941535278907
3.3194237429040507,3.3194772936723296,3.3194951440505553,3.3194772936723314,3.3194237429040507
3.320189031571104,3.3202426058506065,3.3202604640660054,3.3202426058506087,3.320189031571104
3.320990035202268,3.32104363409301,3.321061500512248,3.321043634093011,3.320990035202268
3.3218267702040545,3.3218803948069198,3.3218982697969652,3.32188039480692,3.3218267702040545
3.322699253716854,3.3227529051336484,3.3227707890617837,3.322752905133651,3.322699253716854
3.3236075036155412,3.323661182949047,3.3236790761828603,3.323661182949049,3.3236075036155412
3.324551538510161,3.324605246864142,3.3246231497715666,3.3246052468641443,3.324551538510161
3.325531377746537,3.325585116225808,3.3256030291751153,3.3255851162258105,3.325531377746537
3.3265470414069873,3.326600811117449,3.326618734477277,3.326600811117452,3.3265470414069873
3.3275985503110683,3.3276523523597343,3.3276702864990892,3.327652352359736,3.3275985503110683
3.328685926016291,3.3287397615113345,3.3287577067996157,3.328739761511337,3.328685926016291
3.3298091908189065,3.329863060869699,3.329881017676702,3.3298630608697017,3.3298091908189065
3.3309683677547035,3.331022273471862,3.3310402421677963,3.3310222734718646,3.3309683677547035
3.3321634805998355,3.3322174230952597,3.332235404050758,3.332217423095262,3.3321634805998355
3.333394553871687,3.3334485342585816,3.333466527844727,3.333448534258584,3.333394553871687
3.3346616128297253,3.3347156322226628,3.3347336388109787,3.3347156322226654,3.3346616128297253
3.335964683476419,3.3360187429913757,3.3360367629538583,3.3360187429913783,3.335964683476419
3.3373037925581817,3.337357893312574,3.3373759270216956,3.3373578933125763,3.3373037925581817
3.338678967566334,3.3387331106790485,3.338751158507781,3.3387331106790503,3.338678967566334
3.340090236738062,3.340144423329514,3.3401624856513354,3.340144423329517,3.340090236738062
3.3415376290574543,3.34159186024962,3.341609937438521,3.3415918602496224,3.3415376290574543
3.343021174256548,3.343075451172998,3.343093543603514,3.343075451173001,3.343021174256548
3.3445409028163677,3.344595226582323,3.344613334629526,3.344595226582326,3.3445409028163677
3.346096845968056,3.3461512177104122,3.3461693417499387,3.3461512177104145,3.346096845968056
3.3476890356939553,3.3477434565413415,3.3477615969494052,3.3477434565413438,3.3476890356939553
3.3493175047288006,3.3493719758115925,3.3493901329649964,3.349371975811595,3.3493175047288006
3.3509822865608543,3.351036809011249,3.351054983287385,3.3510368090112514,3.3509822865608543
3.352683415433135,3.3527379903851604,3.3527561821620573,3.352737990385163,3.352683415433135
3.35442092634463,3.354475554934213,3.354493764590508,3.3544755549342153,3.35442092634463
3.3561948550515783,3.356249538416567,3.3562677663315474,3.35624953841657,3.3561948550515783
3.3580052380687255,3.358059977348935,3.358078223902546,3.3580599773489377,3.3580052380687255
3.3598521126706573,3.359906909007913,3.3599251745807637,3.3599069090079148,3.3598521126706573
3.361735516893118,3.361790371431295,3.361808656404687,3.361790371431297,3.361735516893118
3.363655489534403,3.3637104034194714,3.363728708175401,3.363710403419474,3.363655489534403
3.365612070156731,3.3656670445367953,3.365685369457961,3.365667044536798,3.365612070156731
3.3676052990876864,3.3676603351130194,3.3676786805828605,3.367660335113022,3.3676052990876864
3.3696352174216515,3.369690316244752,3.369708682647427,3.3696903162447547,3.3696352174216515
3.371701867021297,3.371757029796912,3.371775417517351,3.371757029796915,3.371701867021297
3.373805290519071,3.373860518404259,3.3738789278281502,3.3738605184042614,3.373805290519071
3.3759455313187625,3.376000825472914,3.37601925698672,3.3760008254729157,3.3759455313187625
3.378122633597023,3.378177995181918,3.378196449172915,3.3781779951819213,3.378122633597023
3.380336642304988,3.380392072484834,3.3804105493410828,3.3803920724848378,3.380336642304988
3.3825876031698843,3.3826431031113517,3.3826616032217554,3.382643103111355,3.3825876031698843
3.384875562696668,3.384931133568942,3.3849496573232347,3.3849311335689447,3.384875562696668
3.387200568169704,3.387256211144525,3.3872747589332834,3.3872562111445275,3.387200568169704
3.3895626676544794,3.3896183839061775,3.389636956120861,3.3896183839061798,3.3895626676544794
3.391961909999305,3.3920177007048586,3.392036297737785,3.392017700704861,3.391961909999305
3.3943983448371084,3.3944542111761704,3.394472833420571,3.394454211176173,3.3943983448371084
3.396872022587208,3.3969279657421496,3.3969466135921533,3.396927965742152,3.396872022587208
3.3993829944571052,3.3994390156130816,3.39945768946374,3.3994390156130843,3.3993829944571052
3.401931312444376,3.4019874127893375,3.4020061130366446,3.4019874127893432,3.401931312444376
3.404517029338502,3.4045732100632584,3.4045919371041538,3.40457321006327,3.404517029338502
3.4071401987227956,3.407196461021045,3.40721521525345,3.407196461021081,3.4071401987227956
3.4098008749763276,3.409857220044681,3.4098760018675156,3.409857220044813,3.4098008749763276
3.4124991132758837,3.4125555423138443,3.41257435212712,3.4125555423143306,3.4124991132758837
3.415234969597955,3.4152914838077013,3.4153103220127954,3.4152914838095136,3.415234969597955
3.418008500720761,3.4180651013062047,3.4180839683068505,3.4180651013129726,3.418008500720761
3.420819764226286,3.420876452389516,3.420895348595429,3.4208764524147712,3.4208197642262848
3.423668818502372,3.4237255954301506,3.4237445212705837,3.4237255955244033,3.423668818502368
3.426555722744789,3.4266125895581374,3.4266315455323557,3.426612589909898,3.4265557227447743
3.429480536959278,3.429537494525256,3.4295564813908053,3.429537495838055,3.429480536959223
3.432443321963114,3.432500370192805,3.4325193896675636,3.4325003750923018,3.4324433219629102
3.435444139383705,3.4355012746152953,3.4355203319943355,3.4355012929006863,3.435444139382944
3.4384830516397744,3.4385402568903376,3.438559370793803,3.438540325133169,3.438483051636933
3.4415601218202263,3.4416173305124884,3.4416365691573634,3.441617585201258,3.4415601218096166
3.4446754129650508,3.444732374182029,3.444751990121912,3.444733324704888,3.444675412925437
3.4478289838542406,3.4478847631286764,3.447905692443364,3.447888310570955,3.4478289837063363
3.4510208644201135,3.451072002035077,3.451097705951911,3.4510852414292343,3.4510208638678814
3.4542509123061813,3.45428467463961,3.454327887899971,3.454334085326193,3.454250910244292
3.4575179763620936,3.457487896317219,3.457595085682171,3.457672301731277,3.4575179686635096
3.4558627708552185,3.4605538485850085,3.460892256780223,3.46124206725324,3.4558874684997467
