4.321410070328861,4.321438750249988,4.321467430170926,4.321438750249989,4.321410070328861
4.321381390407734,4.321467430501359,4.321496110753155,4.321467430501359,4.321381390407734
4.321467427523309,4.321553470594595,4.321582151838939,4.321553470594597,4.321467427523309
4.321610824480613,4.321696872514773,4.321725555413427,4.321696872514773,4.321610824480613
4.3218115845880085,4.32189763957045,4.3219263247852355,4.32189763957045,4.3218115845880085
4.32206971247737,4.322155776393793,4.322184464586613,4.322155776393792,4.32206971247737
4.3223852141042745,4.32247128894075,4.322499980773628,4.32247128894075,4.3223852141042745
4.322758096748285,4.3228441844912995,4.3228728806264245,4.3228441844913,4.322758096748285
4.323188369013169,4.323274471649745,4.323303172749459,4.323274471649745,4.323188369013169
4.323676040827303,4.32376216034507,4.32379086707192,4.323762160345069,4.323676040827303
4.324221123444067,4.324307261831319,4.324335974848088,4.324307261831319,4.324221123444067
4.324823629442266,4.32490978868807,4.324938508657781,4.324909788688072,4.324823629442266
4.3254835727266645,4.325569754820931,4.325598482406895,4.325569754820933,4.3254835727266645
4.3262009685285445,4.326287175462097,4.326315911327935,4.326287175462097,4.3262009685285445
4.326975833406325,4.327062067170986,4.3270908119806535,4.327062067170988,4.326975833406325
4.327808185246203,4.327894447834887,4.327923202252692,4.32789444783489,4.327808185246203
4.328698043262902,4.3287843366696865,4.328813101360329,4.328784336669688,4.328698043262902
4.329645428000447,4.329731754220645,4.329760529849245,4.3297317542206475,4.329645428000447
4.330650361332963,4.330736722363227,4.330765509595331,4.33073672236323,4.330650361332963
4.331712866465614,4.3317992643039895,4.331828063805622,4.331799264303991,4.331712866465614
4.33283296793548,4.332919404581493,4.332948217019184,4.332919404581494,4.33283296793548
4.3340106916125904,4.334097169067336,4.334125995108128,4.334097169067338,4.3340106916125904
4.33524606470092,4.335332584967151,4.335361425278628,4.335332584967155,4.33524606470092
4.336539115739546,4.336625680821748,4.33665453607207,4.336625680821749,4.336539115739546
4.337889874603781,4.337976486508217,4.338005357366167,4.337976486508217,4.337889874603781
4.339298372506341,4.3393850332411885,4.339413920376173,4.339385033241191,4.339298372506341
4.3407646419986365,4.340851353574048,4.340880257656107,4.340851353574051,4.3407646419986365
4.342288716972107,4.342375481400278,4.342404403100151,4.342375481400282,4.342288716972107
4.343870632659549,4.343957451954796,4.343986391943952,4.343957451954799,4.343870632659549
4.345510425636558,4.3455973018154435,4.3456262607660605,4.345597301815447,4.345510425636558
4.347208133822994,4.347295068904352,4.347324047489398,4.347295068904356,4.347208133822994
4.348963796484543,4.349050792489597,4.349079791382812,4.3490507924896,4.348963796484543
4.350777454234269,4.350864513186693,4.350893533062662,4.350864513186695,4.350777454234269
4.3526491490342485,4.35273627296029,4.3527653144944045,4.352736272960293,4.3526491490342485
4.35457892419732,4.354666115125808,4.354695178994374,4.354666115125811,4.35457892419732
4.356566824388762,4.356654084351259,4.356683171231479,4.356654084351263,4.356566824388762
4.358612895628158,4.3587002266590105,4.358729337228996,4.358700226659014,4.358612895628158
4.36071718529122,4.360804589427635,4.360833724366469,4.360804589427639,4.36071718529122
4.362879742111709,4.362967221393869,4.3629963813816195,4.3629672213938715,4.362879742111709
4.365100616183413,4.36518817265452,4.3652173583722655,4.365188172654523,4.365100616183413
4.367379858962156,4.367467494668538,4.367496706798397,4.367467494668541,4.367379858962156
4.369717523267905,4.369805240259084,4.369834479484243,4.369805240259088,4.369717523267905
4.372113663286872,4.372201463615665,4.3722307306204025,4.372201463615669,4.372113663286872
4.374568334573728,4.374656220296323,4.374685515766041,4.374656220296327,4.374568334573728
4.377081594053825,4.377169567229861,4.377198891851117,4.377169567229863,4.377081594053825
4.379653500025539,4.379741562718184,4.3797709171787105,4.379741562718189,4.379653500025539
4.382284112162575,4.3823722664386215,4.382401651427364,4.382372266438625,4.382284112162575
4.384973491516432,4.385061739446368,4.385091155653502,4.385061739446371,4.384973491516432
4.3877217005188065,4.387810044176937,4.387839492293892,4.387810044176941,4.3877217005188065
4.390528802984212,4.39061724444868,4.390646725168194,4.390617244448682,4.390528802984212
4.393394864112475,4.393483405465397,4.393512919481514,4.3934834054654015,4.393394864112475
4.396319950491411,4.396408593818944,4.3964381418270495,4.396408593818947,4.396319950491411
4.399304130099476,4.399392877491923,4.3994224601887915,4.399392877491927,4.399304130099476
4.4023474723086435,4.402436325860478,4.402465943944293,4.4024363258604815,4.4023474723086435
4.405450047887031,4.405539009697052,4.405568663867421,4.405539009697056,4.405450047887031
4.408611929001905,4.408701001173294,4.408730692131286,4.408701001173298,4.408611929001905
4.411833189222553,4.411922373862953,4.411952102311115,4.411922373862955,4.411833189222553
4.415113903523243,4.415203202744856,4.415232969387273,4.415203202744859,4.415113903523243
4.418454148286298,4.41854356420597,4.418573369748263,4.418543564205973,4.418454148286298
4.421854001305172,4.421943536044464,4.421973381193842,4.421943536044467,4.421854001305172
4.425313541787598,4.425403197472894,4.425433082938149,4.425403197472898,4.425313541787598
4.428832850358798,4.4289226291213915,4.428952555612959,4.428922629121395,4.428832850358798
4.432412009064755,4.4325019130409204,4.432531881270913,4.432501913040924,4.432412009064755
4.436051101375551,4.436141132706635,4.436171143388834,4.436141132706639,4.436051101375551
4.4397502121887324,4.439840373021236,4.439870426871168,4.439840373021241,4.4397502121887324
4.443509427832731,4.443599720318432,4.4436298180533536,4.443599720318437,4.443509427832731
4.447328836070427,4.44741926236642,4.447449404705369,4.447419262366423,4.447328836070427
4.451208526102632,4.451299088371456,4.451329276035301,4.451299088371458,4.451208526102632
4.455148588571786,4.455239288981482,4.455269522692898,4.455239288981484,4.455148588571786
4.459149115565565,4.459239956289789,4.4592702367733565,4.459239956289792,4.459149115565565
4.4632102006206695,4.463301183838767,4.46333151182093,4.46330118383877,4.4632102006206695
4.467331938726581,4.467423066623688,4.4674534428328405,4.4674230666236925,4.467331938726581
4.471514426329451,4.471605701096567,4.471636126263059,4.471605701096575,4.471514426329451
4.475757761335989,4.475849185170089,4.475879660026247,4.4758491851701026,4.475757761335989
4.48006204311746,4.480153618221557,4.480184143501752,4.480153618221596,4.48006204311746
4.484427372513706,4.484519101096946,4.484549677537604,4.484519101097077,4.484427372513706
4.488853851837263,4.488945736114912,4.488976364454649,4.488945736115397,4.488853851837263
4.493341584877485,4.493433627070801,4.493464308050683,4.493433627072603,4.493341584877485
4.497890676904794,4.497982879240138,4.498013613604684,4.4979828792468455,4.497890676904794
4.502501234674927,4.502593599380278,4.502624387881079,4.502593599405313,4.502501234674926
4.507173366433267,4.507265895724979,4.507296739134051,4.507265895818403,4.507173366433262
4.511907181919038,4.511999877952323,4.512030777111745,4.511999878300985,4.511907181919021
4.516702792368664,4.516795657053532,4.516826613059628,4.51679565835478,4.516702792368602
4.521560310513762,4.5216533448335285,4.521684359718449,4.521653349689915,4.521560310513533
4.526479850547728,4.526573052048369,4.526604131290743,4.526573070172898,4.526479850546875
4.531461527908486,4.53155488152149,4.531586043223244,4.531554949164067,4.531461527905299
4.536505457989458,4.5365989029058635,4.536630210916689,4.536599155354828,4.536505457977559
4.541611748600906,4.5417050611958345,4.541736742182816,4.541706003361013,4.541611748556478
4.5467804559986575,4.546872851093761,4.5469056932577185,4.546876367349941,4.546780455832764
4.5520113285396615,4.552100193922837,4.55213681240436,4.552113316948272,4.552011327920225
4.557302312430779,4.557379783653576,4.557428045488613,4.557428760118566,4.557302310117828
4.554638386608965,4.562688582772083,4.5627668257779606,4.562871367919557,4.554644945808823
