3.5921903811056515,3.5922110281674953,3.5922316752293293,3.5922110281674966,3.5921903811056524
3.5921697340438077,3.5922316754486396,3.592252322729822,3.5922316754486396,3.5921697340438077
3.5922316734744397,3.5922936168534347,3.5923142647926807,3.592293616853436,3.5922316734744397
3.592334907028643,3.5923968536979936,3.592417502734034,3.592396853697993,3.592334907028643
3.5924794368998505,3.5925413881758588,3.592562038747471,3.5925413881758588,3.5924794368998505
3.5926652661589786,3.592727223358124,3.5927478759041382,3.5927272233581236,3.5926652661589786
3.592892398754542,3.59295436319352,3.592975018152842,3.5929543631935204,3.592892398754542
3.5931608395127967,3.5932228125085746,3.5932434703201994,3.593222812508575,3.5931608395127967
3.5934705941379237,3.593532577007784,3.5935532381108155,3.593532577007784,3.5934705941379237
3.5938216692122364,3.593883663273833,3.5939043281074903,3.593883663273833,3.5938216692122364
3.5942140721964235,3.5942760787678307,3.5942967477714696,3.5942760787678307,3.5942140721964235
3.5946478114298523,3.5947098318295945,3.5947305054427408,3.594709831829596,3.5946478114298523
3.5951228961308344,3.5951849316779634,3.595205610340302,3.595184931677965,3.5951228961308344
3.5956393363970105,3.595701388411136,3.595722072562542,3.5957013884111353,3.5956393363970105
3.596197143205686,3.596259213007034,3.5962799030875825,3.596259213007036,3.596197143205686
3.596796328414287,3.5968584173237366,3.596879113773736,3.596858417323739,3.596796328414287
3.597436904760747,3.5974990140998973,3.597519717359881,3.597499014099899,3.597436904760747
3.5981188858640314,3.598181016955233,3.5982017274659968,3.5981810169552357,3.5981188858640314
3.598842286224607,3.5989044403910313,3.5989251585936213,3.598904440391034,3.598842286224607
3.5996071212250005,3.599669299790666,3.599690026126439,3.5996692997906674,3.5996071212250005
3.6004134071303615,3.6004756114201966,3.6004963463307975,3.6004756114201975,3.6004134071303615
3.6012611610890795,3.601323392428969,3.601344136356367,3.6013233924289705,3.6012611610890795
3.6021504011334002,3.6022126608502347,3.602233414236738,3.602212660850237,3.6021504011334002
3.6030811461801195,3.6031434356018517,3.6031641988901035,3.6031434356018526,3.6030811461801195
3.6040534160312703,3.6041157364869556,3.604136510119982,3.604115736486955,3.6040534160312703
3.6050672313748744,3.6051295841947093,3.6051503686159263,3.6051295841947115,3.6050672313748744
3.6061226137856925,3.6061850003010902,3.6062057959543035,3.606185000301091,3.6061226137856925
3.6072195857260367,3.6072820072696694,3.6073028145991013,3.6072820072696716,3.6072195857260367
3.6083581705466203,3.6084206284524494,3.6084414479027673,3.6084206284524516,3.6083581705466203
3.6095383924874067,3.609600888090755,3.60962172010707,3.6096008880907573,3.6095383924874067
3.6107602766785107,3.6108228113161003,3.6108436563439907,3.6108228113161034,3.6107602766785107
3.612023849141151,3.6120864241511628,3.61210728263669,3.612086424151166,3.612023849141151
3.6133291367886042,3.6133917535107143,3.613412625900449,3.613391753510717,3.6133291367886042
3.614676167427211,3.6147388272026517,3.614759713943674,3.6147388272026544,3.614676167427211
3.6160649697574065,3.6161276739290127,3.616148575468938,3.616127673929016,3.6160649697574065
3.6174955733748035,3.61755832328706,3.6175792400740607,3.617558323287063,3.6174955733748035
3.6189680087712746,3.6190308057703695,3.6190517382531766,3.6190308057703726,3.6189680087712746
3.6204823073361037,3.620545152769978,3.6205661013979134,3.6205451527699806,3.6204823073361037
3.6220385013571295,3.6221013965755344,3.6221223617985183,3.622101396575537,3.6220385013571295
3.6236366240219873,3.6236995703765236,3.623720552645096,3.6236995703765262,3.6236366240219873
3.6252767094193152,3.6253397082634806,3.6253607080288166,3.6253397082634837,3.6252767094193152
3.6269587925400244,3.627021845229278,3.627042862943202,3.6270218452292813,3.6269587925400244
3.6286829092786106,3.6287460171704216,3.6287670532854226,3.6287460171704247,3.6286829092786106
3.630449096434495,3.630512260888383,3.6305333158576425,3.6305122608883855,3.630449096434495
3.6322573917133885,3.6323206140909834,3.6323416883683843,3.632320614090986,3.6322573917133885
3.634107833728705,3.6341711153937872,3.6341922094339325,3.63417111539379,3.634107833728705
3.636000462002971,3.6360638043215374,3.636084918579763,3.63606380432154,3.636000462002971
3.637935316969331,3.637998721309642,3.638019856242039,3.6379987213096445,3.637935316969331
3.6399124399730476,3.639975907705667,3.6399970637690986,3.63997590770567,3.6399124399730476
3.6419318732730392,3.6419954057708996,3.642016583423011,3.6419954057709027,3.6419318732730392
3.643993660043447,3.6440572586818942,3.6440784583811383,3.644057258681897,3.643993660043447
3.6460978443752534,3.6461615105320933,3.6461827327377487,3.646161510532096,3.6460978443752534
3.648244471277924,3.6483082063334873,3.648329451505666,3.648308206333489,3.648244471277924
3.650433586681086,3.6504973920182673,3.650518660617944,3.6504973920182704,3.650433586681086
3.652665237436241,3.6527291144405614,3.652750406929582,3.6527291144405645,3.652665237436241
3.6549394713185115,3.65500342137816,3.6550247382192653,3.6550034213781633,3.6549394713185115
3.6572563370284192,3.657320361534317,3.657341703191145,3.6573203615343197,3.6572563370284192
3.6596158841937125,3.659679984539554,3.6597013514766776,3.6596799845395567,3.6596158841937125
3.662018163371208,3.662082340953518,3.662103733636452,3.6620823409535213,3.662018163371208
3.6644632260486856,3.664527482266869,3.6645489011620858,3.6645274822668723,3.6644632260486856
3.666951124646795,3.6670154609032006,3.6670369064781565,3.6670154609032037,3.666951124646795
3.6694819125210363,3.669546330220988,3.669567802944126,3.6695463302209905,3.6694819125210363
3.672055643963721,3.672120144515594,3.672141644856385,3.6721201445155973,3.672055643963721
3.6746723742060317,3.6747369590212906,3.67475848745023,3.6747369590212933,3.6746723742060317
3.6773321594200548,3.6773968299133153,3.6774183869019437,3.677396829913319,3.6773321594200548
3.680035056720911,3.6800998143099837,3.680121400330908,3.6800998143099863,3.680035056720911
3.682781124168861,3.6828459702748115,3.682867585801733,3.682845970274814,3.682781124168861
3.6855704207714686,3.685635356818675,3.6856570023263853,3.6856353568186786,3.6855704207714686
3.688403006485848,3.6884680339020424,3.688489709866462,3.6884680339020446,3.688403006485848
3.6912789422208556,3.6913440624371896,3.691365769335377,3.6913440624371927,3.6912789422208556
3.694198289839402,3.694263504290498,3.694285242600662,3.6942635042905025,3.694198289839402
3.6971611121607477,3.6972264222847455,3.6972481924862772,3.6972264222847575,3.6971611121607477
3.7001674729628484,3.7002328802014612,3.7002546827749523,3.700232880201496,3.7001674729628484
3.703217436984758,3.7032829427833076,3.703304778210579,3.703282942783428,3.703217436984758
3.7063110699290296,3.7063766757364354,3.7063985445006273,3.7063766757368817,3.7063110699290296
3.7094484384641837,3.70951414573279,3.7095360483186095,3.709514145734449,3.7094484384641837
3.712629610227209,3.712695420411942,3.712717357306575,3.712695420418119,3.712629610227209
3.715854653826082,3.715920568381193,3.7159425400776387,3.7159205684042447,3.715854653826081
3.7191236388423334,3.7191896592091243,3.7192116662185413,3.719189659295145,3.71912363884233
3.722436635833663,3.7225027633944334,3.722524806292261,3.722502763715469,3.722436635833649
3.7257937163365242,3.7258599522426983,3.7258820318406016,3.7258599534408257,3.7257937163364723
3.729194952868581,3.729261297399238,3.729283415386624,3.729261301870764,3.729194952868388
3.7326404189300377,3.7327068690990486,3.732729030435898,3.732706885787224,3.732640418929316
3.7361301889981076,3.7361967296310334,3.7362189514706916,3.736196791912925,3.7361301889954124
3.7396643384810124,3.739730908956292,3.739753253902914,3.739731141398379,3.7396643384709507
3.743242943434094,3.7433093138102174,3.7433320137862878,3.743310181306732,3.7432429433965253
3.7468660788834462,3.7469313890642013,3.746955306125293,3.7469346266457397,3.746866078743174
3.7505338090103524,3.7505948574378594,3.750623195004942,3.7506069404077698,3.75053380848661
3.754246129812599,3.754291036671948,3.7543356760488416,3.7543361314937944,3.754246127857063
3.758002634463572,3.7579874833884963,3.7580923410246845,3.7581557816615057,3.758002627162004
3.761800561251125,3.7615639213937873,3.761890422999896,3.7621920269655424,3.7618005339884304
3.7598490914418696,3.7645772179356403,3.7657134026155763,3.7669213692123438,3.759933213315812
