3.569051241722043,3.569071643317603,3.569092044913151,3.569071643317604,3.5690512417220432
3.5690308401264828,3.569092045129208,3.5691124469408484,3.5690920451292074,3.5690308401264828
3.5690920431843,3.5691532501318974,3.5691736525918416,3.5691532501318988,3.5690920431843
3.5691940494331176,3.569255259622251,3.5692756631627187,3.56925525962225,3.5691940494331176
3.569336861033834,3.5693980757612755,3.5694184808145275,3.5693980757612747,3.569336861033834
3.5695204810117933,3.5695817015744886,3.569602108572849,3.569581701574488,3.5695204810117933
3.5697449132569345,3.56980614095204,3.5698265503279014,3.56980614095204,3.5697449132569345
3.570010162523897,3.5700713986488406,3.570091810834683,3.570071398648841,3.570010162523897
3.5703162344322292,3.5703774802847428,3.5703978957131537,3.5703774802847428,3.5703162344322292
3.5706631354665785,3.5707243923447654,3.570744811448442,3.570724392344765,3.5706631354665785
3.571050872976933,3.5711121421792966,3.5711325653910864,3.571112142179296,3.571050872976933
3.5714794551789124,3.571540738004417,3.5715611657573083,3.571540738004418,3.5714794551789124
3.5719488911540394,3.5720101889021536,3.57203062162931,3.572010188902155,3.5719488911540394
3.5724591908501164,3.5725205048208672,3.5725409429556274,3.572520504820866,3.5724591908501164
3.57301036508156,3.5730716965755573,3.5730921405514797,3.57307169657556,3.57301036508156
3.5736024255298133,3.5736637758483356,3.57368422609918,3.573663775848338,3.5736024255298133
3.5742353847437807,3.5742967551888043,3.5743172121485616,3.5742967551888065,3.5742353847437807
3.5749092561403066,3.5749706480145385,3.5749911121174605,3.5749706480145407,3.5749092561403066
3.5756240540046504,3.5756854686116073,3.5757059402921927,3.57568546861161,3.5756240540046504
3.576379793491018,3.576441232135054,3.5764617118280966,3.576441232135055,3.576379793491018
3.5771764906231396,3.5772379546094983,3.5772584427500864,3.577237954609499,3.5771764906231396
3.578014162294851,3.5780756529297184,3.578096149953251,3.5780756529297197,3.578014162294851
3.578892826270729,3.5789543448612746,3.578974851203486,3.578954344861277,3.578892826270729
3.579812501186742,3.5798740490411802,3.5798945651381415,3.579874049041181,3.579812501186742
3.5807732065509428,3.5808347849785696,3.58085531126672,3.5808347849785696,3.5807732065509428
3.581774962744205,3.581836573055445,3.581857109971596,3.581836573055447,3.581774962744205
3.5828177910209433,3.5828794345274146,3.582899982508779,3.582879434527417,3.5828177910209433
3.583901713509956,3.5839633915244953,3.583983951008695,3.583963391524498,3.583901713509956
3.585026753215194,3.585088467051927,3.585109038477006,3.58508846705193,3.585026753215194
3.5861929340166445,3.5862546849910273,3.586275268795473,3.58625468499103,3.5861929340166445
3.5874002806712126,3.587462070100067,3.5874826667228312,3.58746207010007,3.5874002806712126
3.5886488188136214,3.5887106480152107,3.588731257895718,3.5887106480152133,3.5886488188136214
3.589938574957391,3.5900004452514462,3.5900210688296115,3.590000445251449,3.589938574957391
3.5912695764958062,3.5913314892035846,3.591352126919832,3.591331489203587,3.5912695764958062
3.592641851702928,3.5927038081472604,3.59272446044254,3.5927038081472626,3.592641851702928
3.5940554297346647,3.5941174312400044,3.5941380985558022,3.594117431240008,3.5940554297346647
3.5955103406298186,3.5955723885222968,3.595593071300665,3.595572388522299,3.5955103406298186
3.5970066153112406,3.5970687109187,3.59708940960226,3.5970687109187027,3.5970066153112406
3.5985442855869496,3.5986064302390153,3.5986271452709784,3.5986064302390175,3.5985442855869496
3.6001233841513316,3.6001855791794433,3.600206311003634,3.600185579179446,3.6001233841513316
3.6017439445863313,3.601806191323796,3.601826940384655,3.6018061913237993,3.6017439445863313
3.603406001362723,3.6034683011447832,3.603489067887388,3.6034683011447863,3.603406001362723
3.605109589841383,3.6051719440052317,3.6051927288753203,3.6051719440052343,3.605109589841383
3.606854746274586,3.606917156159445,3.6069379596034405,3.6069171561594477,3.606854746274586
3.6086415078073757,3.6087039747545373,3.6087247972195304,3.60870397475454,3.6086415078073757
3.6104699124789312,3.6105324378318073,3.610553279765615,3.6105324378318104,3.6104699124789312
3.6123399992239875,3.6124025843281538,3.6124234461793074,3.612402584328157,3.6123399992239875
3.6142518078742722,3.614314454077535,3.614335336295304,3.614314454077538,3.6142518078742722
3.6162053791599824,3.616268087812409,3.6162889908468223,3.6162680878124114,3.6162053791599824
3.6182007547113266,3.6182635271653076,3.61828445146717,3.6182635271653103,3.6182007547113266
3.6202379770600355,3.620300814670332,3.6203217606912377,3.6203008146703346,3.6202379770600355
3.6223170896409655,3.622379993764767,3.622400961957114,3.62237999376477,3.6223170896409655
3.6244381367937,3.624501108790664,3.624522099607673,3.6245011087906676,3.6244381367937
3.6266011637642137,3.626664204996516,3.626685218892264,3.6266642049965196,3.6266011637642137
3.628806216706534,3.628869328538934,3.6288903659683367,3.628869328538937,3.628806216706534
3.6310533426844818,3.631116526484356,3.6311375879032157,3.6311165264843592,3.6310533426844818
3.633342589673392,3.633405846810804,3.6334269326758104,3.633405846810807,3.633342589673392
3.635674006561934,3.6357373384096636,3.635758449178425,3.6357373384096667,3.635674006561934
3.6380476431538913,3.638111051087508,3.6381321872185417,3.638111051087511,3.6380476431538913
3.640463550170044,3.6405270355679433,3.6405481975207286,3.640527035567947,3.640463550170044
3.642921779250046,3.642985343493513,3.6430065317284743,3.6429853434935158,3.642921779250046
3.6454223829543495,3.6454860274275895,3.6455072424061417,3.645486027427592,3.6454223829543495
3.647965414766145,3.648029140856361,3.6480503830409097,3.6480291408563637,3.647965414766145
3.650550929093378,3.650614738190808,3.6506360080447733,3.6506147381908107,3.650550929093378
3.653178981270757,3.6532428747687353,3.653264172756561,3.653242874768738,3.653178981270757
3.6558496275618206,3.655913606856819,3.655934933444009,3.655913606856822,3.6558496275618206
3.6585629251610357,3.6586269916527185,3.6586483473058307,3.6586269916527208,3.6585629251610357
3.661318932195906,3.661383087287196,3.6614044724738752,3.661383087287198,3.661318932195906
3.664117707729176,3.664181952826286,3.664203368015283,3.6641819528262887,3.664117707729176
3.6669593117609987,3.6670236482735037,3.667045093934679,3.667023648273507,3.6669593117609987
3.6698438052311815,3.6699082345720657,3.6699297111764135,3.669908234572068,3.6698438052311815
3.672771250021472,3.672835773607171,3.672857281626849,3.672835773607177,3.672771250021472
3.675741708957838,3.6758063282083056,3.675827868116642,3.6758063282083207,3.675741708957838
3.678755245812833,3.678819962151578,3.6788415344230936,3.6788199621516187,3.678755245812833
3.681811925307959,3.6818767401620827,3.6818983452725447,3.681876740162236,3.681811925307959
3.6849118131160874,3.6849767279162626,3.684998366342756,3.684976727916822,3.6849118131160874
3.6880549758639156,3.688119992044128,3.6881416642654066,3.6881199920462158,3.6880549758639156
3.691241481134437,3.6913066001309316,3.69132830662853,3.6913066001387156,3.691241481134437
3.694471397469476,3.694536620716643,3.6945583619790656,3.694536620745683,3.6944713974694747
3.6977447943722352,3.6978101232871063,3.6978318998254074,3.6978101233954876,3.6977447943722304
3.701061742309876,3.7011271782341484,3.701148990639976,3.7011271786386293,3.701061742309858
3.704422312716023,3.704487856699639,3.7045097058617227,3.7044878582092,3.704422312715958
3.7078265779927557,3.7078922299866646,3.7079141178980817,3.7078922356204904,3.707826577992513
3.7112746115091553,3.7113403673561924,3.711362300123444,3.711340388382176,3.711274611508248
3.7147664875798494,3.714832327805512,3.7148543268573326,3.7148324062765252,3.714766487576463
3.718302281325775,3.7183681294286868,3.718390273223841,3.7183684222901388,3.718302281313131
3.7218820678466833,3.7219476353596193,3.7219702143192137,3.721948728347057,3.7218820677994726
3.72550591737396,3.7255701298439066,3.725594220346331,3.7255742089794164,3.725505917197686
3.7291738669667214,3.729232746295721,3.7292623282427875,3.7292479700265955,3.729173866308554
3.732885755384815,3.7329246601294725,3.732974376302506,3.7329814765756275,3.732885752927357
3.736640260098829,3.736605762534856,3.7367290402621367,3.736817807046053,3.736640250923154
3.7347380700290818,3.740129089648994,3.7405182151651393,3.7409204604232986,3.7347664690765283
