3.3373243563192343,3.3373423333246066,3.3373603103299545,3.337342333324608,3.337324356319235
3.3373063793138624,3.337360310514394,3.337378287704239,3.337360310514394,3.3373063793138624
3.3373603088538193,3.3374142417148627,3.3374322194582247,3.337414241714864,3.3373603088538193
3.337450192404398,3.3375041280330295,3.337522106698927,3.337504128033029,3.337450192404398
3.3375760318105416,3.337629971313931,3.3376479512714248,3.3376299713139304,3.3375760318105416
3.3377378296552727,3.3377917741407264,3.33780975575893,3.3377917741407264,3.3377378296552727
3.3379355892597653,3.33798953983477,3.3380075234828475,3.3379895398347696,3.3379355892597653
3.3381693146834777,3.3382232724557346,3.3382412585029324,3.338223272455735,3.3381693146834777
3.3384390107242914,3.338492976801768,3.338510965617402,3.338492976801768,3.3384390107242914
3.3387446829186893,3.338798658409648,3.3388166503631482,3.3387986584096474,3.3387446829186893
3.339086337541946,3.3391403235549904,3.3391583190158904,3.339140323554991,3.339086337541946
3.3394639816083758,3.3395179792524754,3.339535978590448,3.3395179792524767,3.3394639816083758
3.3398776228715423,3.3399316332561026,3.339949636840945,3.339931633256103,3.3398776228715423
3.340327269824581,3.340381294059456,3.3403993022611176,3.3403812940594553,3.340327269824581
3.340812931700483,3.3408669708960144,3.3408849840846284,3.3408669708960153,3.340812931700483
3.3413346184724237,3.341388673739503,3.3414066922853642,3.3413886737395053,3.3413346184724237
3.341892340854123,3.3419464133042194,3.3419644375778215,3.3419464133042216,3.341892340854123
3.342486110300244,3.342540201045438,3.3425582314174767,3.34254020104544,3.342486110300244
3.343115939006787,3.343170049159813,3.3431880860012106,3.343170049159816,3.343115939006787
3.3437818399115304,3.3438359705858374,3.3438540142677375,3.3438359705858383,3.3437818399115304
3.3444838266945123,3.344537979004265,3.3445560298980683,3.344537979004266,3.3444838266945123
3.3452219137784915,3.345276088838643,3.345294147316005,3.345276088838644,3.3452219137784915
3.345996116329503,3.346050315255818,3.3460683816886676,3.34605031525582,3.345996116329503
3.346806450257366,3.346860674166476,3.3468787489270184,3.3468606741664764,3.346806450257366
3.3476529322162794,3.34770718222571,3.347725265686459,3.3477071822257094,3.3476529322162794
3.348535579605413,3.348589856833616,3.348607949367408,3.3485898568336183,3.348535579605413
3.3494544105695283,3.34950871613595,3.3495268181159203,3.3495087161359516,3.3494544105695283
3.3504094439996495,3.350463779024741,3.3504818908243874,3.350463779024744,3.3504094439996495
3.351400699533697,3.35145506513898,3.3514731871321457,3.3514550651389823,3.351400699533697
3.352428197557255,3.352482594865343,3.3525007274262393,3.352482594865346,3.352428197557255
3.353491959204265,3.3535463893389084,3.3535645328421215,3.353546389338911,3.353491959204265
3.3545920063577754,3.3546464704439107,3.3546646252644248,3.3546464704439125,3.3545920063577754
3.355728361650764,3.3557828608145512,3.3558010273277485,3.3557828608145535,3.355728361650764
3.3569010484669324,3.3569555838357754,3.3569737624174754,3.3569555838357785,3.3569010484669324
3.358110090941534,3.3581646636441556,3.3581828546705945,3.3581646636441587,3.358110090941534
3.3593555139622646,3.359410125128725,3.3594283289766,3.3594101251287283,3.3593555139622646
3.3606373431701515,3.360691993931894,3.3607102109783495,3.3606919939318973,3.3606373431701515
3.3619556049604613,3.3620102964503467,3.3620285270730186,3.3620102964503498,3.3619556049604613
3.363310326483666,3.363365059836029,3.3633833044130252,3.363365059836032,3.363310326483666
3.3647015356464105,3.3647563119970836,3.3647745709070227,3.3647563119970867,3.3647015356464105
3.3661292611125173,3.3661840815988833,3.366202355220898,3.3661840815988855,3.3661292611125173
3.367593532304013,3.367648398065045,3.3676666867787923,3.3676483980650476,3.367593532304013
3.369094379402207,3.369149291578499,3.3691675957641847,3.3691492915785015,3.369094379402207
3.370631833348741,3.3706867930825646,3.370705113120953,3.3706867930825664,3.370631833348741
3.372205925846741,3.3722609342820724,3.3722792705544906,3.372260934282076,3.372205925846741
3.373816689361923,3.3738717476444995,3.373890100532863,3.3738717476445026,3.373816689361923
3.375464157123801,3.3755192664011435,3.3755376362879663,3.3755192664011453,3.375464157123801
3.377148363126844,3.3772035245483125,3.377221911816721,3.3772035245483143,3.377148363126844
3.378869342131712,3.3789245568485486,3.3789429618822937,3.378924556848551,3.378869342131712
3.380627129666525,3.38068239883188,3.38070082201535,3.3806823988318833,3.380627129666525
3.382421762028114,3.382477086797106,3.382495528515345,3.382477086797109,3.382421762028114
3.384253276283349,3.384308657813097,3.3843271184518153,3.3843086578131,3.384253276283349
3.38612171027046,3.3861771497201296,3.386195629665718,3.3861771497201323,3.38612171027046
3.388027102600411,3.3880826011312486,3.3881011007707977,3.388082601131251,3.388027102600411
3.3899694926582806,3.3900250514336676,3.3900435711549703,3.3900250514336703,3.3899694926582806
3.391948920604697,3.3920045407901736,3.3920230809817546,3.392004540790176,3.391948920604697
3.3939654273772595,3.394021110140583,3.394039671191699,3.394021110140586,3.3939654273772595
3.396019054692023,3.396074801203214,3.3960933835038745,3.396074801203217,3.396019054692023
3.398109845045017,3.398165656476385,3.3981842604173607,3.398165656476387,3.398109845045017
3.4002378417137553,3.4002937192399494,3.400312345212803,3.4002937192399525,3.4002378417137553
3.4024030887588155,3.4024590335568696,3.402477681953945,3.4024590335568723,3.4024030887588155
3.404605631025404,3.4046616442747792,3.4046803154892347,3.4046616442747824,3.404605631025404
3.4068455141449934,3.406901597027618,3.406920291453432,3.4069015970276206,3.4068455141449934
3.4091227845369607,3.40917893823727,3.4091976562692623,3.409178938237273,3.4091227845369607
3.411437489410259,3.411493715115242,3.4115124571490836,3.4114937151152445,3.411437489410259
3.4137896767651092,3.4138459756643607,3.4138647420965857,3.413845975664363,3.4137896767651092
3.416179395394771,3.4162357686805174,3.4162545599085403,3.4162357686805196,3.416179395394771
3.418606694887246,3.4186631437544053,3.418681960176533,3.418663143754407,3.418606694887246
3.421071625627116,3.4211281512733285,3.421146993288785,3.42112815127333,3.421071625627116
3.423574238797341,3.4236308424230186,3.4236497104319428,3.4236308424230213,3.423574238797341
3.426114586381098,3.4261712691894712,3.426190163592944,3.426171269189475,3.426114586381098
3.428692721163679,3.428749484360832,3.4287684055608905,3.428749484360841,3.428692721163679
3.4313086967343764,3.431365541529294,3.431384489928945,3.43136554152932,3.4313086967343764
3.433962567488432,3.434019495093028,3.43403847109628,3.43401949509312,3.433962567488432
3.436654388628997,3.4367114002581074,3.4367304042700346,3.4367114002584467,3.436654388628997
3.4393842161691217,3.439441313040376,3.4394603454673094,3.439441313041638,3.4393842161691217
3.4421521069337904,3.4422092902669728,3.442228351517192,3.4422092902716805,3.44215210693379
3.4449581185619604,3.4450153895765343,3.4450344800628088,3.445015389594099,3.4449581185619595
3.447802309508658,3.4478596694144032,3.4478787895634126,3.4478596694799526,3.4478023095086554
3.4506847390470856,3.4507421890090093,3.4507613392964855,3.4507421892536514,3.4506847390470754
3.4536054672707412,3.453663008278077,3.453682189359872,3.4536630091910974,3.4536054672707035
3.456564555095507,3.4566221874726883,3.4566414006738273,3.456622190880166,3.456564555095365
3.4595620642612546,3.4596197858433473,3.459639034982592,3.4596197985603774,3.459562064260724
3.462598057330493,3.4626558566568653,3.46267515485281,3.462655904118033,3.4625980573285102
3.465672597669359,3.4657304286008097,3.4657498236537587,3.4657306057304402,3.465672597661956
3.4687857493241534,3.4688434364232648,3.468863105430973,3.4688440974880166,3.4687857492965133
3.47193757628478,3.471994462337128,3.4720150641588585,3.4719969294941433,3.47193757618158
3.475128138157583,3.4751817724816196,3.4752057593731847,3.475190980148129,3.475128137772264
3.4783574648486906,3.4783987300585895,3.478435220704129,3.4784330939529267,3.4783574634100187
3.481625408678439,3.4816204621999227,3.4817032994318167,3.481748711549433,3.4816254033068184
3.4849307812425008,3.4847544106308503,3.485008803273785,3.4852330495061747,3.4849307611861904
3.4832366106996977,3.4874575958072014,3.488344453526304,3.4892439220152944,3.4833007153183253
