4.923018306699974,4.9230542708228295,4.923090234945995,4.92305427082283,4.923018306699975
4.922982342577118,4.923090235385409,4.923126199947402,4.923090235385408,4.922982342577118
4.923090231436488,4.9231981281942945,4.923234094072811,4.923198128194296,4.923090231436488
4.923270048541977,4.923377951882468,4.923413919955241,4.9233779518824665,4.923270048541977
4.923521798281748,4.923629710838368,4.92366568198324,4.923629710838367,4.923521798281748
4.9238454867994275,4.923953411206038,4.923989386300956,4.923953411206037,4.9238454867994275
4.924241121994451,4.924349060885406,4.924385040808502,4.924349060885406,4.924241121994451
4.924708713522368,4.924816669532635,4.924852655162254,4.924816669532635,4.924708713522368
4.925248272795237,4.925356248560519,4.925392240775239,4.925356248560519,4.925248272795237
4.925859812982132,4.9259678111389835,4.9260038108176705,4.9259678111389835,4.925859812982132
4.926543349009697,4.926651372195631,4.926687380217458,4.926651372195631,4.926543349009697
4.927298897562807,4.927406948416386,4.927442965660899,4.927406948416388,4.927298897562807
4.928126477085241,4.928234558246232,4.928270585593356,4.928234558246233,4.928126477085241
4.92902610778049,4.929134221889953,4.929170260220053,4.929134221889953,4.92902610778049
4.929997811612653,4.930105961313039,4.930142011506955,4.930105961313043,4.929997811612653
4.931041612307319,4.93114980024262,4.931185863181695,4.931149800242622,4.931041612307319
4.932157535352621,4.932265764168452,4.932301840734557,4.932265764168455,4.932157535352621
4.933345608000294,4.933453880344028,4.933489971419643,4.9334538803440315,4.933345608000294
4.934605859266867,4.9347141777877335,4.934750284255942,4.934714177787739,4.934605859266867
4.935938319934916,4.936046687284115,4.936082810028658,4.936046687284117,4.935938319934916
4.937343022554329,4.937451441385146,4.937487581290484,4.937451441385148,4.937343022554329
4.938820001443756,4.938928474411676,4.938964632362973,4.938928474411679,4.938820001443756
4.94036929269201,4.9404778224548505,4.940513999338059,4.940477822454854,4.94036929269201
4.941990934159678,4.942099523377676,4.942135720079545,4.942099523377676,4.941990934159678
4.94368496548071,4.943793616816632,4.943829834224772,4.943793616816632,4.94368496548071
4.945451428064099,4.94556014418338,4.9455963831862935,4.945560144183384,4.945451428064099
4.94729036509567,4.947399148666523,4.947435410153612,4.947399148666527,4.94729036509567
4.949201821539944,4.949310675233457,4.9493469600950855,4.949310675233459,4.949201821539944
4.951185844142025,4.951294770632287,4.9513310797598535,4.951294770632292,4.951185844142025
4.953242481429611,4.953351483393828,4.95338781767973,4.95335148339383,4.953242481429611
4.955371783715082,4.955480863833688,4.955517224171429,4.955480863833691,4.955371783715082
4.957573803097656,4.95768296405442,4.9577193513386,4.957682964054425,4.957573803097656
4.959848593465594,4.95995783794776,4.959994253074135,4.959957837947765,4.959848593465594
4.962196210498518,4.9623055411968995,4.9623419850624115,4.962305541196903,4.962196210498518
4.964616711669804,4.964726131278893,4.964762604781736,4.964726131278898,4.964616711669804
4.967110156249033,4.967219667467131,4.967256171506754,4.967219667467136,4.967110156249033
4.969676605304527,4.969786210833865,4.969822746311019,4.9697862108338695,4.969676605304527
4.972316121705947,4.972425824252796,4.972462392069576,4.9724258242528006,4.972316121705947
4.975028770127035,4.975138572401806,4.975175173461709,4.975138572401811,4.975028770127035
4.97781461704832,4.977924521765707,4.977961156973631,4.977924521765712,4.97781461704832
4.980673730760008,4.980783740639076,4.980820410901399,4.9807837406390805,4.980673730760008
4.983606181364878,4.983716299129214,4.983753005353809,4.9837162991292185,4.983606181364878
4.986612040781313,4.986722269159117,4.986759012255392,4.986722269159121,4.986612040781313
4.989691382746355,4.989801724470563,4.989838505349501,4.989801724470567,4.989691382746355
4.992844282818883,4.9929547406272805,4.992991560201513,4.992954740627285,4.992844282818883
4.9960708183828215,4.996181395018185,4.996218254201973,4.996181395018189,4.9960708183828215
4.999371068650501,4.999481766860684,4.9995186665699896,4.999481766860688,4.999371068650501
5.002745114666016,5.0028559372040915,5.002892878356612,5.002855937204095,5.002745114666016
5.006193039308695,5.006303988933058,5.006340972448277,5.0063039889330625,5.006193039308695
5.009714927296671,5.009826006771169,5.009863033570385,5.009826006771172,5.009714927296671
5.01331086519053,5.013422077284564,5.01345914829093,5.0134220772845675,5.01331086519053
5.016980941396961,5.017092288885635,5.017129405024195,5.017092288885641,5.016980941396961
5.020725246172626,5.020836731836846,5.020873894034576,5.020836731836851,5.020725246172626
5.024543871627959,5.024655498254559,5.024692707440418,5.024655498254562,5.024543871627959
5.028436911731166,5.028548682113011,5.028585939217977,5.028548682113016,5.028436911731166
5.032404462312221,5.032516379248369,5.032553685205464,5.032516379248372,5.032404462312221
5.0364466210670145,5.036558687362789,5.036596043107144,5.036558687362794,5.0364466210670145
5.0405634875614975,5.040675706028645,5.0407131124975155,5.040675706028649,5.0405634875614975
5.0447551632360055,5.044867536692804,5.044904994825626,5.0448675366928075,5.0447551632360055
5.049021751409571,5.049134282680942,5.049171793419382,5.049134282680947,5.049021751409571
5.053363357284392,5.0534760492020405,5.053513613490001,5.053476049202043,5.053363357284392
5.057780087950305,5.057892943352835,5.057930562136533,5.057892943352839,5.057780087950305
5.062272052389437,5.062385074122468,5.062422748350461,5.0623850741224725,5.062272052389437
5.066839361480854,5.0669525523971535,5.066990283020377,5.066952552397156,5.066839361480854
5.071482128005318,5.071595490964919,5.07163327893673,5.071595490964923,5.071482128005318
5.076200466650153,5.076314004520488,5.076351850796709,5.07631400452049,5.076200466650153
5.080994494014155,5.081108209670175,5.081146115209152,5.0811082096701785,5.080994494014155
5.085864328612638,5.085978224936923,5.086016190699517,5.085978224936927,5.085864328612638
5.0908100908824645,5.090924170765381,5.090962197715057,5.0909241707653825,5.0908100908824645
5.095831903187298,5.095946169527094,5.095984258629952,5.095946169527095,5.095831903187298
5.100929889822808,5.101044345525747,5.101082497750557,5.101044345525749,5.100929889822808
5.1061041770220355,5.106218825002538,5.106257041320795,5.106218825002546,5.1061041770220355
5.11135489296084,5.111469736141591,5.111508017527535,5.111469736141608,5.11135489296084
5.1166821677633845,5.1167972090754645,5.116835556506151,5.116797209075508,5.1166821677633845
5.122086133507747,5.122201375890743,5.122239790346102,5.12220137589089,5.122086133507747
5.127566924231633,5.127682370633674,5.127720853096614,5.127682370634213,5.127566924231633
5.133124675938104,5.133240329315715,5.13327888077248,5.133240329317725,5.133124675938103
5.138759526601459,5.138875389918597,5.1389140113598755,5.138875389926101,5.138759526601458
5.144471616173153,5.144587692397355,5.144626384822328,5.144587692425347,5.144471616173151
5.150261086587873,5.15037737867535,5.150416143106745,5.150377378779809,5.150261086587868
5.156128081769577,5.156244592609444,5.156283430149497,5.1562445929992915,5.156128081769557
5.1620727476376285,5.162189479843355,5.162228391882504,5.1621894812983,5.162072747637556
5.168095232112427,5.168212187243849,5.168251176238885,5.168212192673846,5.168095232112157
5.174195685117939,5.174312860780735,5.174351933155336,5.174312881046053,5.1741956851169295
5.180374258565614,5.180491637605824,5.180530814555676,5.18049171323811,5.180374258561845
5.186631106228432,5.186748616521284,5.186787974223428,5.186748898788879,5.1866311062143575
5.192966382972474,5.193083748027456,5.193123567027884,5.193084801479618,5.192966382919923
5.199380240234268,5.199496425588204,5.199537744381027,5.1995003571818,5.199380240038036
5.205872799585221,5.205983969710065,5.206030627726219,5.205998642828531,5.2058727988524875
5.212443998458878,5.212536025940626,5.212602153985256,5.212590787553618,5.212443995722814
5.2190926903430475,5.219113981608311,5.219251174720567,5.219318357677875,5.219092680126396
5.2157351160089025,5.225576035429013,5.2259702056108335,5.226338788310928,5.215762486598511
