3.1250763860113793,3.1250922747893046,3.125108163567293,3.125092274789306,3.12507638601138
3.125060497233454,3.1251081637254425,3.125124052661452,3.125108163725442,3.125060497233454
3.1251081623033787,3.1251558302175626,3.1251717196276454,3.125155830217564,3.1251081623033787
3.1251876049292195,3.125235275213789,3.125251165414007,3.1252352752137886,3.1251876049292195
3.1252988266911452,3.125346500294356,3.1253623916008064,3.125346500294356,3.1252988266911452
3.1254418298014546,3.125489507671698,3.1255054004005025,3.1254895076716984,3.1254418298014546
3.1256166171046753,3.1256643001904756,3.1256801946578183,3.1256643001904747,3.1256166171046753
3.1258231920776383,3.1258708813277027,3.1258867778498307,3.1258708813277036,3.1258231920776383
3.1260615588296172,3.1261092551928757,3.1261251540860933,3.1261092551928757,3.1260615588296172
3.126331722102469,3.1263794265280906,3.126395328108795,3.1263794265280906,3.126331722102469
3.1266336872707847,3.1266814007082293,3.1266973052929066,3.1266814007082298,3.1266336872707847
3.126967460342103,3.127015183741133,3.1270310916463844,3.127015183741135,3.126967460342103
3.1273330479570913,3.12738078226783,3.1273966938103546,3.127380782267831,3.1273330479570913
3.127730457389802,3.1277782035627455,3.1277941190593834,3.127778203562745,3.127730457389802
3.128159696547911,3.1282074555339636,3.1282233753016873,3.128207455533966,3.128159696547911
3.1286207739729974,3.1286685467235147,3.128684471079452,3.128668546723517,3.1286207739729974
3.129113698840829,3.1291614863076553,3.1291774155690826,3.1291614863076576,3.129113698840829
3.1296384809617233,3.1296862840971977,3.1297022185815684,3.1296862840972,3.1296384809617233
3.130195130780825,3.130242950537845,3.1302588905628004,3.130242950537847,3.130195130780825
3.1307836593785257,3.1308314967105737,3.1308474425939314,3.1308314967105746,3.1307836593785257
3.131404078470834,3.1314519343319906,3.1314678863917953,3.1314519343319915,3.131404078470834
3.132056400409764,3.132104275754765,3.1321202343092573,3.1321042757547657,3.132056400409764
3.132740638183799,3.132788533968055,3.1328044993357143,3.1327885339680566,3.132740638183799
3.1334568054183074,3.1335047225979458,3.133520695097481,3.1335047225979467,3.1334568054183074
3.134204916376057,3.134252855907949,3.134268835858324,3.1342528559079486,3.134204916376057
3.134984985957681,3.1350329487994726,3.1350489365199095,3.1350329487994744,3.134984985957681
3.135797029702207,3.1358450168123704,3.1358610126223536,3.1358450168123726,3.135797029702207
3.136641063787619,3.1366890761254567,3.136705080344766,3.1366890761254593,3.136641063787619
3.1375171050313786,3.137565143557087,3.1375811565057843,3.1375651435570893,3.1375171050313786
3.138425170891052,3.138473236565735,3.138489258564195,3.1384732365657375,3.138425170891052
3.1393652794649105,3.1394133732506107,3.139429404619523,3.1394133732506133,3.1393652794649105
3.1403374494925385,3.1403855723522884,3.1404016134126618,3.140385572352291,3.1403374494925385
3.1413417003555058,3.1413898532533566,3.1414059043265463,3.1413898532533593,3.1413417003555058
3.142378052078052,3.142426235979096,3.1424422973868005,3.142426235979098,3.142378052078052
3.143446525327774,3.143494741198181,3.1435108132624627,3.1434947411981837,3.143446525327774
3.1445471414163366,3.1445953902233974,3.1446114732666968,3.1445953902233996,3.1445471414163366
3.145679922300229,3.1457282050123827,3.1457442993575113,3.1457282050123854,3.145679922300229
3.1468448905815363,3.1468932081684087,3.146909314138578,3.1468932081684113,3.1468448905815363
3.1480420695087177,3.148090422941147,3.1481065408599704,3.148090422941149,3.1480420695087177
3.1492714829774204,3.1493198732275,3.1493360034190143,3.149319873227502,3.1492714829774204
3.150533155531321,3.1505815835724196,3.1505977263610903,3.1505815835724222,3.150533155531321
3.1518271123629598,3.1518755791697766,3.1518917348805067,3.151875579169779,3.1518271123629598
3.153153379314649,3.1532018858632336,3.153218054821372,3.1532018858632367,3.153153379314649
3.1545119828793595,3.154560530147152,3.15457671267851,3.154560530147155,3.1545119828793595
3.1559029502016434,3.1559515391674973,3.1559677355983746,3.1559515391674995,3.1559029502016434
3.1573263090785972,3.1573749407228204,3.1573911513799895,3.1573749407228227,3.1573263090785972
3.1587820879608137,3.158830763265214,3.158846988475947,3.158830763265216,3.1587820879608137
3.160270315953369,3.160319035901283,3.1603352759933556,3.160319035901286,3.160270315953369
3.1617910228168906,3.1618397883931997,3.161856043694917,3.161839788393202,3.1617910228168906
3.163344238968524,3.163393051159714,3.163409321999905,3.163393051159716,3.163344238968524
3.164929995483055,3.1649788552772398,3.164995141985279,3.164978855277242,3.164929995483055
3.166548324093962,3.1665972324809117,3.166613535386727,3.1665972324809144,3.166548324093962
3.1681992571945363,3.1682482151657227,3.168264534599815,3.1682482151657254,3.1681992571945363
3.1698828278390088,3.1699318363876396,3.169948172681077,3.169931836387642,3.1698828278390088
3.1715990697437086,3.1716481298647623,3.1716644833492045,3.171648129864765,3.1715990697437086
3.173348017288257,3.1733971299785058,3.1734135009862143,3.173397129978508,3.173348017288257
3.1751297055167274,3.1751788717747864,3.1751952606386427,3.1751788717747886,3.1751297055167274
3.1769441701389267,3.1769933909652797,3.1770097980187795,3.1769933909652828,3.1769441701389267
3.1787914475315913,3.178840723928637,3.17885714950592,3.1788407239286394,3.1787914475315913
3.1806715747396876,3.1807209077117697,3.1807373521476165,3.1807209077117715,3.1806715747396876
3.182584589477717,3.1826339800311474,3.1826504436610032,3.18263398003115,3.182584589477717
3.1845305301310005,3.1845799792741154,3.1845964624340932,3.184579979274119,3.1845305301310005
3.1865094357570456,3.186558944500232,3.1865754475271264,3.186558944500234,3.1865094357570456
3.1885213460869237,3.188570915442644,3.188587438673955,3.188570915442646,3.1885213460869237
3.19056630152663,3.1906159325094734,3.1906324762833975,3.190615932509476,3.19056630152663
3.1926443431585154,3.1926940367852317,3.1927106014406923,3.1926940367852334,3.1926443431585154
3.1947555127427303,3.1948052700322576,3.1948218559089034,3.1948052700322593,3.1947555127427303
3.1968998527186634,3.1969496746921773,3.1969662821303975,3.1969496746921795,3.1968998527186634
3.1990774062064613,3.199127293887386,3.199143923228339,3.1991272938873876,3.1990774062064613
3.2012882170085057,3.2013381714225804,3.2013548230081765,3.2013381714225835,3.2012882170085057
3.203532329610965,3.2035823517862654,3.203599025959201,3.20358235178627,3.203532329610965
3.2058097891853596,3.2058598801523286,3.2058765772560847,3.205859880152338,3.2058097891853596
3.208120641590115,3.2081708023816047,3.2081875227604857,3.208170802381628,3.208120641590115
3.210464933372201,3.210515165023496,3.2105319090226283,3.210515165023578,3.210464933372201
3.2128427117687512,3.212893015317557,3.2129097832829516,3.2128930153178574,3.2128427117687512
3.2152540247087043,3.2153044011950382,3.215321193473766,3.215304401196147,3.215254024708704
3.2176989208145135,3.2177493712801306,3.217766188220926,3.2177493712842695,3.2176989208145135
3.2201774494038276,3.2202279748900486,3.2202448168455415,3.220227974905491,3.2201774494038267
3.2226896604912225,3.222740262030707,3.2227571293657036,3.2227402620883328,3.2226896604912203
3.225235604789971,3.225286283375859,3.225303176498233,3.225286283590921,3.225235604789962
3.227815333713789,3.2278660901845315,3.2278830096604496,3.2278660909871624,3.2278153337137567
3.230428899378563,3.230479733988027,3.230496680971879,3.23047973698352,3.230428899378442
3.2330763546036803,3.2331272654171377,3.233144243255524,3.233127276596605,3.233076354603228
3.235757752910796,3.235808729821331,3.235825750036468,3.2358087715441517,3.235757752909108
3.2384731485074956,3.23852415092093,3.23854125552487,3.238524306634432,3.238473148501194
3.2412225961814434,3.241273469830031,3.241290814507644,3.241274050967516,3.2412225961579155
3.244006150669306,3.244056317710109,3.244074481708164,3.2440584865700743,3.2440061505814626
3.246823862949659,3.246871168632947,3.2468923080448264,3.2468792630231667,3.2468238626216803
3.2496757585549148,3.2497121858271942,3.2497443188150306,3.249742394856084,3.249675757330351
3.2525617108840033,3.2525574973058893,3.2526303865320183,3.2526702402557937,3.2525617063118624
3.255480701794619,3.2553257059803467,3.2555494897513615,3.255746473323211,3.2554806847235813
3.2539847055849815,3.257715135069524,3.258495393169876,3.259285478562113,3.254041059988503
