3.308389942418559,3.308407679537023,3.308425416655567,3.3084076795370247,3.30838994241856
3.3083722053000955,3.3084254168370477,3.3084431541369224,3.3084254168370473,3.3083722053000955
3.3084254152051646,3.3084786283741443,3.308496366218036,3.3084786283741456,3.3084254152051646
3.3085140993472453,3.3085673152363357,3.3085850539869437,3.3085673152363353,3.3085140993472453
3.308638259539632,3.3086914792370052,3.30870921925706,3.3086914792370044,3.308638259539632
3.308797898321039,3.308851122915009,3.3088688645672786,3.3088511229150095,3.308797898321039
3.3089930189556624,3.309046249534718,3.30906399318204,3.309046249534718,3.3089930189556624
3.3092236254333245,3.3092768630861658,3.309294609091447,3.309276863086166,3.3092236254333245
3.3094897224696007,3.309542968285186,3.309560717011413,3.309542968285186,3.3094897224696007
3.309791315505995,3.309844570573566,3.3098623223838257,3.309844570573566,3.309791315505995
3.3101284107101256,3.310181676119268,3.310199431376756,3.310181676119269,3.3101284107101256
3.3105010149759693,3.3105542918166293,3.3105720508846677,3.3105542918166306,3.3105010149759693
3.310909135924082,3.3109624252866166,3.310980188528664,3.310962425286618,3.310909135924082
3.3113527819018724,3.3114060848770963,3.3114238526567603,3.311406084877095,3.3113527819018724
3.3118319619839354,3.3118852796631355,3.3119030523441877,3.3118852796631377,3.3118319619839354
3.312346685972335,3.312400019447341,3.312417797393717,3.312400019447343,3.312346685972335
3.312896964396973,3.3129503147601644,3.3129680983360097,3.312950314760166,3.312896964396973
3.31348280851597,3.3135361768603473,3.3135539664299944,3.3135361768603495,3.31348280851597
3.314104230316072,3.3141576177352685,3.3141754136632615,3.3141576177352703,3.314104230316072
3.3147612425130637,3.3148146501014026,3.3148324527525217,3.314814650101404,3.3147612425130637
3.315453858552229,3.3155072874047553,3.315525097144023,3.315507287404756,3.315453858552229
3.3161820926088597,3.3162355438213704,3.3162533610140557,3.3162355438213713,3.3161820926088597
3.3169459595887107,3.3169994342578195,3.3170172592694644,3.3169994342578217,3.3169459595887107
3.3177454751285866,3.317798974351742,3.317816807548169,3.317798974351743,3.3177454751285866
3.3185806555968744,3.3186341804724013,3.3186520222197187,3.318634180472401,3.3185806555968744
3.319451518094128,3.319505069721274,3.319522920385906,3.3195050697212753,3.319451518094128
3.320358080453699,3.320411659932668,3.3204295198813485,3.32041165993267,3.320358080453699
3.321300361242357,3.321353969674354,3.321371839274163,3.3213539696743557,3.321300361242357
3.322278379760968,3.3223320182482388,3.322349897866589,3.322332018248241,3.322278379760968
3.3232921560451887,3.323345825691047,3.3233637156957165,3.3233458256910495,3.3232921560451887
3.324341710866166,3.3243954127750466,3.324413313534192,3.3243954127750492,3.324341710866166
3.325427065731295,3.325480801008796,3.3254987128909446,3.3254808010087986,3.325427065731295
3.326548242884997,3.326602012637903,3.3266199360119932,3.3266020126379066,3.326548242884997
3.3277052653094965,3.3277590706458424,3.327777005881216,3.3277590706458455,3.3277052653094965
3.328898156725677,3.328951998754752,3.328969946221191,3.328951998754755,3.328898156725677
3.3301269415938886,3.3301808214263193,3.3301987814940217,3.3301808214263215,3.3301269415938886
3.3313916451148646,3.331445563862621,3.331463536902255,3.331445563862624,3.3313916451148646
3.3326922932306013,3.3327462520070554,3.3327642383897467,3.3327462520070585,3.3326922932306013
3.3340289126253126,3.3340829125452673,3.3341009126426218,3.3340829125452704,3.3340289126253126
3.335401530726351,3.3354555729060857,3.335473587090202,3.335455572906088,3.335401530726351
3.336810175705212,3.3368642612625328,3.3368822899060167,3.336864261262535,3.336810175705212
3.3382548764785716,3.3383090065328225,3.3383270500087954,3.3383090065328247,3.3382548764785716
3.339735662709267,3.3397898383813986,3.339807897063514,3.3397898383814018,3.339735662709267
3.341252564807395,3.341306787220002,3.3413248614824607,3.341306787220005,3.341252564807395
3.3428056139314215,3.3428598842087642,3.342877974426325,3.342859884208767,3.3428056139314215
3.3443948419892475,3.3444491612573093,3.344467267805304,3.3444491612573124,3.3443948419892475
3.346020281639407,3.346074651025931,3.3460927742802835,3.3460746510259334,3.346020281639407
3.347681966292205,3.3477363869267367,3.3477545272639575,3.347736386926739,3.347681966292205
3.349379930110943,3.3494344031248526,3.3494525609220824,3.3494344031248544,3.349379930110943
3.351114208013108,3.3511687345396637,3.3511869101746554,3.351168734539667,3.351114208013108
3.352884835671662,3.3529394168460507,3.3529576106971968,3.3529394168460533,3.352884835671662
3.354691849516318,3.3547464864756784,3.3547646989220454,3.3547464864756806,3.354691849516318
3.356535286734827,3.356589980618315,3.3566082120396192,3.356589980618318,3.356535286734827
3.3584151852743385,3.3584699372231475,3.358488187999786,3.35846993722315,3.3584151852743385
3.360331583842743,3.360386395000156,3.360404665513234,3.3603863950001585,3.360331583842743
3.362284521910086,3.3623393934215082,3.3623576840528364,3.3623393934215104,3.362284521910086
3.364274039709958,3.3643289727229724,3.3643472838550723,3.3643289727229755,3.364274039709958
3.366300178240973,3.3663551739053648,3.366373505921507,3.3663551739053674,3.366300178240973
3.3683629792682006,3.368418038736014,3.3684363920202145,3.3684180387360168,3.3683629792682006
3.370462485324716,3.370517609750282,3.3705359846873275,3.370517609750284,3.370462485324716
3.3725987397130908,3.3726539302530787,3.37267232722853,3.3726539302530805,3.3725987397130908
3.374771786506963,3.374827044320424,3.374845463720634,3.3748270443204276,3.374771786506963
3.3769816705526248,3.3770369968010274,3.377055439013156,3.377036996801029,3.3769816705526248
3.3792284374706396,3.3792838333179076,3.3793022987299413,3.379283833317909,3.3792284374706396
3.381512133657466,3.3815676002700332,3.3815860892707796,3.3815676002700354,3.381512133657466
3.383832806287144,3.383888344833989,3.383906857813116,3.383888344833991,3.383832806287144
3.386190503312975,3.386246114965668,3.386264652313704,3.3862461149656706,3.386190503312975
3.388585273469273,3.3886409594020113,3.38865952151036,3.3886409594020135,3.388585273469273
3.3910171662730986,3.391072927662753,3.3910915149237093,3.3910729276627554,3.3910171662730986
3.393486232026039,3.393542070052204,3.3935606828589693,3.393542070052206,3.393486232026039
3.3959925218160394,3.396048437661061,3.396067076407755,3.396048437661063,3.3959925218160394
3.3985360875192234,3.398592082368252,3.3986107474499327,3.3985920823682556,3.3985360875192234
3.401116981801767,3.401173056842801,3.401191748655472,3.4011730568428056,3.401116981801767
3.403735258121794,3.403791414545719,3.403810133486348,3.403791414545727,3.403735258121794
3.4063909707313114,3.40644720973194,3.4064659561984767,3.406447209731964,3.4063909707313114
3.4090841746781506,3.4091404974522583,3.4091592718436607,3.409140497452336,3.4090841746781506
3.411814925807964,3.4118713335552857,3.4118901362715763,3.411871333555579,3.411814925807964
3.4145832807662253,3.4146397746893498,3.414658606131782,3.414639774690436,3.4145832807662253
3.4173892970002813,3.417445878304113,3.417464738875769,3.417445878308161,3.417389297000281
3.420233032761421,3.420289702651055,3.420308592759024,3.420289702666165,3.4202330327614208
3.4231145471069384,3.423171306779672,3.4231902268431074,3.423171306836065,3.4231145471069357
3.4260338999021727,3.4260907505175875,3.4261097009976713,3.4260907507280476,3.426033899902164
3.4289911518219798,3.429048094390841,3.429067075901949,3.429048095176297,3.4289911518219474
3.4319863643489867,3.4320433993218593,3.4320624130429795,3.4320434022532527,3.4319863643488646
3.435019599752882,3.435076725504636,3.4350957746948625,3.4350767364448704,3.4350195997524264
3.4380909209587944,3.4381481282489488,3.4381672237869605,3.4381481690789464,3.4380909209570945
3.4412003907691195,3.4412576427454096,3.4412768231250888,3.441257795126864,3.4412003907627717
3.4443480673154214,3.4444052288384905,3.444424630841116,3.4444057975406634,3.4443480672917217
3.447533977533892,3.447590574452022,3.44761067386022,3.447592696902955,3.4475339774454037
3.4507579625375593,3.450812417575488,3.4508347932447894,3.450820338765536,3.450757962207168
3.4540187762919334,3.4540663400675897,3.454095742777915,3.4540959027072327,3.454018775058334
3.4523771137049786,3.45733842362503,3.457385935092054,3.457448754227151,3.452381073066371
