3.890643387818826,3.8906672709253005,3.8906911540317743,3.8906672709253014,3.8906433878188262
3.890619504712351,3.8906911542948843,3.8907150376644792,3.890691154294884,3.890619504712351
3.8906911519267435,3.8907628038774016,3.8907866880363824,3.8907628038774034,3.8906911519267435
3.8908105653539726,3.8908822212516023,3.890906106726261,3.8908822212516014,3.8908105653539726
3.8909777476251866,3.8910494090487835,3.891073296365455,3.891049409048783,3.8909777476251866
3.891192702424118,3.891264370952892,3.89128826063798,3.891264370952892,3.891192702424118
3.891455434487258,3.891527111700686,3.8915510042806996,3.8915271117006855,3.891455434487258
3.8917659496040002,3.891837637081897,3.8918615330834463,3.891837637081897,3.8917659496040002
3.892124254616881,3.892195953939463,3.892219853889293,3.892195953939463,3.892124254616881
3.892530357421857,3.8926020701697928,3.892625974594799,3.8926020701697923,3.892530357421857
3.8929842669685817,3.893055994723062,3.8930799041503086,3.8930559947230607,3.8929842669685817
3.8934859932607817,3.8935577376035644,3.8935816525603193,3.893557737603566,3.8934859932607817
3.8940355473566095,3.894107309870103,3.8941312308838416,3.894107309870104,3.8940355473566095
3.8946329413690957,3.8947047236364116,3.8947286512348387,3.8947047236364107,3.8946329413690957
3.8952781884666097,3.895349992071608,3.8953739267826863,3.89534999207161,3.8952781884666097
3.8959713028733605,3.8960431294007325,3.896067071752708,3.896043129400735,3.8959713028733605
3.896712299869944,3.8967841509052694,3.896808101426663,3.896784150905272,3.896712299869944
3.8975011957939496,3.897573072923746,3.897597032143409,3.8975730729237483,3.8975011957939496
3.898338008040572,3.898409912852363,3.8984338812994763,3.898409912852366,3.898338008040572
3.8992227550632865,3.8992946891456715,3.8993186673497737,3.8992946891456732,3.8992227550632865
3.900155456374571,3.900227421317269,3.9002514098082774,3.90022742131727,3.900155456374571
3.901136132546643,3.901208129940571,3.9012321292487915,3.9012081299405725,3.901136132546643
3.9021648052122657,3.9022368366495845,3.902260847305756,3.902236836649587,3.9021648052122657
3.903241497065571,3.903313564139766,3.9033375866750437,3.903313564139767,3.903241497065571
3.9043662318629506,3.904438336168873,3.904462371114889,3.9044383361688726,3.9043662318629506
3.9055390344239607,3.9056111775579034,3.905635225446753,3.9056111775579057,3.9055390344239607
3.90675993063228,3.9068321141920306,3.9068561755563214,3.906832114192033,3.90675993063228
3.9080289474367205,3.9081011730216217,3.9081252483944846,3.9081011730216244,3.9080289474367205
3.9093461128522375,3.909418382063267,3.9094424719783554,3.9094183820632695,3.9093461128522375
3.910711455961056,3.910783770400862,3.910807875392404,3.9107837704008657,3.910711455961056
3.912125006913745,3.9121973681867335,3.912221488789538,3.912197368186737,3.912125006913745
3.9135867969304265,3.9136592066428,3.9136833433922718,3.9136592066428024,3.9135867969304265
3.9150968583019328,3.9151693180617726,3.9151934714939456,3.9151693180617753,3.9150968583019328
3.916655224391106,3.9167277358084185,3.9167519064599716,3.916727735808421,3.916655224391106
3.9182619296340446,3.918334494320828,3.918358682729107,3.918334494320831,3.9182619296340446
3.9199170095414417,3.9199896291117646,3.920013835814787,3.9199896291117677,3.9199170095414417
3.921620500699969,3.9216931767700043,3.9217174023065082,3.921693176770008,3.921620500699969
3.9233724407736763,3.9234451749617905,3.9234694198712368,3.9234451749617936,3.9233724407736763
3.925172868505457,3.925245662432256,3.9252699272548512,3.925245662432259,3.925172868505457
3.9270218237185386,3.9270946790069297,3.927118964283657,3.927094679006933,3.9270218237185386
3.928919347318014,3.928992265593286,3.929016571865906,3.928992265593289,3.928919347318014
3.930865481292432,3.9309384641823013,3.9309627919933954,3.930938464182304,3.930865481292432
3.9328602687154213,3.932933317850095,3.932957667743079,3.932933317850098,3.9328602687154213
3.93490375374734,3.9349768707595953,3.9350012432787267,3.934976870759598,3.93490375374734
3.9369959816369886,3.937069168162218,3.937093563852643,3.9370691681622216,3.9369959816369886
3.939136998723373,3.939210256399662,3.9392346758074086,3.9392102563996656,3.939136998723373
3.941326852437471,3.941400182905644,3.941424626577673,3.9414001829056473,3.941326852437471
3.9435655913040835,3.94363899620779,3.9436634646919786,3.943638996207793,3.9435655913040835
3.945853264943695,3.9459267459294614,3.945951239774661,3.9459267459294645,3.945853264943695
3.9481899240744194,3.948263482791705,3.948288002547744,3.9482634827917082,3.9481899240744194
3.950575620513926,3.950649258615198,3.9506738048329133,3.9506492586152016,3.950575620513926
3.9530104071814596,3.953084126322267,3.953108699553502,3.95308412632227,3.9530104071814596
3.9554943380998995,3.9555681399389067,3.9555927407365687,3.9555681399389098,3.9554943380998995
3.9580274683978143,3.9581013545969035,3.9581259835149574,3.9581013545969066,3.9580274683978143
3.9606098543116457,3.9606838265359503,3.960708484129441,3.9606838265359534,3.9606098543116457
3.963241553187833,3.9633156131058156,3.9633402999309135,3.9633156131058187,3.963241553187833
3.9659226234850555,3.9659967727685803,3.966021489382575,3.965996772768584,3.9659226234850555
3.9686531247765013,3.9687273651008845,3.968752112062224,3.968727365100887,3.9686531247765013
3.9714331177521616,3.971507450796242,3.9715322286645462,3.971507450796245,3.9714331177521616
3.9742626642211767,3.974337091667386,3.9743619010034736,3.974337091667389,3.9742626642211767
3.9771418271142345,3.977216350648662,3.9772411920145703,3.977216350648665,3.9771418271142345
3.9800706704860245,3.9801452917984745,3.980170165757474,3.980145291798478,3.9800706704860245
3.9830492595176734,3.9831239803017433,3.983148887418377,3.9831239803017464,3.9830492595176734
3.9860776605193204,3.9861524824724537,3.986177423312551,3.9861524824724572,3.9860776605193204
3.989155940932655,3.98923086575622,3.9892558408869037,3.989230865756223,3.989155940932655
3.9922841693335314,3.992359198732885,3.992384208722607,3.9923591987328875,3.9922841693335314
3.995462415434641,3.995537551119185,3.9955625965377646,3.9955375511191877,3.995462415434641
3.9986907500881954,3.9987659937714604,3.998791075190077,3.9987659937714626,3.9986907500881954
4.001969245288694,4.002044598688387,4.002069716679624,4.002044598688389,4.001969245288694
4.005297974175695,4.005373439013788,4.005398594151636,4.005373439013789,4.005297974175695
4.0086770110366645,4.008752589039437,4.008777781899337,4.0087525890394415,4.0086770110366645
4.012106431309838,4.01218212420798,4.012207355366827,4.012182124207987,4.012106431309838
4.015586311587191,4.015662121115825,4.01568739115201,4.015662121115839,4.015586311587191
4.019116729617346,4.01919265751612,4.019217967009559,4.019192657516171,4.019116729617346
4.022697764308643,4.022773812321769,4.022799161853928,4.0227738123219465,4.022697764308643
4.026329495732175,4.026405665608397,4.026431055762432,4.026405665609055,4.026329495732175
4.030012005124916,4.030088298617217,4.030113729978347,4.03008829861968,4.030012005124916
4.033745374892848,4.033821793757216,4.033847266914057,4.033821793766404,4.033745374892847
4.037529688614182,4.037606234604746,4.037631750154272,4.037606234639045,4.03752968861418
4.041365031042587,4.041441705893321,4.04146726445924,4.04144170602133,4.041365031042581
4.045251488110475,4.045328293466716,4.0453538957680495,4.045328293944454,4.045251488110453
4.049189146932179,4.049266084095026,4.049291731201785,4.049266085877988,4.049189146932099
4.053178095806525,4.053255164779434,4.053280859066082,4.053255171433622,4.053178095806227
4.05721842421532,4.057295620150112,4.05732136884949,4.057295644984192,4.057218424214205
4.061310222797898,4.061387522756206,4.061413351197577,4.061387615439458,4.061310222793734
4.065453583184953,4.065530896879247,4.065556897745148,4.0655312427823365,4.0654535831694085
4.069648597009805,4.069725583830684,4.06975210012144,4.069726874775335,4.069648596951763
4.073895350115403,4.07397074131226,4.073999044134586,4.073975559245812,4.0738953498986845
4.07819388872514,4.078262987168369,4.078297775858836,4.078280968174644,4.078193887915949
4.082544022075044,4.082589542777245,4.082648103957748,4.082656649677983,4.082544019053641
4.086944171381515,4.086903057907826,4.087048447516929,4.087153507525901,4.086944160099971
4.08471471901046,4.091030069955624,4.091489120676247,4.091964772808728,4.084748261179302
