3.104835949284004,3.1048516370935992,3.1048673249032674,3.1048516370936006,3.1048359492840047
3.1048202614744085,3.1048673250589105,3.1048830130240987,3.1048673250589105,3.1048202614744085
3.1048673236593145,3.1049143886435417,3.1049300770753168,3.104914388643543,3.1048673236593145
3.1049457614634814,3.1049928287806488,3.1050085179900746,3.1049928287806488,3.1049457614634814
3.1050555764421146,3.105102647025501,3.1051183373236757,3.1051026470255008,3.1050555764421146
3.105196770772562,3.105243845555565,3.1052595372536267,3.1052438455555644,3.105196770772562
3.105369347254413,3.1054164271705695,3.1054321205797053,3.1054164271705695,3.105369347254413
3.105573309309567,3.105620395292603,3.1056360907240568,3.105620395292603,3.105573309309567
3.1058086609823783,3.105855753966225,3.105871451731307,3.1058557539662255,3.1058086609823783
3.1060754069397847,3.106122507858617,3.1061382082687254,3.106122507858617,3.1060754069397847
3.1063735524714664,3.106420662259736,3.1064363656263563,3.106420662259736,3.1063735524714664
3.106703103490045,3.106750223082506,3.106765929717233,3.106750223082508,3.106703103490045
3.107064066531271,3.1071111968630287,3.107126907077559,3.1071111968630296,3.107064066531271
3.107456448754255,3.1075035907607806,3.107519304866949,3.10750359076078,3.107456448754255
3.1078802579417295,3.107927412558902,3.107943130868666,3.1079274125589036,3.1078802579417295
3.108335502500306,3.1083826706644406,3.108398393489909,3.1083826706644424,3.108335502500306
3.1088221914607637,3.1088693741086515,3.1088851017620893,3.1088693741086537,3.1088221914607637
3.1093403344783823,3.10938753254731,3.1094032653411583,3.109387532547312,3.1093403344783823
3.109889941833258,3.1099371562610503,3.1099528945079156,3.109937156261053,3.109889941833258
3.1104710244306717,3.1105182561557267,3.110534000168411,3.110518256155728,3.1104710244306717
3.1110835938014576,3.111130843762771,3.111146593854281,3.111130843762772,3.1110835938014576
3.1117276621024232,3.111774931239622,3.111790687723169,3.111774931239623,3.1117276621024232
3.112403242116748,3.1124505313701314,3.112466294559152,3.112450531370133,3.112403242116748
3.113110347254453,3.1131576575650155,3.113173427773174,3.1131576575650164,3.113110347254453
3.1138489915528322,3.1138963238623094,3.1139121014035154,3.113896323862309,3.1138489915528322
3.114619189676989,3.11466654492786,3.1146823301162962,3.1146665449278617,3.114619189676989
3.1154209569202944,3.1154683360558506,3.115484129205939,3.1154683360558524,3.1154209569202944
3.1162543092049484,3.116301713169313,3.1163175145957713,3.1163017131693147,3.1162543092049484
3.117119263082536,3.117166692820688,3.117182502838512,3.117166692820689,3.117119263082536
3.1180158357345853,3.1180632921924114,3.118079111116892,3.118063292192414,3.1180158357345853
3.1189440449731802,3.118991529097482,3.119007357244226,3.1189915290974843,3.1189440449731802
3.119903909241564,3.119951421980118,3.119967259665055,3.1199514219801205,3.119903909241564
3.120895447614806,3.12094298991637,3.1209588374557615,3.120942989916373,3.120895447614806
3.121918679800429,3.1219662526147993,3.1219821103252468,3.1219662526148024,3.121918679800429
3.122973626139135,3.1230212304171685,3.1230370986156197,3.1230212304171703,3.122973626139135
3.1240603076054754,3.1241079442991184,3.124123823302901,3.124107944299121,3.1240603076054754
3.125178745808609,3.1252264158709377,3.125242305997744,3.12522641587094,3.125178745808609
3.126328962993033,3.126376667378285,3.126392568946201,3.126376667378288,3.126328962993033
3.1275109820393747,3.1275587217029797,3.1275746350304807,3.1275587217029814,3.1275109820393747
3.1287248264651626,3.1287726023637834,3.128788527769761,3.1287726023637856,3.1287248264651626
3.1299705204256854,3.1300183335172354,3.1300342713210023,3.1300183335172385,3.1299705204256854
3.1312480887147847,3.131295939958481,3.1313118904797776,3.1312959399584837,3.1312480887147847
3.1325575567657493,3.1326054471221316,3.1326214106811427,3.1326054471221334,3.1325575567657493
3.133898950652184,3.13394688108316,3.13396285800052,3.133946881083162,3.133898950652184
3.13527229708895,3.1353202685578085,3.135336259154625,3.1353202685578108,3.13527229708895
3.136677623433037,3.136725636904509,3.1367416415023586,3.1367256369045102,3.136677623433037
3.1381149576845666,3.1381630141248364,3.1381790330457884,3.1381630141248382,3.1381149576845666
3.1395843284877425,3.1396324288645006,3.1396484624311114,3.139632428864503,3.1395843284877425
3.141085765131856,3.1411339104143106,3.141149958949665,3.141133910414313,3.141085765131856
3.1426192975522995,3.142667488711234,3.142683552538924,3.142667488711236,3.1426192975522995
3.144184956331621,3.1442331943394053,3.1442492737835606,3.1442331943394075,3.144184956331621
3.145782772700567,3.145831058531213,3.145847153916507,3.1458310585312157,3.145782772700567
3.1474127785392043,3.147461113168379,3.1474772248200393,3.1474611131683816,3.1474127785392043
3.1490750063779855,3.1491233907830694,3.1491395190268903,3.149123390783072,3.1490750063779855
3.1507694893989338,3.1508179245590275,3.150834069721383,3.1508179245590293,3.1507694893989338
3.1524962614367453,3.1525447483327307,3.1525609107405814,3.1525447483327333,3.1524962614367453
3.15425535698002,3.154303896594576,3.154320076575486,3.154303896594578,3.15425535698002
3.156046811172425,3.1560954044900664,3.156111602372216,3.156095404490069,3.156046811172425
3.157870659813943,3.1579193078210537,3.1579355239332414,3.1579193078210563,3.157870659813943
3.159726939362095,3.1597756430469777,3.159791877718637,3.1597756430469803,3.159726939362095
3.161615686933246,3.1616644472861357,3.1616807008473486,3.1616644472861375,3.161615686933246
3.1635369403038682,3.1635857583169775,3.1636020310984927,3.16358575831698,3.1635369403038682
3.16549073791187,3.1655396145794272,3.1655559069126458,3.16553961457943,3.16549073791187
3.167477118857949,3.1675260551762183,3.16754236739324,3.167526055176221,3.167477118857949
3.1694961229069314,3.169545119874267,3.1695614523078808,3.169545119874269,3.1694961229069314
3.1715477904891762,3.1715968491060442,3.171613202089741,3.171596849106046,3.1715477904891762
3.1736321627019852,3.1736812839710042,3.173697657838994,3.1736812839710065,3.1736321627019852
3.1757492813110244,3.175798466236999,3.175814861324223,3.1757984662370013,3.1757492813110244
3.1778991887517942,3.1779484383417573,3.177964854983892,3.1779484383417596,3.1778991887517942
3.1800819281311186,3.1801312433943494,3.1801476819278296,3.180131243394351,3.1800819281311186
3.182297543228623,3.1823469251766996,3.18236338593872,3.1823469251767014,3.182297543228623
3.1845460784982844,3.18459552814512,3.1846120114736562,3.1845955281451235,3.1845460784982844
3.186827579069985,3.186877097431845,3.1868936036656565,3.1868770974318497,3.186827579069985
3.1891420907510697,3.189191678846627,3.1892082083252764,3.1891916788466346,3.1891420907510697
3.191489660027965,3.1915393188783248,3.191555871942193,3.1915393188783456,3.191489660027965
3.193870334067797,3.1939200646965227,3.193936641686823,3.1939200646965915,3.193870334067797
3.1962841607200394,3.1963339641531485,3.196350565411986,3.1963339641534088,3.1962841607200394
3.1987311885181784,3.198781065784051,3.198797691654566,3.1987810657850124,3.1987311885181784
3.2012114666814258,3.2012614188103257,3.201278069637212,3.2012614188139015,3.2012114666814253
3.2037250451164234,3.2037750731386176,3.2037917492700614,3.2037750731519616,3.203725045116423
3.2062719744189723,3.2063220793576717,3.20633878115245,3.2063220794074696,3.20627197441897
3.208852305875706,3.2089024887206485,3.2089192165745986,3.208902488906499,3.2088523058756984
3.2114660914652853,3.2115163530746194,3.2115331075188056,3.211516353768232,3.2114660914652573
3.2141133838567444,3.214163724593751,3.214180506657764,3.214163727182375,3.21411338385664
3.216794236391076,3.216844654785877,3.2168614673361327,3.216844664446864,3.2167942363906863
3.2195087029648852,3.2195591908225545,3.2195760434540253,3.2195592268782676,3.2195087029634304
3.2222568373430773,3.222307362085433,3.2223242887791557,3.2223074966487477,3.2222568373376452
3.225038689142397,3.225089131396957,3.225106252928408,3.225089633599935,3.225038689122114
3.2278542804081902,3.2279042214315927,3.227921957937584,3.2279060957004706,3.2278542803324606
3.230703469067096,3.2307515159836453,3.230771261689867,3.2307585109319072,3.2307034687843457
3.2335851529964277,3.2336271117460313,3.2336530619063333,3.233653217552947,3.233585151940722
3.232134380047518,3.2365187160977245,3.236560656636495,3.2366161454328286,3.232137876465916
