4.3130189631960505,4.313047686594217,4.3130764099926155,4.313047686594219,4.313018963196051
4.312990239797884,4.313076410324354,4.313105134054048,4.313076410324354,4.312990239797884
4.31307640734322,4.313162580851299,4.313191305574873,4.3131625808513006,4.31307640734322
4.313220021685218,4.3133062001627565,4.313334926542837,4.313306200162756,4.313220021685218
4.313421086136612,4.313507271571675,4.313536000270953,4.313507271571674,4.313421086136612
4.313679605335459,4.313765799716373,4.313794531397641,4.313765799716374,4.313679605335459
4.313995585245243,4.314081790560706,4.31411052588688,4.3140817905607065,4.313995585245243
4.314369033155193,4.314455251394349,4.314483991028482,4.3144552513943495,4.314369033155193
4.314799957680507,4.314886190833018,4.3149149354383365,4.314886190833017,4.314799957680507
4.315288368762762,4.315374618818898,4.315403369058835,4.315374618818898,4.315288368762762
4.3158342776702705,4.3159205466209745,4.315949303159188,4.315920546620975,4.3158342776702705
4.316437696998587,4.316523986835576,4.3165527503359735,4.316523986835577,4.316437696998587
4.317098640670937,4.317184953386768,4.317213724513549,4.317184953386769,4.317098640670937
4.317817123938871,4.317903461527026,4.3179322409446925,4.317903461527025,4.317817123938871
4.318593163382812,4.31867952783777,4.3187083162111595,4.318679527837773,4.318593163382812
4.31942677691276,4.319513170230099,4.319541968224416,4.319513170230102,4.31942677691276
4.320317983769012,4.320404407945469,4.320433216226298,4.320404407945471,4.320317983769012
4.321266804522917,4.321353261556475,4.321382080789822,4.321353261556478,4.321266804522917
4.322273261077733,4.322359752967712,4.322388583820018,4.3223597529677145,4.322273261077733
4.32333737666951,4.323423905416633,4.323452748554818,4.323423905416634,4.32333737666951
4.324459175868025,4.324545743474503,4.324574599565986,4.324545743474504,4.324459175868025
4.325638684577773,4.325725293047394,4.325754162760098,4.3257252930473955,4.325638684577773
4.326875930039002,4.326962581377202,4.326991465379629,4.326962581377206,4.326875930039002
4.328170940828849,4.328257637042791,4.328286536004003,4.328257637042792,4.328170940828849
4.32952374686245,4.329610489961124,4.3296394045507895,4.329610489961124,4.32952374686245
4.330934379394194,4.331021171388471,4.331050102276896,4.331021171388474,4.330934379394194
4.332402871018955,4.332489713921703,4.3325186617798455,4.332489713921706,4.332402871018955
4.333929255673421,4.334016151499552,4.334045116999061,4.334016151499553,4.333929255673421
4.335513568637474,4.335600519404049,4.335629503217278,4.335600519404052,4.335513568637474
4.337155846535601,4.337242854261895,4.337271857061953,4.3372428542618975,4.337155846535601
4.338856127338391,4.338943194045985,4.338972216506741,4.338943194045988,4.338856127338391
4.340614450364064,4.340701578076919,4.340730620873046,4.3407015780769225,4.340614450364064
4.342430856280047,4.3425180470246145,4.342547110831588,4.342518047024618,4.342430856280047
4.344305387104639,4.344392642909901,4.344421728404064,4.344392642909905,4.344305387104639
4.346238086208747,4.346325409106304,4.346354516964883,4.346325409106307,4.346238086208747
4.34822899831751,4.348316390341722,4.348345521242828,4.348316390341727,4.34822899831751
4.350278169512283,4.350365632700272,4.350394787322947,4.350365632700275,4.350278169512283
4.3523856472323645,4.352473183624144,4.352502362648412,4.352473183624148,4.3523856472323645
4.354551480277015,4.354639091915557,4.354668296022411,4.35463909191556,4.354551480277015
4.356775718807331,4.356863407738654,4.356892637610117,4.356863407738657,4.356775718807331
4.359058414348368,4.359146182621622,4.359175438940755,4.3591461826216245,4.359058414348368
4.361399619791175,4.361487469458727,4.361516752909649,4.361487469458731,4.361399619791175
4.3637993893949565,4.363887322512454,4.363916633780416,4.363887322512458,4.3637993893949565
4.366257778789257,4.3663457974157405,4.366375137187082,4.366345797415744,4.366257778789257
4.3687748449762145,4.368862951174188,4.368892320136416,4.368862951174192,4.3687748449762145
4.371350646332883,4.371438842168385,4.371468241010192,4.371438842168389,4.371350646332883
4.3739852426135855,4.374073530156298,4.374102959567589,4.3740735301563,4.3739852426135855
4.376678694952321,4.376767076275642,4.376796536947557,4.3767670762756445,4.376678694952321
4.379431065865286,4.379519543046409,4.379549035671352,4.379519543046412,4.379431065865286
4.382242419253361,4.38233099437335,4.3823605196450215,4.382330994373354,4.382242419253361
4.385112820404705,4.38520149554862,4.385231054162052,4.385201495548624,4.385112820404705
4.38804233599745,4.388131113254385,4.388160705905944,4.388131113254388,4.38804233599745
4.391031034102319,4.391119915565512,4.391149542952969,4.391119915565515,4.391031034102319
4.394078984185471,4.394167971952393,4.394197634774905,4.394167971952396,4.394078984185471
4.397186257111271,4.397275353283695,4.397305052241865,4.397275353283699,4.397186257111271
4.400352925145162,4.400442131829264,4.4004718676251535,4.4004421318292675,4.400352925145162
4.403579061956622,4.403668381263045,4.403698154600227,4.4036683812630475,4.403579061956622
4.40686474262212,4.406954176666095,4.406983988249639,4.406954176666098,4.40686474262212
4.410210043628186,4.410299594529594,4.410329445066138,4.410299594529598,4.410210043628186
4.413615042874508,4.4137047127579585,4.413734602955728,4.413704712757962,4.413615042874508
4.417079819677075,4.417169610672029,4.417199541240843,4.4171696106720315,4.417079819677075
4.4206044547714365,4.420694369012252,4.420724340663574,4.420694369012255,4.4206044547714365
4.424189030315933,4.424279069941979,4.42430908338894,4.424279069941981,4.424189030315933
4.427833629895068,4.427923797050799,4.427953853008232,4.427923797050803,4.427833629895068
4.4315383385228735,4.431628635357927,4.431658734542392,4.431628635357931,4.4315383385228735
4.435303242646379,4.4353936713156665,4.435423814445464,4.435393671315669,4.435303242646379
4.439128430149125,4.439218992812899,4.439249180608137,4.4392189928129016,4.439128430149125
4.44301399035472,4.443104689178687,4.443134922361272,4.44310468917869,4.44301399035472
4.4469600140304735,4.447050851185877,4.447081130479559,4.447050851185881,4.4469600140304735
4.450966593391108,4.4510575710548,4.451087897185217,4.451057571054803,4.450966593391108
4.455033822102458,4.455124942457013,4.455155316151692,4.455124942457016,4.455033822102458
4.459161795285318,4.459253060519111,4.459283482507526,4.459253060519121,4.459161795285318
4.46335060951931,4.463442021826596,4.463472492840182,4.463442021826618,4.46335060951931
4.467600362846778,4.467691924427792,4.4677224451999935,4.4676919244278634,4.467600362846778
4.471911154776822,4.472002867837803,4.472033439104137,4.472002867838062,4.471911154776822
4.476283086289282,4.4763749530424715,4.476405575540704,4.476374953043425,4.476283086289282
4.480716259838928,4.480808282502113,4.480838956972778,4.480808282505662,4.480716259838928
4.485210779359564,4.485302960154284,4.485333687342628,4.485302960167512,4.485210779359563
4.489766750268287,4.48985909141284,4.489889872075945,4.489859091462215,4.489766750268285
4.494384279469762,4.49447678315286,4.494507618086091,4.49447678333712,4.494384279469753
4.499063475360539,4.499156143642745,4.4991870337784485,4.49915614433043,4.499063475360507
4.503804447833206,4.503897282279134,4.50392822905453,4.503897284845654,4.503804447833085
4.5086073082793225,4.508700308586059,4.508731315314892,4.50870031816458,4.508607308278872
4.513472169584878,4.513565328470903,4.513596405454393,4.513565364218905,4.5134721695831965
4.518399146081611,4.518492430258287,4.518523613812876,4.518492563673459,4.518399146075334
4.523388353239665,4.52348163266777,4.523513055865357,4.5234821305867285,4.523388353216225
4.52843990584873,4.52853269130778,4.528564846394062,4.528534549591879,4.528439905761209
4.533553907374742,4.533644380320574,4.5336790888112235,4.533651315625528,4.533553907047947
4.538730387830954,4.5388118337885555,4.538855812904732,4.538837717051068,4.538730386610729
4.543968941370182,4.5440167540979655,4.544094611968084,4.544113353063288,4.543968936813932
4.549266612980926,4.549191629265051,4.54939252780635,4.549552146420074,4.54926659596805
4.546578726171186,4.554090622174971,4.554731723572202,4.555436108842608,4.546627008640225
