3.917156804488113,3.9171810445125166,3.9172052845370966,3.917181044512518,3.9171568044881133
3.9171325644637087,3.9172052848053722,3.9172295250979015,3.9172052848053713,3.9171325644637087
3.9172052823940957,3.917278005147356,3.9173022462437666,3.9172780051473572,3.9172052823940957
3.9173264803735224,3.9173992071462167,3.9174234495824534,3.9173992071462163,3.9173264803735224
3.9174961610814285,3.917568893481542,3.9175931377936024,3.917568893481541,3.9174961610814285
3.917714328269186,3.9177870679049134,3.9178113146288744,3.917787067904914,3.917714328269186
3.917980986760225,3.918053735240048,3.91807798491208,3.9180537352400475,3.917980986760225
3.918296142450241,3.9183689013829777,3.9183931545393644,3.918368901382978,3.918296142450241
3.9186598023073778,3.9187325733022638,3.9187568304794134,3.9187325733022633,3.9186598023073778
3.9190719743725584,3.9191447590392867,3.9191690207737806,3.9191447590392863,3.9190719743725584
3.9195326677597553,3.919605467708554,3.9196297345371325,3.9196054677085534,3.9195326677597553
3.920041892656356,3.9201147094980353,3.920138981957653,3.920114709498037,3.920041892656356
3.9205996603235547,3.920672495669591,3.92069677429741,3.920672495669592,3.9205996603235547
3.9212059830967956,3.9212788385593793,3.921303123892793,3.9212788385593775,3.9212059830967956
3.9218608743862386,3.9219337515783326,3.9219580441550153,3.921933751578335,3.9218608743862386
3.922564348677295,3.922637249212712,3.922661549570606,3.9226372492127144,3.922564348677295
3.923316421531178,3.9233893470246293,3.923413655701972,3.9233893470246315,3.923316421531178
3.9241171095854916,3.9241900616526646,3.9242143791880277,3.9241900616526673,3.9241171095854916
3.924966430554919,3.925039410812512,3.925063737744807,3.925039410812515,3.924966430554919
3.9258644032318517,3.9259374132976803,3.925961750166174,3.9259374132976816,3.9258644032318517
3.926811047487166,3.92688408898018,3.9269084363245392,3.9268840889801813,3.926811047487166
3.92780638427096,3.9278794588113346,3.9279038171716287,3.927879458811336,3.92780638427096
3.928850435613393,3.9289235448225837,3.928947914739296,3.928923544822586,3.928850435613393
3.9299432246255037,3.9300163701263124,3.9300407521403837,3.9300163701263138,3.9299432246255037
3.9310847755001572,3.9311579589167875,3.931182353569628,3.931157958916787,3.9310847755001572
3.93227511351292,3.9323483364710445,3.9323727443045593,3.9323483364710468,3.93227511351292
3.933514265023097,3.933587529149923,3.9336119507065157,3.9335875291499254,3.933514265023097
3.9348022574747135,3.9348755643990447,3.934900000221657,3.934875564399047,3.9348022574747135
3.936139119397593,3.9362124707498953,3.936236921382023,3.936212470749898,3.936139119397593
3.9375248804084797,3.9375982778209315,3.937622743806641,3.937598277820934,3.9375248804084797
3.9389595712121475,3.939033016318721,3.939057498202676,3.939033016318724,3.9389595712121475
3.940443223602617,3.940516718039135,3.9405412163666176,3.940516718039137,3.940443223602617
3.941975870464404,3.9420494158685915,3.942073931185517,3.942049415868595,3.941975870464404
3.943557545773756,3.943631143785326,3.9436556766382718,3.9436311437853298,3.943557545773756
3.9451882845999955,3.9452619368606925,3.9452864877969183,3.9452619368606956,3.9451882845999955
3.9468681231068703,3.946941831260547,3.9469664008280074,3.94694183126055,3.9468681231068703
3.9485970985539547,3.9486708642466337,3.948695452994006,3.9486708642466364,3.9485970985539547
3.950375249298102,3.9504490741780383,3.9504736826547453,3.9504490741780414,3.950375249298102
3.952202614794944,3.952276500512672,3.952301129268912,3.9522765005126748,3.952202614794944
3.954079235600367,3.954153183808805,3.9541778333955486,3.954153183808808,3.954079235600367
3.956005153372167,3.9560791657266408,3.9561038366956742,3.9560791657266434,3.956005153372167
3.95798041087159,3.9580544890299256,3.958079181933865,3.9580544890299283,3.95798041087159
3.960005051965053,3.960079197587621,3.9601039129799265,3.960079197587624,3.960005051965053
3.9620791216257905,3.9621533363755836,3.962178074810601,3.962153336375587,3.9620791216257905
3.9642026659356437,3.9642769514783422,3.964301713511294,3.964276951478346,3.9642026659356437
3.966375732086826,3.9664500900908517,3.9664748762778923,3.966450090090855,3.966375732086826
3.9685983683837716,3.9686728005203604,3.968697611418576,3.9686728005203635,3.9685983683837716
3.970870624244978,3.9709451321882496,3.9709699683556825,3.9709451321882527,3.970870624244978
3.9731925502049763,3.9732671356319837,3.9732919976276677,3.973267135631987,3.9731925502049763
3.9755641979162384,3.9756388625070533,3.9756637508910155,3.975638862507056,3.9755641979162384
3.97798562015122,3.9780603655889863,3.978085280922277,3.978060365588989,3.97798562015122
3.9804568708044066,3.9805316987754007,3.980556641620127,3.980531698775404,3.9804568708044066
3.982978004894376,3.983052917088093,3.9830778880074247,3.9830529170880955,3.982978004894376
3.985549078565983,3.985624076675182,3.985649076233375,3.9856240766751854,3.985549078565983
3.9881701490925003,3.988245234813284,3.988270263575716,3.988245234813287,3.9881701490925003
3.990841274877869,3.9909164499097423,3.9909415084429263,3.990916449909745,3.990841274877869
3.9935625154589616,3.993637781504898,3.993662870376497,3.993637781504901,3.9935625154589616
3.9963339315078907,3.996409290274407,3.9964344100532694,3.9964092902744106,3.9963339315078907
3.9991555848343627,3.9992310380315823,3.9992561892877507,3.9992310380315854,3.9991555848343627
4.002027538388109,4.002103087729816,4.002128271034563,4.002103087729819,4.002027538388109
4.004949856261292,4.005025503465021,4.005050719390863,4.005025503465022,4.004949856261292
4.007922603691038,4.00799835047813,4.00802359959886,4.0079983504781325,4.007922603691038
4.010945847061943,4.0110216951576065,4.011046978048292,4.011021695157611,4.010945847061943
4.014019653908679,4.014095605042063,4.014120922279105,4.0140956050420655,4.014019653908679
4.017144092918606,4.017220148822876,4.017245500983996,4.0172201488228785,4.017144092918606
4.020319233934447,4.020395396346845,4.02042078401114,4.0203953963468475,4.020319233934447
4.023545147957024,4.023621418618928,4.02364684236686,4.023621418618932,4.023545147957024
4.026821907147974,4.0268982878049995,4.026923748218445,4.026898287805,4.026821907147974
4.030149584832634,4.030226077234656,4.030251574896911,4.030226077234657,4.030149584832634
4.033528255502824,4.033604861404075,4.033630396899908,4.033604861404079,4.033528255502824
4.036957994819785,4.037034715978928,4.037060289894556,4.03703471597893,4.036957994819785
4.040438879617129,4.040515717797309,4.04054133072046,4.040515717797318,4.040438879617129
4.043970987903816,4.044047944872738,4.044073597392651,4.044047944872752,4.043970987903816
4.04755439886719,4.047631476397177,4.047657169104659,4.047631476397226,4.04755439886719
4.051189192876089,4.051266392744133,4.051292126231581,4.051266392744308,4.051189192876089
4.054875451483958,4.054952775471691,4.05497855033322,4.054952775472336,4.054875451483958
4.058613257432036,4.058690707325468,4.058716524157273,4.058690707327862,4.058613257432035
4.062402694652584,4.062480272240879,4.062506131642549,4.062480272249804,4.062402694652583
4.066243848272153,4.066321555342928,4.066347457922234,4.06632155537623,4.066243848272152
4.070136804614908,4.070214642936457,4.070240589327239,4.0702146430607264,4.0701368046149025
4.074081651206009,4.074159622460754,4.074185613389541,4.074159622924546,4.074081651205988
4.078078476775026,4.078156582311018,4.078182618845634,4.078156584041922,4.078078476774948
4.082127371259542,4.082205611162662,4.082231695640058,4.082205617622571,4.082127371259252
4.086228425809193,4.086306795440045,4.0863329349293585,4.086306819549054,4.086228425808108
4.0903817327923075,4.090460209858974,4.090486429088283,4.090460299836183,4.090381732788253
4.09458738581632,4.094665882115269,4.094692271728607,4.09466621791915,4.094587385801182
4.098845479826325,4.098923661057176,4.098950557791737,4.098924914310633,4.0988454797698
4.103156111649122,4.103232724495391,4.103261384070523,4.103237401761858,4.103156111438066
4.107519383100106,4.107589741204745,4.107624852233107,4.107607197228212,4.107519382312055
4.111935418899676,4.11198200499038,4.112041086428949,4.112047152605836,4.111935415957194
4.116404470431459,4.116361773428158,4.116510335886476,4.116604910808989,4.116404459444573
4.114140305014647,4.1205502824043245,4.121033572879817,4.121457695299075,4.1141728678352205
