3.1144574864427463,3.114473207900215,3.114488929357658,3.114473207900216,3.1144574864427472
3.114441764985278,3.114488929513635,3.114504651127122,3.114488929513635,3.114441764985278
3.1144889281091404,3.114536094041931,3.114551816123568,3.114536094041932,3.1144889281091404
3.1145675341478283,3.114614702421386,3.1146304252832917,3.1146147024213855,3.1145675341478283
3.1146775846617585,3.114724756212504,3.1147404801668146,3.1147247562125036,3.1146775846617585
3.114819081835592,3.1148662576000574,3.114881982958955,3.1148662576000565,3.114819081835592
3.11499202847832,3.1150392093931787,3.115054936468899,3.1150392093931787,3.11499202847832
3.1151964280233386,3.115243615025449,3.115259344130277,3.1152436150254497,3.1151964280233386
3.115432284528578,3.115479478555007,3.1154952100013014,3.115479478555007,3.115432284528578
3.1156996026766524,3.1157468046647128,3.1157625387649133,3.1157468046647123,3.1156996026766524
3.115998387774999,3.116045598662282,3.1160613357289195,3.116045598662282,3.115998387774999
3.1163286457561035,3.1163758664805004,3.116391606826217,3.1163758664805012,3.1163286457561035
3.1166903831776493,3.1167376146773984,3.1167533586149445,3.1167376146773997,3.1166903831776493
3.117083607222793,3.1171308504365185,3.1171465982787594,3.1171308504365176,3.117083607222793
3.1175083257004026,3.117555581567108,3.1175713336270685,3.1175555815671103,3.1175083257004026
3.1179645470453115,3.118011816504462,3.1180275730952887,3.118011816504464,3.1179645470453115
3.1184522803186203,3.1184995643101545,3.1185153257451583,3.1184995643101563,3.1184522803186203
3.1189715352080207,3.119018834672368,3.119034601265035,3.1190188346723704,3.1189715352080207
3.1195223220281334,3.1195696379062645,3.11958540997026,3.119569637906267,3.1195223220281334
3.1201046517208435,3.1201519849543065,3.120167762803479,3.120151984954307,3.1201046517208435
3.120718535855706,3.120765887386641,3.1207816713350383,3.1207658873866415,3.120718535855706
3.1213639866303198,3.1214113574015134,3.1214271477634083,3.121411357401514,3.1213639866303198
3.1220410168707917,3.1220884078256876,3.1221042049155643,3.12208840782569,3.1220410168707917
3.1227496400321377,3.1227970521148927,3.1228128562474677,3.1227970521148936,3.1227496400321377
3.123489870198786,3.123537304354283,3.123553115844522,3.1235373043542833,3.123489870198786
3.1242617220850466,3.124309179258936,3.124324998422064,3.1243091792589377,3.1242617220850466
3.1250652110356234,3.1251126921743557,3.125128519325856,3.125112692174358,3.1250652110356234
3.12590035302615,3.1259478590770162,3.125963694532653,3.1259478590770184,3.12590035302615
3.126767164663761,3.1268146965748986,3.126830540650731,3.1268146965749013,3.126767164663761
3.1276656631876323,3.127713221908094,3.1277290749204716,3.1277132219080963,3.1276656631876323
3.128595866469614,3.1286434529493814,3.128659315214968,3.128643452949384,3.128595866469614
3.129557793014843,3.1296054082048568,3.1296212800406393,3.1296054082048586,3.129557793014843
3.130551461962367,3.130599106814571,3.1306149885378662,3.130599106814574,3.130551461962367
3.131576893085844,3.1316245685532067,3.1316404604816763,3.13162456855321,3.131576893085844
3.1326341067941867,3.132681813830754,3.1326977162824083,3.132681813830757,3.1326341067941867
3.1337231241323242,3.1337708636932304,3.1337867769864514,3.133770863693232,3.1337231241323242
3.134843966781885,3.134891739823387,3.1349076642769402,3.134891739823389,3.134843966781885
3.135996657061973,3.1360444645415018,3.136060400474535,3.136044464541505,3.135996657061973
3.137181217929941,3.137229060806128,3.1372450085381787,3.137229060806131,3.137181217929941
3.138397672982201,3.138445552214898,3.1384615120659234,3.138445552214901,3.138397672982201
3.1396460464550136,3.1396939630053415,3.1397099352957256,3.1396939630053438,3.1396460464550136
3.140926363225356,3.1409743180557355,3.1409903031062876,3.140974318055738,3.140926363225356
3.142238648811793,3.142286642885977,3.1423026410179435,3.1422866428859795,3.142238648811793
3.1435829293753343,3.1436309636584383,3.1436469751935325,3.1436309636584405,3.1435829293753343
3.144959231720383,3.1450073071789153,3.1450233324393153,3.145007307178917,3.144959231720383
3.146367583295618,3.1464157008975318,3.146431740205887,3.146415700897533,3.146367583295618
3.1478080121950085,3.1478561729097136,3.1478722265891665,3.147856172909716,3.1478080121950085
3.1492805471587526,3.1493287519571584,3.149344820331352,3.149328751957161,3.1492805471587526
3.1507852175742683,3.1508334674288307,3.1508495508219156,3.150833467428834,3.1507852175742683
3.152322053477258,3.152370349361989,3.152386448098639,3.152370349361992,3.152322053477258
3.153891085552719,3.1539394284432367,3.1539555428486614,3.1539394284432394,3.153891085552719
3.155492345136026,3.15554073600958,3.1555568664095417,3.155540736009582,3.155492345136026
3.157125864214002,3.1571743040495246,3.1571904507703272,3.157174304049527,3.157125864214002
3.158791675426087,3.158840165204203,3.158856328572731,3.1588401652042055,3.158791675426087
3.1604898120653946,3.16053835276847,3.1605545331121823,3.160538352768472,3.1604898120653946
3.1622203080799274,3.162268900692107,3.1622850983390594,3.1622689006921094,3.1622203080799274
3.1639831980737525,3.16403184358099,3.164048058859828,3.1640318435809918,3.1639831980737525
3.165778517308189,3.1658272166982706,3.1658434499382695,3.165827216698273,3.165778517308189
3.167606301703053,3.167655055965652,3.1676713074967,3.1676550559656547,3.167606301703053
3.169466587837893,3.169515397964595,3.169531668117228,3.1695153979645974,3.169466587837893
3.171359412953285,3.171408279937613,3.1714245690430074,3.1714082799376158,3.171359412953285
3.1732848149521065,3.173333739789574,3.1733500481795707,3.1733337397895762,3.1732848149521065
3.175242832400877,3.1752918160890147,3.1753081440961286,3.1752918160890173,3.175242832400877
3.177233504531102,3.1772825480694826,3.177298896026913,3.1772825480694857,3.177233504531102
3.179256871240624,3.179305975630917,3.1793223438725486,3.179305975630919,3.179256871240624
3.1813129730950203,3.1813621393410143,3.1813785282014555,3.181362139341016,3.1813129730950203
3.183401851329037,3.183451080436676,3.183467490251241,3.183451080436678,3.183401851329037
3.1855235478479917,3.185572840825415,3.1855892719301533,3.185572840825417,3.1855235478479917
3.1876781052292675,3.187727463086842,3.1877439158185497,3.187727463086843,3.1876781052292675
3.1898655667237845,3.189914990474138,3.1899314651703685,3.1899149904741404,3.1898655667237845
3.192085976257509,3.1921354669155746,3.192151963914631,3.192135466915578,3.192085976257509
3.194339378432985,3.1943889370160297,3.1944054566570097,3.1943889370160328,3.194339378432985
3.196625818530898,3.1966754460585536,3.1966919886813394,3.1966754460585634,3.196625818530898
3.198945342511646,3.1989950400059497,3.1990116059512377,3.1989950400059812,3.198945342511646
3.201297997016957,3.2013477655023634,3.2013643551116857,3.201347765502481,3.201297997016957
3.2036838293715046,3.2037336698748673,3.2037502834906655,3.2037336698752985,3.2036838293715046
3.2061028875845694,3.206152801134945,3.206169439100811,3.206152801136548,3.2061028875845694
3.2085552203517165,3.208605207979535,3.2086218706410894,3.2086052079855154,3.2085552203517165
3.2110408770564876,3.211090939790397,3.2111076274984955,3.2110909398127156,3.2110408770564867
3.213559907772137,3.2136100466270774,3.2136267597497827,3.2136100467103716,3.213559907772134
3.2161123632633553,3.2161625791960002,3.216179318163188,3.216162579506854,3.216112363263343
3.21869829498796,3.218748588730381,3.2187653542001216,3.218748589890518,3.2186982949879135
3.2213177550981573,3.2213681265374468,3.221384920016399,3.221368130867187,3.221317755097983
3.223970796439193,3.2240212423048615,3.22403806846084,3.224021258463853,3.2239707964385405
3.2266574725326076,3.2267079777819716,3.226724853058253,3.2267080380888475,3.2266574725301713
3.229377837469092,3.2294283432321715,3.2294453279013458,3.22942856830312,3.229377837459996
3.2321319452731516,3.2321822297762797,3.2321995470118465,3.2321830697622924,3.2321319452391903
3.2349198461832636,3.234969083587959,3.234987560607465,3.2349722184950194,3.2349198460564645
3.237741564933939,3.23778669778483,3.237809393335035,3.2377983975538616,3.237741564460513
3.2405969740600113,3.240626749282393,3.240664917393986,3.2406704139248803,3.24059697229239
3.24348505505827,3.24345840789075,3.2435531130336366,3.243621368459286,3.2434850484585054
3.2420218731761405,3.246168714188706,3.2464677583905313,3.246776898420126,3.2420436988976986
