3.376295321595657,3.376313756289578,3.376332190983588,3.3763137562895795,3.3762953215956575
3.376276886901736,3.3763321911740456,3.376350626058352,3.3763321911740456,3.376276886901736
3.3763321894615044,3.3763874954465227,3.376405930901739,3.376387495446524,3.3763321894615044
3.3764243614092107,3.3764796702488074,3.376498106655561,3.376479670248807,3.3764243614092107
3.376553404647791,3.3766087174839368,3.376627155222888,3.3766087174839363,3.376553404647791
3.3767193218414553,3.3767746398162637,3.37679307926812,3.3767746398162632,3.3767193218414553
3.3769221164157672,3.376977440671539,3.376995882217074,3.376977440671539,3.3769221164157672
3.377161792557789,3.377217124237048,3.377235568257113,3.377217124237048,3.377161792557789
3.377438355216208,3.3774936954617556,3.3775121423372836,3.377493695461755,3.377438355216208
3.377751810101545,3.3778071600564874,3.3778256101685185,3.3778071600564865,3.377751810101545
3.3781021636863326,3.378157524494126,3.3781759782238168,3.378157524494126,3.3781021636863326
3.3784894232053793,3.3785447960098716,3.3785632537385144,3.3785447960098733,3.3784894232053793
3.3789135966559902,3.3789689826014704,3.3789874447104937,3.3789689826014713,3.3789135966559902
3.379374692798308,3.3794300930295273,3.379448559900526,3.379430093029527,3.379374692798308
3.3798727211555777,3.379928136817821,3.3799466088325536,3.379928136817823,3.3798727211555777
3.3804076920145345,3.3804631242536303,3.380481601794047,3.380463124253632,3.3804076920145345
3.3809796164257433,3.381035066388127,3.3810535498363765,3.381035066388129,3.3809796164257433
3.3815885062040105,3.3816439750367584,3.381662464775209,3.38164397503676,3.3815885062040105
3.38223437392883,3.3822898627796985,3.382308359190936,3.3822898627797016,3.38223437392883
3.382917232944807,3.3829727429622793,3.3829912464291354,3.3829727429622807,3.382917232944807
3.383637097362159,3.3836926296954806,3.383711140601042,3.3836926296954815,3.383637097362159
3.384393982057227,3.384449537856452,3.384468056584077,3.3844495378564527,3.384393982057227
3.385187902672996,3.3852434830890283,3.385262010022359,3.38524348308903,3.385187902672996
3.386018875619683,3.3860744818043216,3.386093017327286,3.3860744818043225,3.386018875619683
3.3868869180753256,3.386942551181297,3.386961095678143,3.386942551181297,3.3868869180753256
3.3877920479863968,3.387847709167399,3.3878662630227048,3.3878477091674,3.3877920479863968
3.3887342840684496,3.3887899744791996,3.3888085380778716,3.388789974479201,3.3887342840684496
3.389713645806817,3.3897693666030917,3.3897879403303937,3.3897693666030935,3.389713645806817
3.3907301534572816,3.390785905795958,3.39080449003752,3.39078590579596,3.3907301534572816
3.3917838280468504,3.3918396130859403,3.391858208227777,3.391839613085943,3.3917838280468504
3.3928746913744865,3.392930510273195,3.3929491167017014,3.3929305102731973,3.3928746913744865
3.3940027660118965,3.3940586199306457,3.394077238032643,3.3940586199306484,3.3940027660118965
3.3951680753043707,3.3952239654048557,3.3952425955675776,3.395223965404859,3.3951680753043707
3.3963706433716143,3.3964265708168355,3.396445213427956,3.396426570816838,3.3963706433716143
3.397610495108613,3.397666461062931,3.3976851165105724,3.3976664610629337,3.397610495108613
3.398887656186548,3.398943661815715,3.398962330488465,3.398943661815718,3.398887656186548
3.400202153053727,3.4002581995249233,3.40027688181185,3.400258199524926,3.400202153053727
3.4015540129365225,3.40161010141842,3.401628797709076,3.4016101014184232,3.4015540129365225
3.4029432638403745,3.4029993955031594,3.4030181061876212,3.402999395503162,3.4029432638403745
3.4043699345508145,3.404426110566235,3.404444836035088,3.404426110566237,3.4043699345508145
3.405834054634466,3.4058902761758905,3.4059090168202553,3.405890276175893,3.405834054634466
3.4073356544401734,3.4073919226826006,3.407410678894159,3.407391922682603,3.4073356544401734
3.40887476510006,3.40893108122019,3.4089498533911775,3.4089310812201927,3.40887476510006
3.4104514185306654,3.4105077837069357,3.4105265722301645,3.410507783706939,3.4104514185306654
3.412065647434107,3.4121220628467306,3.4121408681156127,3.412122062846733,3.412065647434107
3.4137174852992658,3.41377395213027,3.4137927745388223,3.413773952130273,3.4137174852992658
3.4154069664029882,3.4154634858362725,3.4154823257791267,3.4154634858362747,3.4154069664029882
3.417134125811344,3.4171906990327097,3.4172095569051484,3.4171906990327123,3.417134125811344
3.418898999380888,3.418955627578096,3.418974503776032,3.4189556275780983,3.418898999380888
3.4207016237599692,3.4207583081227537,3.4207772030427814,3.420758308122756,3.4207016237599692
3.422542036390034,3.4225987781101925,3.4226176921495686,3.4225987781101956,3.422542036390034
3.4244202755070328,3.4244770757784204,3.424496009335108,3.4244770757784226,3.4244202755070328
3.426336380142751,3.426393240161356,3.4264121936340217,3.4263932401613584,3.426336380142751
3.42829039012626,3.4283473110902327,3.428366284878269,3.428347311090235,3.42829039012626
3.4302823460853484,3.430339329195056,3.430358323698591,3.430339329195059,3.4302823460853484
3.4323122894480056,3.4323693359060687,3.4323883515259763,3.432369335906071,3.4323122894480056
3.4343802624439044,3.43443737345524,3.4344564105931603,3.4344373734552427,3.4343802624439044
3.436486308105964,3.4365434848778325,3.4365625439362004,3.4365434848778356,3.436486308105964
3.4386304702718884,3.4386877140139376,3.4387067953959676,3.4386877140139402,3.4386304702718884
3.44081279358576,3.4408701055100672,3.440889209619791,3.4408701055100703,3.44081279358576
3.4430333234996695,3.44309070482079,3.4431098320630693,3.443090704820792,3.4430333234996695
3.445292106275362,3.44534955821037,3.4453687089908946,3.445349558210372,3.445292106275362
3.4475891889859054,3.44764671275444,3.4476658874797623,3.4476467127544432,3.4475891889859054
3.449924619517425,3.449982216341732,3.4500014154192744,3.449982216341734,3.449924619517425
3.452298446570822,3.452356117675802,3.4523753415138683,3.452356117675805,3.452298446570822
3.454710719663542,3.4547684662767946,3.454787715284586,3.4547684662767972,3.454710719663542
3.457161489131385,3.457219312483253,3.457238587070897,3.457219312483255,3.457161489131385
3.4596508061303255,3.459708707453944,3.459728008032482,3.459708707453947,3.4596508061303255
3.4621787226383898,3.4622367031697205,3.4622560301511505,3.4622367031697237,3.4621787226383898
3.4647452914575156,3.464803352435404,3.4648227062326824,3.464803352435407,3.4647452914575156
3.467350566215489,3.4674087088817083,3.4674280899087586,3.467408708881711,3.467350566215489
3.4699946013679073,3.470052826967194,3.470072235638937,3.4700528269672004,3.4699946013679073
3.4726774522001174,3.4727357619802306,3.472755198712593,3.4727357619802484,3.4726774522001174
3.475399174829282,3.475457570041022,3.475477035250968,3.4754575700410784,3.475399174829282
3.4781598262063738,3.478218308103615,3.4782378022091764,3.478218308103819,3.4781598262063738
3.480959464118271,3.4810180339578953,3.481037557378308,3.4810180339586516,3.480959464118271
3.4837981471898587,3.483856806231394,3.483876359387512,3.4838568062342117,3.4837981471898583
3.4866759348861556,3.4867346843903153,3.4867542677061363,3.486734684400826,3.486675934886155
3.489592887514482,3.4896517287375812,3.4896713426458974,3.4896517287768027,3.48959288751448
3.4925490662266645,3.4926080003996387,3.4926276453630662,3.4926080005460185,3.4925490662266583
3.495544533021259,3.4956035612712486,3.4956232378607175,3.495603561817547,3.4955445330212362
3.4985793507458665,3.498638473803378,3.498658182991015,3.498638475842215,3.4985793507457807
3.5016535830997033,3.5017128002053903,3.5017325444577496,3.5017128078145277,3.5016535830993836
3.5047672946374355,3.504826599460738,3.5048463868200637,3.5048266278587694,3.5047672946362427
3.507920550780218,3.507979916180066,3.5079997755030012,3.5079800221642454,3.507920550775763
3.511113417867547,3.5111727389763168,3.51119277684763,3.5111731345194537,3.5111134178509147
3.5143459634445415,3.5144048450100245,3.5144254583917567,3.5144063212150267,3.514345963382441
3.5176182579108,3.517675219227499,3.5176978904943366,3.517680728566467,3.5176182576789357
3.5209303840680297,3.5209798834948356,3.521010155791627,3.5210004448775707,3.5209303832023098
3.5242824925650202,3.524303774892188,3.5243624042997674,3.5243805119498823,3.5242824893326397
3.5276751243314695,3.527590319209136,3.527755174565375,3.5278767092895533,3.5276751122625134
3.525949424510748,3.5306272030475174,3.5311912654630504,3.5316960383804465,3.525987780970431
