4.949800700843323,4.949836775723108,4.949872850602344,4.94983677572311,4.949800700843323
4.949764625963536,4.949872851041973,4.9499089263619656,4.949872851041972,4.949764625963536
4.949872847074036,4.949981076119289,4.950017152761572,4.949981076119291,4.949872847074036
4.950053217942818,4.950161453599595,4.950197532445739,4.950161453599595,4.950053217942818
4.950305742977235,4.950413987890521,4.9504500698222165,4.95041398789052,4.950305742977235
4.950630428347861,4.950738685163042,4.9507747710621,4.950738685163042,4.950630428347861
4.951027281988731,4.951135553351702,4.951171644100083,4.951135553351701,4.951027281988731
4.951496313597674,4.951604602154945,4.951640698634853,4.951604602154946,4.951496313597674
4.952037534636748,4.95214584303558,4.952181946129428,4.95214584303558,4.952037534636748
4.95265095833272,4.952759289221203,4.952795399811709,4.952759289221203,4.95265095833272
4.953336599677612,4.953444955704807,4.9534810746749995,4.953444955704807,4.953336599677612
4.9540944754293905,4.954202859245422,4.954238987478698,4.954202859245424,4.9540944754293905
4.95492460411261,4.955033018368801,4.955069156748942,4.955033018368803,4.95492460411261
4.955827006019278,4.95593545336825,4.95597160277947,4.955935453368249,4.955827006019278
4.9568017032096705,4.956910186305448,4.956946347632442,4.956910186305452,4.9568017032096705
4.957848719513302,4.957957241011438,4.9579934151394,4.9579572410114405,4.957848719513302
4.958968080529913,4.959076643087613,4.9591128309022965,4.959076643087616,4.958968080529913
4.96015981363061,4.96026841990683,4.960304622294554,4.960268419906834,4.96015981363061
4.961423947958989,4.96153260061454,4.961568818462268,4.961532600614544,4.961423947958989
4.962760514432399,4.962869216130092,4.962905450325429,4.962869216130093,4.962760514432399
4.964169545743287,4.96427829914801,4.964314550579271,4.9642782991480106,4.964169545743287
4.965651076360538,4.965759884139394,4.965796153695628,4.965759884139395,4.965651076360538
4.9672051425309975,4.967314007353426,4.967350295924449,4.967314007353429,4.9672051425309975
4.968831782281013,4.968940706818883,4.968977015295334,4.968940706818884,4.968831782281013
4.970531035418037,4.9706400223457505,4.970676351619114,4.9706400223457505,4.970531035418037
4.972302943532328,4.972411995526974,4.972448346489633,4.9724119955269765,4.972302943532328
4.974147549998759,4.974256669740215,4.974293043285452,4.9742566697402175,4.974147549998759
4.976064899978654,4.976174090149665,4.976210487171763,4.9761740901496685,4.976064899978654
4.978055040421714,4.978164303708052,4.9782007251022735,4.978164303708055,4.978055040421714
4.980118020068001,4.980227359158567,4.98026380582122,4.98022735915857,4.980118020068001
4.982253889450067,4.982363307037001,4.982399779865484,4.982363307037005,4.982253889450067
4.984462700895104,4.984572199673888,4.984608699566712,4.984572199673893,4.984462700895104
4.986744508527147,4.9868540911967525,4.9868906190535816,4.986854091196758,4.986744508527147
4.989099368269442,4.989209037532413,4.98924559425411,4.989209037532418,4.989099368269442
4.991527337846759,4.991637096409357,4.991673682898016,4.99163709640936,4.991527337846759
4.9940284767879595,4.994138327360248,4.994174944519253,4.994138327360252,4.9940284767879595
4.9966028464284635,4.996712791724456,4.9967494404584745,4.996712791724461,4.9966028464284635
4.999250509912898,4.999360552650656,4.999397233865727,4.99936055265066,4.999250509912898
5.001971532197809,5.002081675099561,5.002118389703102,5.002081675099564,5.001971532197809
5.0047659800544295,5.0048762258466954,5.004912974747557,5.0048762258467,5.0047659800544295
5.007633922071556,5.007744273485242,5.007781057593749,5.007744273485246,5.007633922071556
5.010575428658429,5.010685888428969,5.01072270865695,5.0106858884289736,5.010575428658429
5.013590572047806,5.013701142915279,5.013738000176097,5.013701142915282,5.013590572047806
5.01667942629903,5.016790111008261,5.016827006216871,5.016790111008266,5.01667942629903
5.0198420673011785,5.019952868601879,5.019989802674867,5.019952868601885,5.0198420673011785
5.023078572776372,5.0231894934232235,5.023226467278833,5.023189493423226,5.023078572776372
5.026389022283019,5.026500065035827,5.026537079593997,5.02650006503583,5.026389022283019
5.029773497219279,5.029884664843085,5.029921721025509,5.029884664843088,5.029773497219279
5.033232080826552,5.033343376091722,5.0333804748218824,5.033343376091726,5.033232080826552
5.036764858193002,5.036876283875394,5.036913426078574,5.036876283875396,5.036764858193002
5.040371916257229,5.040483475138273,5.040520661741645,5.040483475138275,5.040371916257229
5.044053343811996,5.044165038678832,5.044202270611445,5.044165038678836,5.044053343811996
5.047809231508026,5.047921065153622,5.047958343346494,5.047921065153626,5.047809231508026
5.051639671857876,5.0517516470811525,5.051788972467253,5.051751647081156,5.051639671857876
5.055544759239941,5.055656878845881,5.055694252360222,5.055656878845885,5.055544759239941
5.059524589902447,5.059636856702216,5.059674279281872,5.0596368567022205,5.059524589902447
5.063579261967586,5.06369167877868,5.063729151362824,5.063691678778684,5.063579261967586
5.067708875435774,5.067821445082104,5.067858968612059,5.0678214450821075,5.067708875435774
5.0719135321898845,5.0720262575019275,5.072063832921193,5.072026257501933,5.0719135321898845
5.076193335999634,5.076306219814538,5.07634384806885,5.076306219814541,5.076193335999634
5.080548392526045,5.080661437687769,5.080699119725114,5.0806614376877715,5.080548392526045
5.08497880932598,5.085092018685385,5.085129755456079,5.085092018685391,5.08497880932598
5.089484695856709,5.089598072271731,5.0896358647284226,5.089598072271736,5.089484695856709
5.094066163480688,5.094179709816413,5.094217558914153,5.0941797098164185,5.094066163480688
5.098723325470284,5.098837044599098,5.098874951295354,5.098837044599103,5.098723325470284
5.103456297012635,5.1035701918143435,5.103608157069069,5.103570191814349,5.103456297012635
5.108265195214631,5.108379268576584,5.108417293352254,5.108379268576588,5.108265195214631
5.1131501391079,5.113264393925129,5.113302479186748,5.1132643939251325,5.1131501391079
5.118111249653976,5.118225688829291,5.118263835544491,5.118225688829293,5.118111249653976
5.123148649749439,5.123263276193589,5.123301485332626,5.123263276193592,5.123148649749439
5.128262464231234,5.128377280863006,5.128415553398827,5.128377280863009,5.128262464231234
5.133452819882031,5.133567829628393,5.133606166536661,5.1335678296284,5.133452819882031
5.138719845435663,5.138835051231876,5.138873453491043,5.138835051231892,5.138719845435663
5.144063671582665,5.144179076372426,5.144217544963739,5.144179076372458,5.144063671582665
5.149484430975894,5.149600037711437,5.149638573619029,5.149600037711552,5.149484430975894
5.1549822582362435,5.155098069878414,5.155136674089391,5.155098069878825,5.1549822582362435
5.1605572899584375,5.160673309476593,5.160711982981302,5.160673309478121,5.1605572899584375
5.166209664716892,5.166325895088221,5.166364638881106,5.166325895093915,5.166209664716892
5.171939523071693,5.1720559672783,5.172094782361002,5.172055967299539,5.171939523071692
5.177747007574641,5.177863668592296,5.177902555985061,5.177863668671564,5.177747007574637
5.183632262775389,5.183749143531194,5.183788104315393,5.18374914382702,5.183632262775375
5.1895954352276235,5.189712538441698,5.189751573918297,5.189712539545754,5.189595435227568
5.195636673495153,5.19575400108969,5.195793113370349,5.195754005210141,5.195636673494947
5.201756128156856,5.201873679051575,5.201912873263261,5.20187369442953,5.201756128156089
5.2079539518047,5.208071713696503,5.208111006201595,5.208071771088634,5.207953951801833
5.214230299000064,5.214348217728153,5.214387666757973,5.214348431921589,5.214230298989361
5.22058532598542,5.220703191458082,5.220743011180565,5.2207039908503905,5.2205853259454535
5.227019188962671,5.227136210938206,5.2271771956558055,5.22713919435397,5.227019188813438
5.233532033993349,5.233645267676276,5.233690366150483,5.233656402096249,5.233532033436111
5.240123937976457,5.240222459623075,5.240282599173603,5.240264014444437,5.240123935895708
5.246794564148696,5.246838033665973,5.246953556476419,5.24699312061219,5.246794556379052
5.243429015614945,5.253381554415707,5.253700472453923,5.253960355148859,5.243449785256296
