3.5778352055846083,3.577855700276451,3.577876194968277,3.5778557002764524,3.5778352055846088
3.577814710892765,3.577876195185572,3.5778966900947298,3.5778761951855724,3.577814710892765
3.5778761932295593,3.5779376794783415,3.5779581750395013,3.577937679478343,3.5778761932295593
3.5779786649499328,3.5780401544587455,3.5780606511065955,3.5780401544587455,3.5779786649499328
3.578122128227098,3.5781836223001124,3.578204120469386,3.578183622300112,3.578122128227098
3.578306586103664,3.5783680860452365,3.5783885861707154,3.5783680860452365,3.578306586103664
3.5785320424917773,3.5785935496064596,3.5786140521230068,3.5785935496064587,3.5785320424917773
3.578798502173195,3.5788600177658276,3.57888052310839,3.578860017765828,3.578798502173195
3.5791059707995503,3.579167496175265,3.5791880047788984,3.579167496175265,3.5791059707995503
3.5794544548924865,3.5795159913567995,3.5795365036566746,3.579515991356799,3.5794544548924865
3.579843961843944,3.5799055107027775,3.5799260271342037,3.5799055107027775,3.579843961843944
3.580274499916436,3.5803360624761567,3.5803565834746096,3.580336062476159,3.580274499916436
3.5807460782433096,3.5808076558108093,3.5808281818119205,3.58080765581081,3.5807460782433096
3.5812587068291406,3.581320300711867,3.5813408321514504,3.581320300711866,3.5812587068291406
3.581812396550071,3.581874008056071,3.581894545370148,3.5818740080560727,3.581812396550071
3.5824071591542284,3.5824687895922,3.5824893332170205,3.5824687895922027,3.5824071591542284
3.583043007262135,3.5831046579414907,3.583125208313521,3.5831046579414925,3.583043007262135
3.58371995436722,3.5837816265981184,3.5838021841540852,3.5837816265981206,3.58371995436722
3.5844380148362855,3.584499709929681,3.5845202751065774,3.584499709929683,3.5844380148362855
3.5851972039100604,3.5852589231777596,3.585279496412854,3.585258923177761,3.5851972039100604
3.585997537703742,3.5860592824584545,3.5860798641893195,3.5860592824584554,3.585997537703742
3.586839033207623,3.5869008047629896,3.586921395427525,3.58690080476299,3.586839033207623
3.587721708287705,3.5877835079583735,3.587804107994792,3.5877835079583758,3.587721708287705
3.588645581686361,3.588707410788022,3.58872802063489,3.588707410788023,3.588645581686361
3.5896106730230333,3.58967253287247,3.589693152968722,3.58967253287247,3.5896106730230333
3.5906170027949846,3.5906788947101145,3.590699525495067,3.5906788947101167,3.5906170027949846
3.591664592378005,3.591726517677947,3.591747159591307,3.591726517677949,3.591664592378005
3.5927534640272656,3.5928154240323753,3.592836077514265,3.592815424032378,3.5927534640272656
3.5938836408781074,3.5939456369100213,3.593966302400997,3.593945636910024,3.5938836408781074
3.595055146946923,3.5951171803286237,3.595137858269681,3.595117180328627,3.595055146946923
3.5962680071320188,3.5963300791878727,3.596350770020477,3.596330079187876,3.5962680071320188
3.597522247214578,3.597584359270392,3.597605063436481,3.5975843592703947,3.597522247214578
3.5988178938595836,3.598880047242647,3.5989007651846547,3.5988800472426496,3.5988178938595836
3.600154974616828,3.6002171706559674,3.6002379028168408,3.600217170655969,3.600154974616828
3.601533517921933,3.6015957579475573,3.6016165047707784,3.6015957579475604,3.601533517921933
3.6029535530974117,3.6030158384415674,3.6030366003711487,3.6030158384415705,3.6029535530974117
3.6044151103537443,3.604477442350158,3.6044982198306887,3.604477442350161,3.6044151103537443
3.6059182207905094,3.6059806007746467,3.606001394251281,3.6059806007746493,3.6059182207905094
3.6074629163975436,3.6075253457066463,3.6075461556251405,3.607525345706648,3.6074629163975436
3.6090492300561134,3.6091117100292647,3.609132536835983,3.6091117100292673,3.6090492300561134
3.610677195540161,3.6107397275183217,3.610760571660257,3.610739727518325,3.610677195540161
3.61234684751755,3.6124094328436125,3.6124302947684024,3.6124094328436156,3.61234684751755
3.614058221551341,3.6141208615701848,3.6141417417261303,3.614120861570188,3.614058221551341
3.6158113541011248,3.615874050159669,3.6158949489957437,3.6158740501596713,3.6158113541011248
3.6176062825243944,3.6176690359716304,3.617689953937507,3.6176690359716335,3.6176062825243944
3.6194430450778987,3.6195058572649588,3.619526794811019,3.6195058572649623,3.6194430450778987
3.6213216809190953,3.621384553199292,3.6214055107766487,3.6213845531992948,3.6213216809190953
3.623242230107594,3.623305163836483,3.623326141896992,3.623305163836486,3.623242230107594
3.6252047336066466,3.625267730142062,3.6252887291383336,3.6252677301420646,3.6252047336066466
3.627209233284675,3.6272722939867905,3.6272933143722277,3.6272722939867936,3.627209233284675
3.629255771916825,3.6293188981482003,3.6293399403769966,3.6293188981482034,3.629255771916825
3.631344393186563,3.631407586312201,3.63142865083936,3.631407586312203,3.631344393186563
3.6334751416873,3.633538403074684,3.633559490356043,3.6335384030746862,3.6334751416873
3.635648062924037,3.6357113939432026,3.635732504435443,3.6357113939432057,3.635648062924037
3.637863203315086,3.637926605338654,3.637947739499319,3.637926605338657,3.637863203315086
3.6401206101937764,3.6401840845970095,3.640205242884535,3.640184084597012,3.6401206101937764
3.642420331810222,3.642483879971087,3.6425050628447933,3.6424838799710892,3.642420331810222
3.64476241733313,3.6448260406323336,3.644847248552463,3.6448260406323367,3.64476241733313
3.6471469168516126,3.6472106166726617,3.6472318501003897,3.6472106166726648,3.6471469168516126
3.6495738813770666,3.649637659106314,3.6496589185037673,3.649637659106316,3.6495738813770666
3.6520433628450695,3.652107219871778,3.6521285057020454,3.652107219871781,3.6520433628450695
3.6545554141173087,3.654619351833694,3.6546406645608536,3.6546193518336976,3.6545554141173087
3.657110088983561,3.6571741087848437,3.657195448873975,3.657174108784846,3.657110088983561
3.6597074421636906,3.6597715454481565,3.659792913365362,3.6597715454481583,3.6597074421636906
3.662347529309701,3.662411717478739,3.662433113691151,3.662411717478742,3.662347529309701
3.6650304070077855,3.6650946814659546,3.665116106441769,3.6650946814659577,3.6650304070077855
3.6677561327804566,3.667820494935534,3.667841949144015,3.6678204949355364,3.6677561327804566
3.6705247650886874,3.670589216351719,3.67061070026322,3.6705892163517215,3.6705247650886874
3.673336363334081,3.6734009051194403,3.6734224192054246,3.673400905119443,3.673336363334081
3.676190987861112,3.676255621586543,3.6762771663196046,3.676255621586546,3.676190987861112
3.6790886999593435,3.679153427046029,3.6791750028998904,3.6791534270460318,3.6790886999593435
3.682029561865745,3.6820943837383453,3.6821159911879087,3.6820943837383537,3.682029561865745
3.685013636766995,3.6850785548537064,3.6851001943750488,3.685078554853728,3.685013636766995
3.6880409888018466,3.688106004534441,3.688127676604852,3.6881060045345153,3.6880409888018466
3.6911116830635216,3.6911767978773664,3.6911985029754066,3.6911767978776386,3.6911116830635216
3.694225785602142,3.694291000936111,3.694312739541764,3.6942910009371186,3.694225785602142
3.697383363427198,3.697448680723179,3.697470453318424,3.697448680726934,3.697383363427198
3.7005844845100446,3.7006499052109874,3.7006717122818205,3.7006499052249993,3.700584484510044
3.703829217786452,3.7038947433289158,3.70391658537287,3.7038947433812015,3.7038292177864496
3.7071176331591618,3.707183264945362,3.707205142499549,3.707183265140497,3.7071176331591533
3.7104498015005016,3.7105155407938297,3.7105374545394687,3.710515541522086,3.71044980150047
3.713825794654899,3.7138916421899917,3.713913593342412,3.713891644907912,3.713825794654782
3.7172456854409,3.7173116399688286,3.7173336317322807,3.7173116501123746,3.7172456854404623
3.7207095476497303,3.720775600512152,3.720797643505506,3.7207756383688486,3.720709547648095
3.7242174560236525,3.724283570924548,3.7243057034087492,3.7242837122094214,3.724217456017548
3.727769486114969,3.727835523753647,3.7278578869955163,3.727836051042546,3.727769486092177
3.7313657134459044,3.7314311509795544,3.7314542697771325,3.7314331188730723,3.7313657133608036
3.7350062085794677,3.7350690969415496,3.7350949222603833,3.7350764413118163,3.735006208261723
3.7386910083065334,3.7387441059467976,3.7387798810110326,3.73877151585209,3.7386910071201456
3.742419947435607,3.742436437528076,3.7425089799848634,3.7425387339653686,3.7424199430058827
3.7461916773975816,3.746072716745045,3.746280867434977,3.746454497018643,3.7461916608578347
3.7442694624406614,3.7493818846195532,3.750087275991363,3.750806725816397,3.7443205941196394
