3.8948504140362035,3.8948744078210797,3.894898401606125,3.894874407821081,3.894850414036204
3.8948264202513267,3.894898401870992,3.8949223959205908,3.894898401870991,3.8948264202513267
3.894898399490314,3.8949703834909775,3.894994378334251,3.8949703834909792,3.894898399490314
3.8950183662992766,3.895090354268364,3.8951143504344565,3.8950903542683637,3.8950183662992766
3.8951863233236557,3.8952583168487394,3.895282314866855,3.8952583168487394,3.8951863233236557
3.8954022742672145,3.8954742749360847,3.8954982753354934,3.8954742749360847,3.8954022742672145
3.8956662238921687,3.8957382332928905,3.8957622366029554,3.8957382332928905,3.8956662238921687
3.89597817801938,3.8960501977403554,3.896074204490553,3.8960501977403563,3.89597817801938
3.8963381435285727,3.89641017515861,3.8964341858785443,3.8964101751586098,3.8963381435285727
3.896746128358616,3.896818173486977,3.8968421887064046,3.8968181734869765,3.896746128358616
3.897202141507801,3.8972742017242683,3.8972982219731303,3.897274201724268,3.897202141507801
3.8977061930342325,3.8977782699291663,3.8978022957375966,3.897778269929168,3.8977061930342325
3.8982582940561583,3.8983303892205767,3.898354421118914,3.898330389220578,3.8982582940561583
3.8988584567524636,3.8989305717780836,3.898954610296908,3.8989305717780827,3.8988584567524636
3.8995066943630894,3.899578830842398,3.8996028765125383,3.8995788308424,3.8995066943630894
3.9002030211895793,3.9002751807158864,3.900299234068461,3.9002751807158886,3.9002030211895793
3.9009474525956045,3.901019636763114,3.9010436983295267,3.9010196367631167,3.9009474525956045
3.901740005007573,3.901812215411445,3.9018362857234226,3.9018122154114474,3.901740005007573
3.902580695915272,3.902652934151671,3.902677013741287,3.9026529341516736,3.902580695915272
3.903469543872522,3.903541811538706,3.90356590093836,3.903541811538708,3.903469543872522
3.904406568497915,3.9044788671922515,3.9045029669347704,3.904478867192253,3.904406568497915
3.905391790475555,3.9054641217976296,3.905488232416208,3.9054641217976314,3.905391790475555
3.906425231555864,3.9064975971065277,3.9065217191347736,3.9064975971065303,3.906425231555864
3.9075069145564383,3.9075793159378565,3.907603449909842,3.907579315937858,3.9075069145564383
3.908636863362905,3.908709302178629,3.9087334486288716,3.9087093021786288,3.908636863362905
3.909815102929856,3.909887580784878,3.909911740248392,3.9098875807848805,3.909815102929856
3.9110416592818162,3.9111141777826512,3.9111383507949435,3.911114177782653,3.9110416592818162
3.912316559514247,3.9123891202689722,3.912413307366078,3.9123891202689753,3.912316559514247
3.913639831794595,3.9137124364129248,3.913736638131418,3.9137124364129274,3.913639831794595
3.9150115053633754,3.9150841554567153,3.915108372333743,3.915084155456719,3.9150115053633754
3.916431610535314,3.916504307716831,3.9165285402901198,3.9165043077168344,3.916431610535314
3.9179001787004974,3.917972924585183,3.917997173393072,3.917972924585186,3.9179001787004974
3.9194172423256224,3.9194900385303497,3.9195143041117997,3.919490038530353,3.9194172423256224
3.920982834955212,3.921055683098796,3.921079965993425,3.9210556830987997,3.920982834955212
3.9225969912129415,3.922669892916211,3.9226941936642987,3.9226698929162143,3.9225969912129415
3.924259746802969,3.924332703688821,3.9243570228313396,3.924332703688824,3.924259746802969
3.925971138511302,3.9260441522047747,3.9260684902834098,3.9260441522047773,3.925971138511302
3.9277312042072583,3.9278042763355763,3.927828633892751,3.9278042763355794,3.9277312042072583
3.929539982844881,3.929613115037544,3.929637492616419,3.9296131150375473,3.929539982844881
3.931397514464491,3.9314707083533147,3.931495106497843,3.9314707083533174,3.931397514464491
3.9333038401942018,3.9333770974133877,3.933401516668311,3.9333770974133913,3.9333038401942018
3.935259002251531,3.935332324437741,3.9353567653486143,3.935332324437744,3.935259002251531
3.9372630439450402,3.937336432737441,3.9373608958506643,3.9373364327374447,3.9372630439450402
3.939316009675993,3.939389466716327,3.9394139525791587,3.9393894667163307,3.939316009675993
3.9414179449400684,3.941491471872737,3.941515981033314,3.94149147187274,3.9414179449400684
3.9435688963291518,3.9436424948012467,3.9436670278086012,3.9436424948012494,3.9435688963291518
3.9457689115331163,3.945842583194505,3.9458671405986045,3.945842583194508,3.9457689115331163
3.9480180393416715,3.9480917858450577,3.9481163681968128,3.948091785845061,3.9480180393416715
3.950316329646266,3.9503901526472442,3.950414760498531,3.9503901526472474,3.950316329646266
3.952663833442005,3.952737734599143,3.952762368502819,3.952737734599146,3.952663833442005
3.9550606028296227,3.9551345838045147,3.9551592443144505,3.9551345838045178,3.9550606028296227
3.9575066910175254,3.9575807534748515,3.9576054411459487,3.957580753474855,3.9575066910175254
3.9600021523238245,3.9600762979314266,3.960101013319641,3.960076297931429,3.9600021523238245
3.9625470421784583,3.9626212726074,3.9626460162697614,3.9626212726074033,3.9625470421784583
3.965141417125331,3.9652157340499654,3.9652405065445966,3.965215734049969,3.965141417125331
3.967785334824515,3.9678597399225475,3.9678845418086883,3.96785973992255,3.967785334824515
3.9704788540544778,3.9705533490070266,3.970578180845063,3.9705533490070297,3.9704788540544778
3.9732220347143583,3.9732966212060314,3.973321483557503,3.9732966212060346,3.9732220347143583
3.9760149378262897,3.97608961754525,3.976114510972882,3.9760896175452527,3.9760149378262897
3.9788576255377883,3.978932400175801,3.978957325243533,3.9789324001758044,3.9788576255377883
3.981750161124125,3.981825032376648,3.981849989649632,3.9818250323766513,3.981750161124125
3.9846926089908083,3.984767578557046,3.9847925686016925,3.9847675785570487,3.9846926089908083
3.9876850346760775,3.987760104259048,3.9877851276430314,3.987760104259051,3.9876850346760775
3.990727504853443,3.9908026761600417,3.990827733452343,3.990802676160045,3.990727504853443
3.9938200873342677,3.99389536207535,3.9939204538462554,3.9938953620753535,3.9938200873342677
3.996962851070414,3.9970382309608374,3.997063357781976,3.99703823096084,3.996962851070414
4.000155866156906,4.000231352915617,4.000256515359982,4.000231352915618,4.000155866156906
4.003399203834656,4.003474799184747,4.003499997826709,4.003474799184751,4.003399203834656
4.006692936493229,4.006768642162022,4.006793877577361,4.006768642162027,4.006692936493229
4.010037137673675,4.010112955392764,4.010138228158685,4.010112955392769,4.010037137673675
4.01343188207134,4.013507813576684,4.013533124271843,4.013507813576687,4.01343188207134
4.016877245538827,4.0169532925707925,4.0169786417753315,4.016953292570804,4.016877245538827
4.020373305088891,4.020449469392337,4.020474857687886,4.020449469392365,4.020373305088891
4.023920138897458,4.02399642222178,4.024021850191519,4.023996422221882,4.023920138897458
4.027517826306662,4.027594230405816,4.027619698634531,4.027594230406183,4.027517826306662
4.031166447827927,4.031242974460298,4.031268483534612,4.031242974461662,4.031166447827927
4.034866085145106,4.034942736072838,4.034968286581961,4.03494273607793,4.034866085145106
4.038616821117637,4.038693598103995,4.038719190642474,4.038693598122988,4.038616821117636
4.042418739783788,4.042495644583038,4.042521279760951,4.0424956446539175,4.042418739783785
4.046271926363909,4.046348960683427,4.04637463916438,4.046348960947954,4.0462719263638975
4.050176467263716,4.05025363262239,4.050279355265187,4.050253633609626,4.050176467263672
4.0541324500773985,4.054209747277226,4.054235515664357,4.054209750961697,4.054132450077233
4.058139963589599,4.05821739074477,4.058243209153329,4.0582174044955694,4.058139963588981
4.062199097770276,4.062276642958935,4.062302525708613,4.062276694278284,4.062199097767971
4.066309943727712,4.0663875576120825,4.066413556443916,4.066387749140983,4.066309943719104
4.070472593415733,4.07055008731778,4.070576393313972,4.07055080212264,4.070472593383592
4.074687137903256,4.0747638049293355,4.074791127371561,4.07476647265202,4.074687137783248
4.078953657244393,4.07902686712476,4.079057838590912,4.079036823330639,4.078953656796302
4.083272161320782,4.083332167734406,4.083376536536688,4.083369325283321,4.083272159647679
4.087642244657397,4.0876531059554,4.0877468145381135,4.0877917816182885,4.087642238410261
4.092061073138886,4.091891196891693,4.092165834042079,4.092408748241458,4.092061049812816
4.089804709126369,4.0956847744304135,4.096616576497056,4.0976163274926565,4.0898740236308955
