4.918154829398706,4.918190734195492,4.918226638992586,4.918190734195495,4.918154829398707
4.918118924601919,4.9182266394310865,4.918262544666105,4.918226639431087,4.918118924601919
4.918226635490316,4.9183343542608435,4.918370260809671,4.918334354260845,4.918226635490316
4.918406155972688,4.9185138813123235,4.918549790050883,4.918513881312322,4.918406155972688
4.918657490428126,4.918765224964895,4.918801136769201,4.918765224964893,4.918657490428126
4.918980644987617,4.919088391349927,4.919124307096138,4.919088391349927,4.918980644987617
4.919375627534285,4.9194833883510665,4.9195193089154925,4.9194833883510665,4.919375627534285
4.919842447703769,4.919950225604546,4.91998615186374,4.919950225604547,4.919842447703769
4.920381116884586,4.920488914499633,4.920524847330336,4.920488914499633,4.920381116884586
4.920991648218651,4.92109946817908,4.921135408458351,4.921099468179079,4.920991648218651
4.921674056601812,4.921781901539689,4.921817850144889,4.921781901539689,4.921674056601812
4.922428358684535,4.92253623123299,4.922572189041845,4.922536231232993,4.922428358684535
4.923254572872552,4.923362475665898,4.923398443556528,4.923362475665899,4.923254572872552
4.924152719327687,4.924260655001527,4.924296633852478,4.924260655001525,4.924152719327687
4.925122819968708,4.925230791160047,4.925266781850342,4.9252307911600495,4.925122819968708
4.926164898472263,4.926272907819632,4.92630891122878,4.926272907819635,4.926164898472263
4.927278980273888,4.927387030417442,4.927423047425519,4.927387030417446,4.927278980273888
4.928465092569111,4.928573186150751,4.928609217638392,4.9285731861507545,4.928465092569111
4.929723264314595,4.929831403978083,4.9298674508265545,4.9298314039780875,4.929723264314595
4.93105352622938,4.931161714620439,4.931197777711668,4.931161714620441,4.93105352622938
4.9324559107962,4.932564150562636,4.932600230779237,4.932564150562638,4.9324559107962
4.933930452262861,4.934038746054687,4.934074844280001,4.934038746054686,4.933930452262861
4.93547718664373,4.935585537113251,4.9356216542314035,4.935585537113254,4.93547718664373
4.937096151721243,4.9372045615231945,4.937240698419117,4.9372045615231945,4.937096151721243
4.9387873870475385,4.938895858839204,4.938932016398647,4.938895858839204,4.9387873870475385
4.940550933946135,4.940659470387428,4.940695649497059,4.940659470387432,4.940550933946135
4.942386835513731,4.942495439267343,4.9425316408147335,4.942495439267345,4.942386835513731
4.944295136621991,4.944403810353495,4.944440035227175,4.944403810353497,4.944295136621991
4.946275883919534,4.946384630297469,4.9464208793869835,4.946384630297473,4.946275883919534
4.948329125833857,4.948437947529903,4.948474221725807,4.948437947529908,4.948329125833857
4.950454912573458,4.950563812262492,4.950600112456424,4.950563812262496,4.950454912573458
4.952653296129947,4.952762276490195,4.952798603574914,4.9527622764901995,4.952653296129947
4.954924330280308,4.955033393993439,4.955069748862847,4.9550333939934434,4.954924330280308
4.957268070589154,4.957377220340405,4.957413603889598,4.957377220340408,4.957268070589154
4.959684574411162,4.959793812889447,4.959830226014737,4.959793812889449,4.959684574411162
4.962173900893455,4.962283230791484,4.962319674390468,4.962283230791487,4.962173900893455
4.964736110978177,4.96484553499259,4.964882009964133,4.964845534992594,4.964736110978177
4.967371267405129,4.9674807882365695,4.967517295480921,4.967480788236574,4.967371267405129
4.970079434714377,4.970189055067636,4.970225595486401,4.970189055067641,4.970079434714377
4.972860679249066,4.972970401833207,4.973006976329418,4.9729704018332095,4.972860679249066
4.975715069158271,4.975824896686709,4.975861506164867,4.975824896686713,4.975715069158271
4.9786426743998575,4.978752609590529,4.978789254956602,4.978752609590533,4.9786426743998575
4.981643566743514,4.981753612318956,4.981790294480478,4.981753612318959,4.981643566743514
4.984717819773858,4.984827978461324,4.984864698327384,4.984827978461327,4.984717819773858
4.987865508893511,4.987975783425097,4.9880125419064285,4.987975783425101,4.987865508893511
4.991086711326379,4.991197104439156,4.991233902448111,4.991197104439159,4.991086711326379
4.99438150612094,4.994492020557056,4.994528859007699,4.994492020557058,4.99438150612094
4.99774997415365,4.997860612660442,4.997897492468564,4.997860612660446,4.99774997415365
5.001192198132387,5.001302963462505,5.001339885545669,5.001302963462511,5.001192198132387
5.004708262599996,5.004819157511537,5.004856122789128,5.004819157511541,5.004708262599996
5.008298253937913,5.008409281194519,5.008446290587766,5.008409281194523,5.008298253937913
5.011962260369886,5.0120734227408725,5.012110477172886,5.012073422740874,5.011962260369886
5.015700371965737,5.015811672226202,5.015848772622036,5.0158116722262065,5.015700371965737
5.019512680645207,5.019624121576183,5.019661268862862,5.019624121576188,5.019512680645207
5.023399280181949,5.0235108645704765,5.023548059677019,5.02351086457048,5.023399280181949
5.027360266207487,5.0274719968467725,5.027509240704262,5.027471996846776,5.027360266207487
5.0313957362153525,5.031507615904869,5.031544909446484,5.0315076159048715,5.0313957362153525
5.0355057895652715,5.035617821110891,5.035655165271919,5.035617821110895,5.0355057895652715
5.039690527487389,5.039802713701496,5.0398401094194325,5.039802713701501,5.039690527487389
5.04395005308668,5.044062396788288,5.04409984500281,5.044062396788291,5.04395005308668
5.048284471347285,5.048396975362177,5.048434477015229,5.04839697536218,5.048284471347285
5.052693889137091,5.052806556297927,5.052844112333734,5.0528065562979325,5.052693889137091
5.057178415212268,5.057291248358716,5.057328859723852,5.05729124835872,5.057178415212268
5.061738160221986,5.061851162200833,5.061888829844244,5.061851162200837,5.061738160221986
5.066373236713108,5.0664864103784035,5.066524135251443,5.066486410378409,5.066373236713108
5.071083759135079,5.071197107348238,5.071234890404734,5.071197107348242,5.071083759135079
5.075869843844812,5.075983369474743,5.076021211671011,5.075983369474746,5.075869843844812
5.080731609111673,5.080845315034928,5.0808832173298315,5.080845315034931,5.080731609111673
5.085669175122611,5.0857830642234685,5.085821027578446,5.085783064223471,5.085669175122611
5.0906826639872795,5.090796739157898,5.090834764537022,5.090796739157901,5.0906826639872795
5.095772199743288,5.09588646388384,5.095924552253841,5.0958864638838435,5.095772199743288
5.100937908361581,5.101052364380343,5.101090516710667,5.101052364380352,5.100937908361581
5.106179917751774,5.106294568565294,5.106332785828135,5.106294568565302,5.106179917751774
5.111498357767748,5.111613206300936,5.111651489471282,5.111613206300954,5.111498357767748
5.1168933602131546,5.117008409399418,5.11704675945512,5.117008409399485,5.1168933602131546
5.122365058847128,5.122480311628481,5.1225187295502925,5.122480311628706,5.122365058847128
5.127913589390059,5.128029048717099,5.128067535488862,5.128029048717935,5.127913589390059
5.133539089529378,5.133654758360989,5.1336933149701345,5.133654758364104,5.133539089529378
5.139241698925541,5.139357580227359,5.139396207666584,5.139357580238977,5.139241698925541
5.145021559217998,5.145137655956337,5.145176355229869,5.1451376559996955,5.145021559217995
5.150878814031252,5.1509951291501235,5.151033901296862,5.150995129311946,5.150878814031244
5.156813608980703,5.156930145316054,5.156968991495516,5.156930145919977,5.156813608980673
5.1628260916770055,5.162942851637877,5.162981773449186,5.162942853891781,5.1628260916768935
5.168916411721029,5.169033396109282,5.169072396771561,5.1690334045210795,5.16891641172061
5.175084720644062,5.175201924306663,5.175241013006709,5.175201955700372,5.175084720642498
5.181331171527572,5.181448567466609,5.181487775248232,5.18144868463121,5.181331171521732
5.1876559167545135,5.187773398783978,5.187812835888404,5.187773836054512,5.187655916732709
5.194059094865958,5.194176275026407,5.194216333466888,5.1941779069657334,5.1940590947845395
5.200540753905529,5.200656272988811,5.200698315987006,5.200662363556999,5.200540753601512
5.207100404536104,5.207209747036308,5.207258293935331,5.207232477673751,5.207100403400889
5.213734415118221,5.213824016684995,5.2138926350442585,5.21390884980179,5.213734410879252
5.210392971169853,5.220459269541207,5.220579379754928,5.220775875609904,5.210404332249407
