3.3144472969149508,3.3144650395037685,3.3144827820925657,3.31446503950377,3.3144472969149517
3.314429554326133,3.314482782274003,3.314500525044296,3.3144827822740033,3.314429554326133
3.314482780640448,3.3145360102218198,3.31455375353662,3.3145360102218206,3.314482780640448
3.3145714921322806,3.3146247244362135,3.3146424686585463,3.314624724436213,3.3145714921322806
3.314695690616561,3.314748926732208,3.3147666722251308,3.3147489267322077,3.314695690616561
3.3148553786342823,3.3149086196509447,3.3149263667775495,3.3149086196509447,3.3148553786342823
3.315050559452596,3.3151038064597347,3.3151215555831928,3.3151038064597342,3.315050559452596
3.3152812370649127,3.31533449115221,3.3153522426357496,3.3153344911522105,3.3152812370649127
3.3155474161910576,3.31560067844845,3.3156184326553886,3.31560067844845,3.3155474161910576
3.3158491022774395,3.315902373795154,3.315920131088906,3.3159023737951534,3.3158491022774395
3.316186301497227,3.3162395833658294,3.316257344109913,3.3162395833658294,3.316186301497227
3.316559020750612,3.316612314061026,3.3166300786190965,3.3166123140610275,3.316559020750612
3.316967267665008,3.3170205735085787,3.317038342244412,3.31702057350858,3.316967267665008
3.3174110505953567,3.317464370063867,3.317482143341403,3.317464370063866,3.3174110505953567
3.317890378624408,3.3179437128101346,3.3179614909934707,3.317943712810137,3.317890378624408
3.3184052615630626,3.318458611558812,3.318476395012217,3.3184586115588144,3.3184052615630626
3.318955709950692,3.31900907684983,3.3190268659377677,3.3190090768498317,3.318955709950692
3.3195417350555547,3.3195951199520577,3.3196129150391873,3.31959511995206,3.3195417350555547
3.3201633488751816,3.3202167528636672,3.320234554314862,3.32021675286367,3.3201633488751816
3.3208205641368007,3.320873988312573,3.320891796492942,3.3208739883125733,3.3208205641368007
3.3215133942977992,3.321566839756875,3.3215846550317703,3.3215668397568754,3.3215133942977992
3.322241853546197,3.322295321385365,3.3223131441203844,3.3222953213853654,3.322241853546197
3.323005956801169,3.3230594481180202,3.3230772786790252,3.323059448118022,3.323005956801169
3.323805719713568,3.323859235606535,3.32387707435967,3.3238592356065366,3.323805719713568
3.324641158666496,3.3246947002348817,3.3247125475465924,3.3246947002348812,3.324641158666496
3.3255122907758756,3.325565859119903,3.3255837153569416,3.325565859119905,3.3255122907758756
3.326419133891066,3.3264727301119312,3.326490595641353,3.326472730111933,3.326419133891066
3.327361706595519,3.3274153317954025,3.3274332069846184,3.3274153317954043,3.327361706595519
3.3283400282074336,3.3283936834895607,3.3284115687063074,3.3283936834895624,3.3283400282074336
3.3293541187804268,3.3294078052491005,3.329425700861486,3.3294078052491027,3.3293541187804268
3.3304039991043055,3.3304577178649373,3.330475624241439,3.3304577178649395,3.3304039991043055
3.33148969070574,3.331543442864909,3.331561360374388,3.3315434428649118,3.33148969070574
3.3326112158491017,3.3326650025145774,3.332682931526302,3.3326650025145805,3.3326112158491017
3.3337685975372215,3.333822419818017,3.333840360701648,3.3338224198180186,3.3337685975372215
3.3349618595122257,3.335015718518617,3.335033671644263,3.3350157185186196,3.3349618595122257
3.336191026256381,3.336244923099968,3.3362628888381654,3.336244923099971,3.336191026256381
3.3374561229929824,3.3375100587867252,3.3375280375084624,3.337510058786728,3.3374561229929824
3.338757175687248,3.3388111515454924,3.338829143622224,3.338811151545495,3.338757175687248
3.340094211047244,3.3401482280857864,3.340166233889447,3.340148228085789,3.340094211047244
3.341467256524878,3.3415213158609753,3.3415393357639895,3.3415213158609776,3.341467256524878
3.342876340316819,3.342930443069253,3.342948477444551,3.3429304430692555,3.342876340316819
3.3443214913655677,3.344375638654677,3.3443936878757095,3.3443756386546792,3.3443214913655677
3.345802739360469,3.345856932308185,3.345874996748937,3.345856932308188,3.345802739360469
3.3473201147387712,3.3473743544686627,3.347392434503657,3.347374354468665,3.3473201147387712
3.348873648686722,3.34892793632404,3.348946032328366,3.3489279363240425,3.348873648686722
3.3504633731407063,3.350517709812414,3.350535822161734,3.3505177098124164,3.3504633731407063
3.352089320788359,3.3521437076231826,3.352161836693742,3.3521437076231853,3.352089320788359
3.3537515250697583,3.3538059631982247,3.3538241093668693,3.3538059631982273,3.3537515250697583
3.3554500201786204,3.355504510733091,3.355522674377279,3.3555045107330943,3.3554500201786204
3.3571848410635323,3.357239385178251,3.3572575666760724,3.357239385178253,3.3571848410635323
3.358956023429178,3.359010622240319,3.3590288219704996,3.3590106222403215,3.358956023429178
3.360763603737669,3.3608182583833592,3.360836476725278,3.3608182583833615,3.360763603737669
3.3626076192098098,3.362662330830184,3.362680568163892,3.362662330830187,3.3626076192098098
3.3644881078264417,3.3645428775636836,3.364561134269909,3.3645428775636863,3.3644881078264417
3.366405108329838,3.3664599373282087,3.3664782137883806,3.3664599373282114,3.366405108329838
3.3683586602250477,3.368413549630941,3.368431846227199,3.368413549630944,3.3683586602250477
3.3703488037813383,3.3704037547433208,3.3704220718585187,3.3704037547433234,3.3703488037813383
3.372375580033653,3.3724305937024948,3.37244893172023,3.372430593702498,3.372375580033653
3.3744390307840564,3.3744941083127857,3.3745124676174068,3.374494108312789,3.3744390307840564
3.3765391986032616,3.3765943411472,3.3766127221238165,3.3765943411472024,3.3765391986032616
3.378676126832149,3.3787313355489483,3.3787497385834473,3.378731335548951,3.378676126832149
3.3808498595833054,3.380905135633004,3.380923561112074,3.3809051356330073,3.3808498595833054
3.383060441742658,3.383115786287706,3.3831342345988342,3.3831157862877093,3.383060441742658
3.385307918971029,3.3853633331763437,3.385381804707834,3.3853633331763464,3.385307918971029
3.387592337705811,3.3876478227388156,3.3876663178798156,3.387647822738818,3.387592337705811
3.389913745162638,3.389969302193295,3.3899878213338015,3.389969302193297,3.389913745162638
3.3922721893370684,3.3923278195379285,3.3923463630687976,3.3923278195379316,3.3922721893370684
3.39466771900631,3.394723423552566,3.3947419918655277,3.394723423552568,3.39466771900631
3.3971003837309897,3.3971561638004983,3.397174757288183,3.3971561638004997,3.3971003837309897
3.3995702338569296,3.399626090630269,3.399644709686204,3.3996260906302713,3.3995702338569296
3.4020773205169434,3.402133255177455,3.4021519001960887,3.4021332551774566,3.4020773205169434
3.404621695632702,3.4046777093665255,3.4046963807432467,3.4046777093665286,3.404621695632702
3.4072034119165844,3.4072595059127035,3.4072782040438456,3.407259505912707,3.4072034119165844
3.409822522873575,3.409878698323866,3.409897423606724,3.409878698323873,3.409822522873575
3.412479082803198,3.4125353409024632,3.412554093735322,3.412535340902484,3.412479082803198
3.415173146801468,3.41522948874747,3.415248269529616,3.41522948874755,3.415173146801468
3.417904770762874,3.417961197756345,3.4179800068881283,3.417961197756637,3.417904770762874
3.4206740113823932,3.4207305246269075,3.4207493625099157,3.4207305246279955,3.4206740113823932
3.4234809261575347,3.423537526858988,3.423556393896632,3.423537526863039,3.4234809261575343
3.4263255733904048,3.4263822627548874,3.426401159354586,3.426382262770003,3.426325573390404
3.4292080121897857,3.4292647914155783,3.429283717996822,3.429264791471988,3.4292080121897834
3.4321283024731586,3.432185172720821,3.4322041297451373,3.432185172931342,3.4321283024731497
3.435086504968184,3.435143467249411,3.4351624553315716,3.435143468035101,3.4350865049681514
3.4380826812109597,3.4381397359770802,3.438158756296632,3.4381397389093435,3.4380826812108376
3.4411168935252903,3.4411740391513193,3.441193094968538,3.44117405009481,3.4411168935248346
3.444189204891043,3.444246432134376,3.4442655343313886,3.4442464729765288,3.4441892048893408
3.4472996781657295,3.4473569501637598,3.4473761372461142,3.4473571025905767,3.447299678159375
3.4504483715350633,3.4505055531088287,3.4505249618987293,3.450506121980296,3.450448371511337
3.4536353119805194,3.453691928837764,3.45371203525968,3.453694051920546,3.4536353118919316
3.4568603406055156,3.4569148150020337,3.4569371983816812,3.456922738550279,3.4568603402747518
3.460122211042664,3.4601697921831795,3.4601992047147343,3.4601993636241404,3.460122209807675
3.4584800161807268,3.4634429379732925,3.4634904646699427,3.463553301423878,3.4584839767198736
