4.330744151900795,4.330773079894216,4.33080200788788,4.330773079894218,4.330744151900797
4.330715223907375,4.330802008222587,4.330830936550492,4.330802008222588,4.330715223907375
4.3308020052148635,4.330888792538266,4.330917721868915,4.330888792538268,4.3308020052148635
4.33094664250954,4.331033434846718,4.331062365848648,4.331033434846717,4.33094664250954
4.331149139133679,4.331235938490421,4.3312648718322375,4.33123593849042,4.331149139133679
4.331409499766681,4.331496308149056,4.331525244499456,4.331496308149055,4.331409499766681
4.331727730425236,4.331814549839677,4.331843489867484,4.331814549839677,4.331727730425236
4.332103838463544,4.33219067091693,4.332219615291119,4.33219067091693,4.332103838463544
4.332537832573657,4.332624680073412,4.332653629463106,4.332624680073412,4.332537832573657
4.33302972278582,4.333116587339938,4.333145542414511,4.333116587339937,4.33302972278582
4.333579520468828,4.333666404086028,4.333695365515052,4.333666404086029,4.333579520468828
4.33418723833055,4.334274143020316,4.334303111473618,4.334274143020318,4.33418723833055
4.334852890418413,4.334939818191084,4.334968794338792,4.334939818191086,4.334852890418413
4.335576492119996,4.335663444986831,4.335692429499377,4.335663444986829,4.335576492119996
4.336358060163594,4.336445040136882,4.336474033685034,4.336445040136884,4.336358060163594
4.337197612618977,4.337284621712092,4.337313624966992,4.3372846217120955,4.337197612618977
4.338095168898026,4.338182209125549,4.338211222758713,4.338182209125551,4.338095168898026
4.3390507497556445,4.339137823133372,4.339166847816758,4.339137823133375,4.3390507497556445
4.340064377290438,4.340151485835556,4.340180522241565,4.340151485835559,4.340064377290438
4.341136074945787,4.341223220676872,4.341252269478368,4.3412232206768735,4.341136074945787
4.342265867510638,4.342353052447788,4.342382114318152,4.3423530524477885,4.342265867510638
4.343453781120617,4.343541007285513,4.343570082898638,4.3435410072855145,4.343453781120617
4.344699843259033,4.344787112675021,4.344816202705381,4.344787112675023,4.344699843259033
4.346004082757991,4.346091397450188,4.346120502572807,4.346091397450188,4.346004082757991
4.3473665297996,4.347453891794934,4.347483012685474,4.347453891794935,4.3473665297996
4.348787215917149,4.348874627244473,4.34890376457924,4.3488746272444745,4.348787215917149
4.35026617399642,4.350353636686587,4.350382791142538,4.35035363668659,4.35026617399642
4.351803438276992,4.3518909543629345,4.351920126617713,4.351890954362937,4.351803438276992
4.353399044353641,4.353486615870453,4.353515806602434,4.353486615870455,4.353399044353641
4.35505302917779,4.355140658162814,4.355169868051139,4.355140658162817,4.35505302917779
4.356765431058996,4.356853119551907,4.3568823492764555,4.356853119551911,4.356765431058996
4.358536289666502,4.35862403970938,4.358653289950857,4.358624039709383,4.358536289666502
4.360365646030837,4.360453459668264,4.3604827311082115,4.360453459668268,4.360365646030837
4.362253542545523,4.362341421824643,4.362370715145459,4.362341421824646,4.362253542545523
4.364200022968709,4.364287969939342,4.3643172858242965,4.364287969939346,4.364200022968709
4.366205132425036,4.366293149139748,4.366322488273034,4.366293149139751,4.366205132425036
4.368268917407425,4.368357005921593,4.368386368988361,4.368357005921596,4.368268917407425
4.370391425778919,4.3704795881508405,4.3705089758371996,4.370479588150844,4.370391425778919
4.372572706774714,4.372660945065688,4.372690358058724,4.37266094506569,4.372572706774714
4.374812811004085,4.374901127278472,4.374930566266338,4.374901127278474,4.374812811004085
4.377111790452456,4.377200186777793,4.37722965244967,4.377200186777797,4.377111790452456
4.37946969848352,4.37955817693059,4.379587669976744,4.379558176930593,4.37946969848352
4.381886589841406,4.381975152484316,4.382004673596133,4.381975152484319,4.381886589841406
4.38436252065287,4.38445116956915,4.384480719439152,4.384451169569153,4.38436252065287
4.3868975484296096,4.386986285700281,4.387015865022138,4.386986285700285,4.3868975484296096
4.389491732070554,4.38958055978024,4.389610169248838,4.389580559780243,4.389491732070554
4.392145131864314,4.3922340521012915,4.392263692412736,4.392234052101295,4.392145131864314
4.394857809491589,4.394946824347874,4.394976496199529,4.394946824347878,4.394857809491589
4.3976298280276245,4.3977189395991285,4.397748643689609,4.397718939599132,4.3976298280276245
4.400461251944882,4.400550462331389,4.40058019936066,4.400550462331394,4.400461251944882
4.403352147115584,4.403441458420913,4.403471229090236,4.403441458420916,4.403352147115584
4.406302580814375,4.4063919951464365,4.406421800158476,4.40639199514644,4.406302580814375
4.409312621721101,4.409402141191995,4.409431981250792,4.409402141191999,4.409312621721101
4.4123823399235755,4.412471966649672,4.412501842460681,4.412471966649675,4.4123823399235755
4.415511806920416,4.415601543022435,4.415631455292584,4.415601543022438,4.415511806920416
4.418701095623978,4.418790943227089,4.418820892664772,4.418790943227093,4.418701095623978
4.4219502803632915,4.422040241597195,4.422070228912324,4.422040241597198,4.4219502803632915
4.425259436887085,4.42534951388609,4.4253795397901055,4.4253495138860925,4.425259436887085
4.428628642366854,4.4287188372699955,4.428748902475916,4.428718837269998,4.428628642366854
4.432057975400038,4.432148290351118,4.432178395573566,4.432148290351122,4.432057975400038
4.4355475160131785,4.435637953160897,4.435668099116109,4.435637953160899,4.4355475160131785
4.439097345665175,4.439187907163185,4.439218094569063,4.439187907163189,4.439097345665175
4.4427075472505955,4.44279823525764,4.442828464833759,4.442798235257643,4.4427075472505955
4.446378205103098,4.446469021783022,4.446499294250685,4.446469021783026,4.446378205103098
4.450109404998774,4.450200352520684,4.4502306686029325,4.450200352520689,4.450109404998774
4.4539012341596935,4.453992314698019,4.454022675119674,4.453992314698022,4.4539012341596935
4.457753781257461,4.457844996992034,4.457875402479721,4.457844996992038,4.457753781257461
4.461667136416795,4.461758489532961,4.461788940815127,4.461758489532966,4.461667136416795
4.4656413912192,4.465732883907886,4.46576338171486,4.465732883907888,4.4656413912192
4.469676638706717,4.469768273164547,4.4697988182285435,4.469768273164551,4.469676638706717
4.473772973385693,4.473864751815053,4.47389534487021,4.473864751815056,4.473772973385693
4.477930491230633,4.478022415839773,4.478053057622186,4.478022415839778,4.477930491230633
4.4821492896881,4.48224136269123,4.482272053938986,4.482241362691247,4.4821492896881
4.486429467680717,4.48652169129808,4.486552432751278,4.486521691298124,4.486429467680717
4.49077112561115,4.490863502069104,4.4908942944699275,4.490863502069253,4.49077112561115
4.495174365366242,4.495266896897265,4.495297740990081,4.495266896897815,4.495174365366242
4.499639290321154,4.499731979163638,4.499762875695322,4.49973197916569,4.499639290321154
4.504166005343559,4.5042588537408195,4.504289803461883,4.504258853748462,4.504166005343559
4.508754616797942,4.508847626994218,4.5088786306629265,4.508847627022724,4.508754616797941
4.51340523254994,4.5134984067751915,4.513529465172884,4.513498406881572,4.5134052325499345
4.51811796197072,4.518211302383731,4.518242416371852,4.5182113027807524,4.5181179619707015
4.522892915941457,4.522986424417173,4.5230175951500415,4.522986425898886,4.522892915941386
4.527730206857833,4.527823884193467,4.5278551139122625,4.527823889723375,4.527730206857572
4.532629948634387,4.532723791586609,4.5327550865821635,4.532723812224782,4.5326299486334145
4.537592256707667,4.537686246936426,4.53771762860501,4.537686323960185,4.537592256704036
4.5426172480312275,4.542711310846434,4.542742856941253,4.542711598306916,4.54261724801767
4.547705041021083,4.54779889147683,4.547830890006667,4.547799964308559,4.547705040970463
4.552855755203261,4.552948324033155,4.552981847300013,4.552952327950204,4.552855755014252
4.558069509094905,4.558156802152522,4.558195847210025,4.558171745178003,4.558069508389159
4.563346407675122,4.563413528272005,4.563472994209566,4.563469297162624,4.563346405039904
4.568686468754724,4.568677909050823,4.568813304193611,4.568886044223026,4.568686458914914
4.565986580838769,4.573798334982964,4.574216269291035,4.574575116620965,4.5660144554440025
