4.34887299613256,4.348901993339114,4.348930990545467,4.348901993339116,4.3488729961325605
4.348843998926005,4.348930990880473,4.348959988422252,4.348930990880473,4.348843998926005
4.348930987861202,4.349017982834533,4.34904698138262,4.349017982834535,4.348930987861202
4.349075971208971,4.34916297121385,4.34919197143914,4.349162971213849,4.349075971208971
4.349278952323437,4.34936595937277,4.349394961946243,4.34936595937277,4.349278952323437
4.349539935900598,4.349626952007562,4.349655957600288,4.349626952007563,4.349539935900598
4.349858927978454,4.349945955156602,4.349974964439767,4.349945955156602,4.349858927978454
4.35023593593731,4.350322976200629,4.350351989845583,4.350322976200629,4.35023593593731
4.350670968500016,4.350758023863041,4.350787042541291,4.350758023863042,4.350670968500016
4.351164035732372,4.351251108210237,4.351280132593516,4.351251108210235,4.351164035732372
4.351715149043497,4.351802240652024,4.351831271412278,4.351802240652025,4.351715149043497
4.352324321186302,4.352411433942097,4.35244047175153,4.352411433942099,4.352324321186302
4.352991566258022,4.353078702178548,4.353107747709667,4.353078702178549,4.352991566258022
4.35371689970077,4.35380406080442,4.353833114730018,4.3538040608044195,4.35371689970077
4.354500338302156,4.354587526608342,4.354616589601577,4.354587526608344,4.354500338302156
4.355341900195991,4.355429117725229,4.355458190459617,4.3554291177252304,4.355341900195991
4.356241604862993,4.356328853636981,4.356357936786428,4.356328853636984,4.356241604862993
4.357199473131589,4.357286755173284,4.35731584941212,4.357286755173287,4.357199473131589
4.35821552717875,4.358302844512469,4.358331950515468,4.3583028445124725,4.35821552717875
4.359289790530918,4.359377145182393,4.3594062636248045,4.359377145182394,4.359289790530918
4.36042228806491,4.360509682061376,4.360538813618968,4.360509682061377,4.36042228806491
4.3616130460089435,4.361700481379254,4.361729626728316,4.3617004813792555,4.3616130460089435
4.362862091943743,4.362949570718398,4.3629787305357715,4.3629495707184,4.362862091943743
4.364169454803559,4.364256979014835,4.364286153977955,4.364256979014836,4.364169454803559
4.365535164877451,4.36562273655946,4.3656519273463665,4.36562273655946,4.365535164877451
4.36695925381044,4.3670468749992,4.367076082288581,4.367046874999203,4.36695925381044
4.368441754604781,4.368529427338346,4.368558651809553,4.3685294273383475,4.368441754604781
4.369982701621374,4.3700704279398535,4.370099670272939,4.370070427939856,4.369982701621374
4.371582130581072,4.371669912526756,4.371699173402487,4.371669912526759,4.371582130581072
4.373240078566185,4.373327918183609,4.373357198283523,4.373327918183612,4.373240078566185
4.374956584021941,4.375044483357988,4.375073783364385,4.375044483357992,4.374956584021941
4.376731686758072,4.376819647862042,4.376848968458026,4.376819647862044,4.376731686758072
4.378565427950413,4.3786534528741035,4.378682794743611,4.378653452874107,4.378565427950413
4.380457850142568,4.380545940940362,4.3805753047681995,4.380545940940365,4.380457850142568
4.3824089972476505,4.382497155976593,4.382526542448453,4.382497155976597,4.3824089972476505
4.384418914550031,4.384507143269925,4.384536553072423,4.384507143269929,4.384418914550031
4.386487648707188,4.386575949480679,4.386605383301365,4.386575949480682,4.386487648707188
4.388615247751622,4.388703622644258,4.3887330811716625,4.388703622644262,4.388615247751622
4.39080176109275,4.390890212173102,4.390919696096741,4.390890212173106,4.39080176109275
4.393047239518951,4.393135768858656,4.393165278869109,4.39313576885866,4.393047239518951
4.395351735199608,4.3954403448734904,4.395469881662362,4.395440344873494,4.395351735199608
4.3977153016872155,4.397803993773352,4.397833558033348,4.397803993773356,4.3977153016872155
4.400137993919569,4.400226770499377,4.400256362924306,4.400226770499381,4.400137993919569
4.402619868221974,4.402708731380295,4.40273835266511,4.402708731380297,4.402619868221974
4.405160982309547,4.405249934134721,4.405279584975562,4.405249934134724,4.405160982309547
4.407761395289508,4.40785043787349,4.407880118967678,4.407850437873495,4.407761395289508
4.410421167663662,4.410510303102079,4.4105400151481575,4.4105103031020825,4.410421167663662
4.4131403613307665,4.413229591723014,4.413259335420796,4.4132295917230175,4.4131403613307665
4.415919039589102,4.416008367038422,4.4160381430890014,4.416008367038425,4.415919039589102
4.418757267139009,4.418846693752579,4.418876502858357,4.418846693752584,4.418757267139009
4.421655110085509,4.421744637974537,4.421774480839262,4.42174463797454,4.421655110085509
4.424612635941021,4.424702267220822,4.424732144549602,4.424702267220826,4.424612635941021
4.427629913628047,4.427719650418135,4.427749562917487,4.427719650418139,4.427629913628047
4.430707013482049,4.430796857906211,4.4308268062840765,4.430796857906215,4.430707013482049
4.433844007254191,4.433933961440608,4.433963946406378,4.43393396144061,4.433844007254191
4.437040968114373,4.437131034195645,4.437161056460207,4.43713103419565,4.437040968114373
4.4402979706541235,4.440388150767413,4.440418211043165,4.440388150767416,4.4402979706541235
4.443615090889629,4.4437053871767365,4.443735486177609,4.44370538717674,4.443615090889629
4.446992406264855,4.447082820872291,4.447112959313813,4.447082820872295,4.446992406264855
4.450429995654693,4.450520530733776,4.450550709333051,4.450520530733779,4.450429995654693
4.453927939368132,4.454018597075072,4.454048816550858,4.454018597075075,4.453927939368132
4.457486319151526,4.457577101647526,4.45760736272023,4.457577101647529,4.457486319151526
4.461105218191971,4.461196127643291,4.461226431035009,4.461196127643294,4.461105218191971
4.4647847211205915,4.464875759698668,4.464906106133213,4.464875759698672,4.4647847211205915
4.468524914016067,4.468616083897567,4.468646474100521,4.468616083897571,4.468524914016067
4.472325884408082,4.472417187775036,4.47244762247374,4.472417187775039,4.472325884408082
4.476187721280906,4.476279160320757,4.476309640244381,4.476279160320759,4.476187721280906
4.480110515077003,4.480202091982715,4.480232617862242,4.480202091982717,4.480110515077003
4.48409435770072,4.484186074670867,4.484216647239176,4.4841860746708715,4.48409435770072
4.4881393425220075,4.48823120176086,4.488261821752718,4.488231201760863,4.4881393425220075
4.492245564380242,4.492337568097869,4.49236823624997,4.492337568097871,4.492245564380242
4.49641311958807,4.496505270000412,4.49653598705142,4.496505270000418,4.49641311958807
4.500642105935331,4.500734405264307,4.500765171954865,4.500734405264316,4.500642105935331
4.504932622693047,4.505025073166637,4.505055890239422,4.505025073166653,4.504932622693047
4.509284770617454,4.509377374469785,4.509408242669531,4.509377374469834,4.509284770617454
4.513698651954115,4.513791411425522,4.513822331499086,4.513791411425705,4.5136986519541145
4.518174370442081,4.518267287779107,4.51829826047559,4.51826728777979,4.518174370442081
4.522712031318113,4.5228051087732375,4.522836134844391,4.522805108775782,4.522712031318113
4.527311741320982,4.527404981151356,4.527436061352955,4.52740498116084,4.527311741320981
4.53197360869581,4.53206701315826,4.532098148255231,4.53206701319365,4.531973608695808
4.536697743198487,4.536791314530655,4.536822505316065,4.536791314662724,4.536697743198481
4.541484256100136,4.5415779964498135,4.541609243815654,4.541577996942703,4.541484256100113
4.546333260191618,4.546427171352811,4.546458476554037,4.546427173192335,4.546333260191531
4.551244869787786,4.551338952215796,4.551370317855345,4.551338959081071,4.551244869787462
4.556219200730326,4.556313449867247,4.5563448835704765,4.556313475489146,4.5562192007291165
4.561256370381267,4.561350762952396,4.561382291070165,4.561350858575926,4.561256370376749
4.566356497561664,4.566450940490914,4.56648265918187,4.566451297367651,4.5663564975447954
4.571519702167159,4.571613842267739,4.571646107798744,4.571615174168024,4.571519702104175
4.576746102890336,4.576838618614149,4.576872755577342,4.5768435894015305,4.57674610265516
4.582035803869791,4.582121773721181,4.582162706494944,4.582140325205601,4.5820358029916575
4.587388816657507,4.587449965905848,4.587515971475655,4.587519201934278,4.587388813378592
4.584691717740519,4.592773301769059,4.5929320115675605,4.593031697677269,4.584700990203892
