3.9078049917814246,3.907829128498621,3.9078532652159867,3.9078291284986224,3.9078049917814255
3.907780855064228,3.90785326548283,3.907877402466727,3.90785326548283,3.907780855064228
3.907853263084401,3.9079256759017595,3.907949813685247,3.9079256759017613,3.907853263084401
3.9079739445392017,3.9080463613545726,3.908070500470746,3.9080463613545717,3.9079739445392017
3.908142902093783,3.908215324506584,3.908239465488592,3.9082153245065836,3.908142902093783
3.90836013947953,3.908432569089396,3.908456712470453,3.908432569089396,3.90836013947953
3.908625661494182,3.9086980999010126,3.908722246214435,3.9086980999010126,3.908625661494182
3.9089394740019996,3.9090119228060534,3.9090360725852578,3.909011922806054,3.9089394740019996
3.909301583934019,3.9093740447359413,3.909398198514492,3.9093740447359413,3.909301583934019
3.9097119992883047,3.90978447368922,3.909808632000824,3.9097844736892196,3.9097119992883047
3.9101707291302654,3.910243218731814,3.910267382110363,3.910243218731814,3.9101707291302654
3.9106777835930115,3.910750289997421,3.910774458976996,3.9107502899974222,3.9106777835930115
3.9112331738777164,3.9113056986878725,3.9113298738027695,3.911305698687874,3.9112331738777164
3.911836912254091,3.9119094570735844,3.911933638858353,3.911909457073584,3.911836912254091
3.912489012060836,3.912561578494037,3.9125857674834648,3.9125615784940386,3.912489012060836
3.9131894877061564,3.9132620773582687,3.9132862740874357,3.913262077358271,3.9131894877061564
3.913938354668333,3.9140109691454583,3.914035174149734,3.9140109691454605,3.913938354668333
3.9147356294963034,3.914808270405502,3.9148324842205873,3.9148082704055045,3.9147356294963034
3.915581329810313,3.9156539987596752,3.915678221921601,3.9156539987596783,3.915581329810313
3.9164754743025987,3.916548172901302,3.916572405946461,3.916548172901303,3.9164754743025987
3.917418082738113,3.9174908125964643,3.9175150560616476,3.9174908125964656,3.917418082738113
3.9184091759552815,3.9184819386848138,3.918506193107203,3.9184819386848155,3.9184091759552815
3.9194487758668033,3.9195215730803232,3.91954583899752,3.919521573080326,3.9194487758668033
3.9205369054605272,3.9206097387721703,3.9206340167222247,3.9206097387721712,3.9205369054605272
3.9216735888003096,3.921746459825609,3.9217707503470445,3.9217464598256084,3.9216735888003096
3.9228588510269686,3.922931761382915,3.922956065014738,3.9229317613829178,3.9228588510269686
3.9240927183592382,3.9241656696643528,3.9241899869460677,3.924165669664355,3.9240927183592382
3.9253752180948096,3.9254482119691874,3.9254725434408475,3.92544821196919,3.9253752180948096
3.9267063786113576,3.9267794166767533,3.9268037628789405,3.9267794166767565,3.9267063786113576
3.9280862293676586,3.9281593132475368,3.928183674721413,3.92815931324754,3.9280862293676586
3.929514800904732,3.9295879322243215,3.929612309511644,3.9295879322243246,3.929514800904732
3.9309921248470063,3.931065305233383,3.931089698876514,3.9310653052333864,3.9309921248470063
3.9325182339035654,3.9325914649857,3.9326158755276377,3.9325914649857037,3.9325182339035654
3.9340931618694013,3.9341664452782394,3.934190873262635,3.934166445278242,3.9340931618694013
3.9357169436267245,3.9357902809952257,3.93581472696641,3.935790280995229,3.9357169436267245
3.9373896151463312,3.937463008109549,3.9374874726125433,3.9374630081095523,3.9373896151463312
3.9391112134889648,3.939184663684107,3.9392091472646564,3.93918466368411,3.9391112134889648
3.9408817768067763,3.9409552858732733,3.9409797890778604,3.9409552858732764,3.9408817768067763
3.942701344344808,3.9427749139243655,3.9427994373002306,3.9427749139243686,3.942701344344808
3.9445699564424856,3.9446435881791566,3.9446681322743267,3.9446435881791597,3.9445699564424856
3.946487654535221,3.9465613500754646,3.946585915438766,3.9465613500754677,3.946487654535221
3.948454481155963,3.948528242148715,3.948552829329802,3.948528242148718,3.948454481155963
3.9504704799369184,3.9505443080336473,3.9505689175830163,3.9505443080336504,3.9504704799369184
3.9525356956111604,3.952609592465945,3.9526342249349598,3.952609592465948,3.9525356956111604
3.954650174014443,3.9547241412840193,3.9547487972249367,3.9547241412840224,3.954650174014443
3.956813962086927,3.956888001430763,3.9569126813967452,3.956888001430766,3.956813962086927
3.9590271078750074,3.959101220955371,3.959125925500511,3.959101220955374,3.9590271078750074
3.9612896605331964,3.9613638490152105,3.9613885786945606,3.961363849015213,3.9612896605331964
3.963601670326009,3.963675935877721,3.963700691247303,3.963675935877724,3.963601670326009
3.9659631886299236,3.966037532922375,3.9660623145392107,3.9660375329223787,3.9659631886299236
3.9683742679353733,3.968448692642659,3.968473501064783,3.9684486926426623,3.9683742679353733
3.9708349618487797,3.9709094686481134,3.9709343044346066,3.970909468648116,3.9708349618487797
3.973345325094633,3.9734199156664105,3.973444779377416,3.9734199156664136,3.973345325094633
3.9759054135176135,3.9759800895454904,3.9760049817422307,3.9759800895454935,3.9759054135176135
3.9785152840847737,3.9785900472557194,3.978614968500526,3.9785900472557225,3.9785152840847737
3.9811749948877315,3.981249846892094,3.9812747977484233,3.981249846892097,3.9811749948877315
3.9838846051449353,3.983959547676517,3.9839845287089757,3.98395954767652,3.9838846051449353
3.9866441752039563,3.9867192099600732,3.986744221734441,3.9867192099600763,3.9866441752039563
3.98945376654384,3.9895288952253902,3.9895539383086445,3.989528895225393,3.98945376654384
3.9923134417774846,3.9923886660890187,3.9924137410493437,3.9923886660890218,3.9923134417774846
3.995223264654093,3.9952985863038664,3.9953236937106897,3.99529858630387,3.995223264654093
3.9981833000616103,3.9982587207616707,3.9982838611856866,3.9982587207616733,3.9981833000616103
4.00119361402929,4.001269135495528,4.001294309508707,4.001269135495531,4.00119361402929
4.004254273730238,4.004329897682463,4.004355105858079,4.004329897682466,4.004254273730238
4.007365347484012,4.00744107564602,4.00746631855868,4.007441075646023,4.007365347484012
4.010526904759303,4.010602738858938,4.01062801708459,4.01060273885894,4.010526904759303
4.013739016176613,4.0138149579458355,4.0138402720618265,4.013814957945838,4.013739016176613
4.017001753511016,4.017077804685981,4.01710315527102,4.017077804685982,4.017001753511016
4.020315189694948,4.020391352016059,4.020416739650298,4.020391352016062,4.020315189694948
4.023679398821034,4.023755674033025,4.023781099298041,4.023755674033031,4.023679398821034
4.0270944561449795,4.02717084599697,4.027196309475824,4.027170845996977,4.0270944561449795
4.030560438088496,4.030636944334079,4.030662446611298,4.0306369443340895,4.030560438088496
4.03407742224228,4.034154046639563,4.034179588301197,4.034154046639583,4.03407742224228
4.037645487369016,4.0377222316806956,4.03774781331435,4.037722231680766,4.037645487369016
4.041264713406473,4.0413415793998615,4.041367201594739,4.0413415794001235,4.041264713406473
4.044935181470583,4.0450121709175475,4.045037834264623,4.045012170918517,4.044935181470583
4.048656973858622,4.048734088535128,4.048759793627693,4.04873408853875,4.048656973858622
4.052430174052419,4.052507415736653,4.052533163172276,4.052507415750171,4.052430174052419
4.056254866721588,4.056332237186805,4.056358027574587,4.0563322372372355,4.056254866721586
4.060131137726848,4.060208638714399,4.060234472702039,4.060208638902607,4.060131137726839
4.064059074123348,4.0641367072419206,4.064162585616562,4.064136707944319,4.064059074123316
4.068038764164037,4.068116530513377,4.068142454577964,4.068116533134801,4.068038764163919
4.0720702973029015,4.0721481960695876,4.072174169047123,4.072148205853012,4.072070297302461
4.076153764197081,4.076231787414956,4.076257819687933,4.076231823927663,4.076153764195438
4.080289256702215,4.080367369705232,4.080393498361993,4.080367505974275,4.080289256696081
4.08447686782675,4.0845549363417675,4.084581298080532,4.0845554449113655,4.084476867803847
4.088716691443549,4.088794209754562,4.088821312707006,4.088796107786811,4.088716691358036
4.093008820572397,4.0930838985259435,4.093113635206115,4.0930909821708505,4.093008820253105
4.097353337281843,4.0974189285707014,4.09745834742066,4.097445365437374,4.097353336089654
4.101750253551754,4.101780131054366,4.10185546046845,4.101878796068336,4.101750249100281
4.10619916559448,4.106095881626566,4.1063045673304375,4.106464109267243,4.106199148973197
4.103936947487491,4.110099662526992,4.110802817959497,4.111473924697007,4.103986263372748
