3.1076941440970622,3.107709860246995,3.1077255763970015,3.1077098602469957,3.1076941440970627
3.1076784279471297,3.1077255765530007,3.1077412928588797,3.1077255765530003,3.1076784279471297
3.1077255751502375,3.1077727251590006,3.10778844193252,3.107772725159002,3.1077255751502375
3.107804154653289,3.1078513070002662,3.1078670245531943,3.107851307000266,3.107804154653289
3.107914168014997,3.107961323635576,3.107977042279713,3.1079613236355756,3.107914168014997
3.108055617417644,3.1081027772473253,3.1081184972945186,3.1081027772473258,3.108055617417644
3.1082285056671255,3.108275670641574,3.1082913924037054,3.1082756706415746,3.1082285056671255
3.1084328361931015,3.108480007248137,3.10849573103716,3.1084800072481373,3.1084328361931015
3.1086686130490517,3.1087157911207286,3.108731517248654,3.1087157911207286,3.1086686130490517
3.108935840912471,3.108983026937075,3.1089987557160037,3.108983026937075,3.108935840912471
3.109234525085001,3.109281719999091,3.1092974517412166,3.109281719999091,3.109234525085001
3.1095646714926266,3.1096118762330742,3.1096276112506964,3.1096118762330756,3.1095646714926266
3.109926286685868,3.1099735021898907,3.1099892407954126,3.1099735021898915,3.109926286685868
3.1103193778400318,3.1103666050452192,3.110382347551171,3.110366605045219,3.1103193778400318
3.1107439527554344,3.110791192599784,3.110806939318834,3.1107911925997858,3.1107439527554344
3.1112000198577063,3.111247273279644,3.1112630245246153,3.1112472732796457,3.1112000198577063
3.1116875881980404,3.111734856136479,3.111750612220341,3.111734856136481,3.1116875881980404
3.1122066674535467,3.1122539508478964,3.112269712083785,3.112253950847898,3.1122066674535467
3.1127572679275675,3.112804567717774,3.1128203344190126,3.1128045677177756,3.1127572679275675
3.113339400550035,3.1133867176766246,3.1134024901567248,3.113386717676626,3.113339400550035
3.113953076877886,3.1140004122819684,3.114016190854636,3.1140004122819698,3.113953076877886
3.1145983090953857,3.114645663718728,3.1146614486978876,3.1146456637187283,3.1145983090953857
3.1152751100146494,3.115322484799667,3.1153382764994717,3.115322484799669,3.1152751100146494
3.1159834930760066,3.116030888965837,3.1160466877006536,3.1160308889658372,3.1159834930760066
3.116723472348521,3.116770890287018,3.11678669637148,3.1167708902870177,3.116723472348521
3.1174950625304545,3.1175425034622393,3.1175583172112225,3.117542503462241,3.1174950625304545
3.1182982789497684,3.1183457438202766,3.1183615655489203,3.118345743820278,3.1182982789497684
3.1191331375646953,3.1191806273201816,3.119196457343917,3.1191806273201834,3.1191331375646953
3.1199996549642552,3.1200471705518433,3.1200630091863792,3.120047170551845,3.1199996549642552
3.1208978483688483,3.1209453907365674,3.120961238297914,3.120945390736569,3.1208978483688483
3.1218277356308626,3.121875305727661,3.1218911625321453,3.1218753057276634,3.1218277356308626
3.1227893352352827,3.12283693401108,3.1228528003753406,3.122836934011083,3.1227893352352827
3.1237826663003254,3.1238302947060386,3.1238461709470537,3.1238302947060412,3.1237826663003254
3.1248077485781267,3.1248554075657085,3.1248712940007946,3.1248554075657107,3.1248077485781267
3.125864602455422,3.1259122929778735,3.1259281899247098,3.1259122929778753,3.125864602455422
3.1269532489542295,3.1270009719656704,3.127016879742296,3.1270009719656726,3.1269532489542295
3.1280737097326226,3.1281214661882912,3.128137385113119,3.1281214661882943,3.1280737097326226
3.1292260070854647,3.1292737979417606,3.129289728333598,3.1292737979417637,3.1292260070854647
3.1304101639451716,3.1304579901596985,3.130473932337749,3.1304579901597007,3.1304101639451716
3.1316262038825284,3.1316740664141185,3.1316900206979947,3.1316740664141207,3.1316262038825284
3.1328741511075107,3.1329220509162576,3.1329380176259987,3.13292205091626,3.1328741511075107
3.134154030470111,3.1342019685174054,3.1342179479734815,3.134201968517408,3.134154030470111
3.1354658674612206,3.1355138447097914,3.1355298372331095,3.1355138447097937,3.1354658674612206
3.1368096882135004,3.1368577056274405,3.1368737115393706,3.1368577056274427,3.1368096882135004
3.1381855195023127,3.138233578047106,3.1382495976694798,3.1382335780471085,3.1381855195023127
3.139593388746637,3.1396414893892057,3.1396575230443378,3.1396414893892084,3.139593388746637
3.141033324010021,3.1410814677187533,3.1410975157294367,3.1410814677187555,3.141033324010021
3.1425053540015795,3.142553541746365,3.1425696044358973,3.142553541746367,3.1425053540015795
3.144009508076972,3.1440577408292296,3.1440738185214294,3.1440577408292323,3.144009508076972
3.145545816239446,3.1455940949721626,3.1456101879913607,3.1455940949721644,3.145545816239446
3.147114309140852,3.14716263482862,3.147178743499682,3.1471626348286232,3.147114309140852
3.1487150180827426,3.1487633917017894,3.1487795163501313,3.1487633917017925,3.1487150180827426
3.150347975017449,3.1503963975456757,3.1504125384972688,3.1503963975456775,3.150347975017449
3.1520132125491944,3.1520616849661995,3.1520778425475786,3.152061684966202,3.1520132125491944
3.153710763935234,3.1537592872223628,3.1537754617606466,3.153759287222366,3.153710763935234
3.155440663087014,3.1554892382273803,3.1555054300502734,3.155489238227382,3.155440663087014
3.157202944571344,3.157251572549873,3.1572677819856927,3.157251572549875,3.157202944571344
3.1589976436116265,3.15904632541508,3.1590625527927507,3.1590463254150825,3.1589976436116265
3.160824796089055,3.1608735327060766,3.1608897783551515,3.1608735327060793,3.160824796089055
3.162684438543884,3.162733230965032,3.162749495215696,3.162733230965034,3.162684438543884
3.1645766081767013,3.164625457394474,3.1646417405775664,3.1646254573944765,3.1645766081767013
3.1665013428497235,3.166550249858604,3.1665665523056243,3.1665502498586067,3.1665013428497235
3.168458681088114,3.168507646884603,3.168523968927722,3.1685076468846067,3.168458681088114
3.170448662081334,3.1704976876639814,3.1705140296360512,3.1704976876639837,3.170448662081334
3.172471325684502,3.172520412053946,3.172536774288514,3.172520412053949,3.172471325684502
3.1745267124197913,3.1745758605787926,3.17459224341012,3.1745758605787944,3.1745267124197913
3.176614863477847,3.176664074431321,3.176680478194384,3.176664074431323,3.176614863477847
3.178735820719206,3.1787850954742645,3.17880152050477,3.1787850954742662,3.178735820719206
3.180889626675791,3.1809389662417686,3.1809554128761635,3.1809389662417704,3.180889626675791
3.183076324552361,3.183125729940859,3.183142198516356,3.183125729940861,3.183076324552361
3.1852959582280436,3.1853454304529674,3.1853619213075284,3.18534543045297,3.1852959582280436
3.187548572257862,3.1875981123354444,3.1876146258078215,3.1875981123354498,3.187548572257862
3.1898342118742873,3.1898838208231313,3.189900357252869,3.189883820823142,3.1898342118742873
3.1921529229888193,3.192202601829934,3.1922191615573805,3.1922026018299667,3.1921529229888193
3.1945047521935988,3.194554501950408,3.1945710853167513,3.194554501950525,3.1945047521935988
3.196889746763029,3.196939568461358,3.1969561758086957,3.1969395684617887,3.196889746763029
3.1993079546554353,3.1993578493233037,3.1993744809948867,3.199357849324907,3.1993079546554353
3.2017594245147283,3.2018093931815397,3.2018260495226425,3.2018093931875193,3.201759424514728
3.204244205672121,3.204294249365494,3.2043109307266273,3.2042942493878055,3.2042442056721203
3.2067623481478447,3.206812467881691,3.206829174630569,3.2068124679649608,3.206762348147841
3.20931390265288,3.2093640993828685,3.2093808319489967,3.209364099693633,3.2093139026528674
3.2118989205906465,3.2119491950479047,3.2119659540889183,3.211949196207705,3.2118989205905994
3.2145174540582695,3.214567806129195,3.2145845931510744,3.214567810457678,3.214517454058095
3.2171695558452167,3.2172199822595378,3.2172368019285007,3.217219998413841,3.217169555844565
3.2198552794165756,3.2199057651352425,3.219922633889556,3.2199058254246236,3.2198552794141424
3.222574678805938,3.2226251649753106,3.22264214306985,3.2226253899809634,3.222574678796854
3.2253278079802676,3.225378072890217,3.2253953834335762,3.2253789126325283,3.2253278079463508
3.2281147171212696,3.2281639351717244,3.2281824051417036,3.228167069169231,3.228114716994636
3.2309354309145513,3.2309805455337135,3.2310032327922835,3.230992241908059,3.230935430441743
3.233789821895423,3.233819583256299,3.2338577385856606,3.2338632352289807,3.2337898201301067
3.2366768718529895,3.236650227010402,3.2367449030650803,3.2368131402921008,3.236676865261821
3.235214211961164,3.2393595498672463,3.239658506372165,3.239967557612524,3.2352360313561843
