3.3543304661188174,3.354348617878879,3.3543667696389194,3.3543486178788804,3.354330466118818
3.354312314358755,3.3543667698255986,3.3543849217723776,3.3543667698255986,3.354312314358755
3.354366768144829,3.354421225292383,3.3544393777994124,3.3544212252923846,3.354366768144829
3.3544575254509037,3.3545119853997085,3.3545301388404956,3.354511985399707,3.3544575254509037
3.3545845881443612,3.354639052015052,3.3546572067631466,3.3546390520150515,3.3545845881443612
3.354747958839643,3.354802427752993,3.3548205841819954,3.3548024277529924,3.354747958839643
3.3549476408983145,3.355002115975279,3.355020274458847,3.355002115975279,3.3549476408983145
3.355183638429206,3.355238120790973,3.3552562817028364,3.3552381207909736,3.355183638429206
3.355455956288569,3.3555104470565755,3.3555286107705498,3.3555104470565755,3.355455956288569
3.3557646000802235,3.3558191003762152,3.3558372672662253,3.3558191003762152,3.3557646000802235
3.3561095761557693,3.356164087101835,3.356182257541916,3.3561640871018357,3.3561095761557693
3.356490891614848,3.356545414333462,3.3565635886977643,3.3565454143334628,3.356490891614848
3.356908554305336,3.3569630899193905,3.356981268582228,3.356963089919391,3.356908554305336
3.3573625728236913,3.357417122456545,3.3574353057923743,3.357417122456544,3.3573625728236913
3.357852956515211,3.3579075212907266,3.3579257096741713,3.3579075212907283,3.357852956515211
3.358379715474402,3.3584342965169927,3.3584524903228554,3.3584342965169944,3.358379715474402
3.3589428605453278,3.358997458979988,3.3590156585832793,3.35899745897999,3.3589428605453278
3.359542403322003,3.35959702027435,3.359615226050276,3.359597020274352,3.359542403322003
3.360178356148815,3.3602329927451384,3.360251205069138,3.360232992745141,3.360178356148815
3.3608507321209666,3.3609053894882623,3.3609236087360017,3.3609053894882637,3.3608507321209666
3.3615595450849343,3.3616142243509466,3.3616324508983437,3.3616142243509475,3.3615595450849343
3.362304809638988,3.362359511932244,3.3623777461554814,3.3623595119322456,3.362304809638988
3.3630865411337076,3.3631412675835692,3.36315950985911,3.363141267583571,3.3630865411337076
3.3639047556725226,3.363959507409224,3.363977758113809,3.3639595074092243,3.3639047556725226
3.3647594701123187,3.3648142482669976,3.3648325077776815,3.3648142482669976,3.3647594701123187
3.3656507020640194,3.36570550776877,3.365723776462922,3.365705507768772,3.3656507020640194
3.3665784698932395,3.3666333042811454,3.366651582536468,3.366633304281148,3.3665784698932395
3.367542792720937,3.3675976569261206,3.3676159451206518,3.367597656926123,3.367542792720937
3.368543690424108,3.3685985855817546,3.3686168840938997,3.368598585581757,3.368543690424108
3.3695811836364773,3.3696361108829005,3.3696544200914316,3.3696361108829036,3.3695811836364773
3.3706552937492864,3.3707102542219474,3.370728574506022,3.37071025422195,3.3706552937492864
3.3717660429120255,3.3718210377495876,3.3718393694887703,3.3718210377495903,3.3717660429120255
3.372913454033257,3.3729684843756114,3.372986827949866,3.372968484375615,3.372913454033257
3.3740975507814204,3.3741526177697487,3.374170973559477,3.374152617769752,3.3740975507814204
3.3753183575856966,3.375373462362499,3.375391830748536,3.375373462362502,3.3753183575856966
3.3765758996368875,3.376631043346026,3.3766494247096617,3.3766310433460283,3.3765758996368875
3.377870202888333,3.3779253866750687,3.377943781398066,3.377925386675071,3.377870202888333
3.3792012940568164,3.3792565190678556,3.3792749275324536,3.379256519067858,3.3792012940568164
3.380569200623555,3.3806244680070994,3.3806428905960315,3.3806244680071016,3.380569200623555
3.381973950835197,3.3820292617409597,3.382047698837476,3.382029261740962,3.381973950835197
3.383415573704802,3.383470929284077,3.3834893812719433,3.38347092928408,3.383415573704802
3.3848940990129215,3.384949500418614,3.3849679676821345,3.384949500418617,3.3848940990129215
3.386409557308676,3.3864650056953334,3.3864834886193673,3.3864650056953365,3.386409557308676
3.38796197991082,3.3880174764346975,3.38803597540466,3.3880174764347,3.38796197991082
3.3895513989088992,3.3896069447279764,3.3896254601298748,3.389606944727979,3.3895513989088992
3.3911778471644087,3.3912334434384523,3.391251975658869,3.3912334434384555,3.3911778471644087
3.3928413583119714,3.3928970062025656,3.392915555628704,3.392897006202568,3.3928413583119714
3.3945419667605523,3.394597667431135,3.39461623445082,3.394597667431138,3.3945419667605523
3.3962797076946885,3.3963354623106174,3.396354047312296,3.3963354623106206,3.3962797076946885
3.3980546170757897,3.398110426804354,3.398129030177134,3.398110426804357,3.3980546170757897
3.399866731643394,3.399922597653882,3.3999412197875314,3.3999225976538847,3.399866731643394
3.401716088916532,3.4017720123802615,3.4017906536652163,3.4017720123802637,3.401716088916532
3.403602727195056,3.403658709285413,3.403677370112817,3.4036587092854154,3.403602727195056
3.4055266855610404,3.405582727453531,3.405601408215223,3.4055827274535346,3.4055266855610404
3.4074880038801676,3.4075441067524657,3.407562807841,3.4075441067524688,3.4074880038801676
3.4094867228032024,3.409542887835171,3.4095616096438466,3.4095428878351735,3.4094867228032024
3.4115228837674265,3.411579112141182,3.4115978550640382,3.4115791121411836,3.4115228837674265
3.413596528998156,3.413652821898093,3.4136715863299374,3.4136528218980953,3.413596528998156
3.4157077015102577,3.4157640601231134,3.415782846459529,3.4157640601231156,3.4157077015102577
3.417856445109702,3.4179128706245803,3.41793167926194,3.4179128706245825,3.417856445109702
3.420042804395156,3.420099298003582,3.420118129339062,3.420099298003585,3.420042804395156
3.4222668247595807,3.422323387655536,3.4223422420871383,3.4223233876555383,3.4222668247595807
3.4245285523918785,3.424585185771857,3.4246040636984145,3.4245851857718597,3.4245285523918785
3.4268280342785706,3.4268847393416046,3.4269036411628018,3.426884739341607,3.4268280342785706
3.4291653182054804,3.4292220961532,3.429241022269587,3.429222096153203,3.4291653182054804
3.4315404527594673,3.431597304796137,3.4316162556091387,3.431597304796139,3.4315404527594673
3.433953487330192,3.434010414662751,3.4340293905746857,3.434010414662755,3.433953487330192
3.4364044721118843,3.4364614759500034,3.436480477364097,3.436461475950006,3.4364044721118843
3.4388934581051753,3.438950539661289,3.438969566981693,3.43895053966129,3.4388934581051753
3.441420497118937,3.441477657608293,3.4414967112400943,3.4414776576082953,3.441420497118937
3.4439856417721595,3.4440428824128566,3.444061962762098,3.444042882412862,3.4439856417721595
3.446588945495848,3.446646267508889,3.446665374982577,3.446646267508904,3.446588945495848
3.449230462534959,3.4492878671442875,3.449307002150418,3.449287867144327,3.449230462534959
3.4519102479503716,3.451967736382887,3.451986899330486,3.4519677363830246,3.4519102479503716
3.4546283576208703,3.4546859311064164,3.4547051224056102,3.454685931106919,3.4546283576208703
3.4573848482451712,3.4574425080163045,3.457461728078621,3.4574425080181768,3.4573848482451712
3.460179777343986,3.460237524635018,3.460256773874392,3.460237524642003,3.460179777343986
3.4630132032620944,3.4630710393053943,3.463090318141932,3.4630710393314557,3.4630132032620935
3.4658851851704577,3.4659431111825394,3.465962420056492,3.465943111279795,3.4658851851704533
3.4687957830683596,3.4688538001978246,3.4688731396217003,3.4688538005607827,3.4687957830683445
3.471745057785549,3.471803166918705,3.471822537671707,3.471803168273297,3.4717450577854927
3.4747330709842115,3.47479127201974,3.4748106758731265,3.4747912770752065,3.474733070984
3.4777598851598674,3.4778181743029224,3.4778376167258607,3.477818193170407,3.4777598851590774
3.4808255636355736,3.480883923306231,3.4809034235569793,3.480883993721493,3.4808255636326244
3.483930170516685,3.483988531729453,3.4840081604743407,3.4839887945259633,3.483930170505675
3.4870737704135504,3.4871318726205645,3.4871518920849573,3.4871328534023536,3.487073770372441
3.4902564268051552,3.4903132962543006,3.49033468184258,3.4903169566260557,3.490256426651666
3.4934781924563265,3.4935302037489158,3.4935565824049997,3.4935438646076338,3.4934781918832427
3.496739053427292,3.4967727438800393,3.4968175794208713,3.496823727516238,3.496739051287557
3.5000386022529097,3.500004138923082,3.5001172638822102,3.500194414748893,3.5000385942636965
3.503374131312054,3.503087945677176,3.503452922435995,3.5037980733334306,3.503374101482257
3.501649739549535,3.5055205900375808,3.50680840685117,3.5081708546665817,3.5017448476329216
