T_above,diff_above,T_bellow,diff_bellow
20.897970238496292,-0.10202976150370802,17.189601930736515,0.1896019307365151
20.80323113765442,-0.09473910084187054,17.365508019156678,0.1759060884201631
20.715615755682677,-0.08761538197174445,17.528972977660757,0.16346495850407905
20.634579073997017,-0.08103668168566003,17.680839703719535,0.1518667260587776
20.559619088496152,-0.07495998550086469,17.82189938255562,0.14105967883608628
20.490273232038113,-0.06934585645803892,17.95289384349189,0.1309944609362681
20.426115119209594,-0.06415811282851891,18.074517944444825,0.12162410095293552
20.366751581134807,-0.05936353807478767,18.187421954759802,0.11290401031497765
20.31181996169472,-0.05493161944008662,18.292213912547535,0.10479195778773231
20.260985649694685,-0.05083431200003474,18.389461937699593,0.09724802515205866
20.213939824297142,-0.047045825397542984,18.479696485968965,0.09023454826937183
20.170397393481206,-0.04354243081593623,18.563412533024717,0.08371604705575209
20.130095107435103,-0.040302286046102864,18.64107168031705,0.07765914729233359
20.09278983068334,-0.03730527675176276,18.7131041770242,0.0720324967071484
20.058256958421374,-0.03453287226196622,18.779910854350096,0.0668066773258964
20.026288964012682,-0.031967994408692135,18.84186497008609,0.0619541157359933
19.996694065907754,-0.029594898104928546,18.89931396268348,0.05744899259739
19.9692950034144,-0.02739906249335533,18.952581115158036,0.05326715247455738
19.943927911781216,-0.02536709163318207,19.001967130001834,0.049386014843797454
19.920441287970988,-0.02348662381022848,19.04775161695318,0.04578448695134796
19.898695039333894,-0.0217462486370934,19.09019449599312,0.04244287903993893
19.87855960811375,-0.02013543122014383,19.129537318324616,0.03934282233149489
19.859915165383658,-0.018644442730092692,19.16600450837639,0.03646719005177346
19.842650868594244,-0.017264296789413436,19.199804530067777,0.03380002169138763
19.82666417744923,-0.015986691145013054,19.23113098069457,0.031326450626792735
19.81186022329279,-0.014803954156441534,19.260163615858005,0.02903263516343557
19.79815122762661,-0.013708995666178225,19.287069308874585,0.0269056930165803
19.785455965758793,-0.012695261867818886,19.312002948083688,0.02493363920910241
19.773699271932962,-0.011756693825830666,19.335108275414086,0.023105327330398495
19.76281158260605,-0.010887689326910532,19.356518669495674,0.02141039408158818
19.752728514822476,-0.010083067783575927,19.376357876504482,0.01983920700880759
19.74339047689645,-0.009338037926024612,19.39474069182489,0.01838281532040753
19.73474230884466,-0.008648168051792027,19.411773595488874,0.01703290366398491
19.726732950227827,-0.008009358616831719,19.427555344232033,0.01578174874315863
19.71931513325205,-0.007417816975777924,19.44217752287417,0.01462217864213855
19.712445099158934,-0.0068700340931151516,19.45572505760273,0.013547534728559185
19.70608233609081,-0.006362763068125332,19.468276693606935,0.01255163600420417
19.700189336769856,-0.005892999320952441,19.479905439380886,0.01162874577395101
19.694731374459995,-0.005457962309861841,19.490678979885363,0.010773540504477097
19.689676295803583,-0.005055078656411638,19.500660060636076,0.009981080750712579
19.68499432924023,-0.004681966563353512,19.50990684466581,0.009246784029734556
19.680657907811547,-0.004336421428682513,19.518473244190865,0.00856639952505489
19.676641505257425,-0.004016402554121612,19.52640922870294,0.007935984512073446
19.672921484389843,-0.0037200208675827184,19.533761111098705,0.0073518823957670065
19.669475956811738,-0.003445527578104901,19.5405718133613,0.0068107022625945035
19.666284653121263,-0.0031913036904747116,19.54688111320775,0.00630929984644979
19.6633288028078,-0.0029558503134623493,19.552725873028827,0.005844759821076906
19.660591023107777,-0.002737779700023424,19.558140252357475,0.005414379328648522
19.658055216145204,-0.0025358069625731616,19.563155905024516,0.0050156526670406265
