T_above,diff_above,T_bellow,diff_bellow
33.84860698988884,-0.1513930101111569,20.199655169910304,0.1996551699103044
33.70066082309515,-0.14794616679369454,20.394102446656415,0.19444727674611073
33.55672491257548,-0.1439359105196658,20.584111738740877,0.19000929208446138
33.41668495241162,-0.1400399601638611,20.76977043284823,0.18565869410735303
33.28043012049843,-0.13625483191319177,20.9511649041179,0.18139447126966957
33.14785301117902,-0.13257710931940636,21.128380534145368,0.17721563002746876
33.018849517328306,-0.12900349385071763,21.30150167727579,0.17312114313042315
32.89331871707288,-0.12553080025542585,21.470611630628994,0.16910995335320322
32.77116276494524,-0.12215595212764185,21.635792607624715,0.1651809769957211
32.65228678727907,-0.1188759776661712,21.797125714784336,0.16133310715962068
32.536598781656494,-0.11568800562257309,21.95469093159435,0.15756521681001345
32.424009520225965,-0.11258926143052861,22.108567093236253,0.15387616164190376
32.31443245672602,-0.10957706349994822,22.258831875990953,0.15026478275470012
32.20778363705016,-0.10664881967585416,22.405561785140833,0.1467299091498795
32.103981613201796,-0.10380202384836679,22.548832145204244,0.14327036006341132
32.002947360490246,-0.10103425271154975,22.688717092342767,0.13988494713852262
31.904604197832644,-0.09834316265760279,22.825289568791263,0.1365724764484959
31.808877711025303,-0.0957264868073402,22.958621319173993,0.13333175038273026
31.7156956788623,-0.09318203216300347,23.088782888569742,0.1301615693957494
31.624988001978654,-0.09070767688364612,23.215843622205288,0.12706073363554538
31.53668663430382,-0.0883013676748341,23.33987166665662,0.12402804445133242
31.450725517017943,-0.0859611172858763,23.460933972449645,0.1210623057930249
31.367040514906808,-0.08368500211113528,23.57909629795107,0.11816232550142658
31.285569355014385,-0.08147115989242337,23.694423214457206,0.11532691650613458
31.206251567501567,-0.07931778751281726,23.806978112382627,0.1125548979254205
31.129028428617033,-0.07722313888453414,23.916823208463853,0.1098450960812265
31.053842905698726,-0.07518552291830716,24.02401955389463,0.10719634543077561
30.980639604121045,-0.0732033015776814,24.12862704331617,0.10460748942153941
30.909364716109206,-0.07127488801183901,24.23070442458664,0.1020773812704725
30.83996597134767,-0.06939874476153562,24.33030930926697,0.09960488468032835
30.77239258931057,-0.06757338203710006,24.42749818375092,0.09718887448395108
30.706595233244954,-0.06579735606561599,24.52232642098467,0.09482823723374878
30.642525965743797,-0.06406926750115716,24.6148482927168,0.09252187173213144
30.58013820584356,-0.06238775990023626,24.705116982223437,0.09026868950663669
30.51938668758997,-0.060751518253589154,24.793184597461526,0.08806761523808859
30.460227420011865,-0.05915926757810652,24.87910218459991,0.0859175871383826
30.402617648452463,-0.05760977155940239,24.96291974188724,0.08381755728733253
30.346515817202413,-0.05610183125005008,25.04468623381114,0.08176649192390073
30.291881533386977,-0.054634283815435225,25.1244496055139,0.07976337170275727
30.238675532058704,-0.0532060013282738,25.202256797425942,0.07780719191204355
30.186859642451022,-0.05181588960768124,25.278153760083125,0.0758969626571826
30.13639675534772,-0.0504628871033006,25.352185469097794,0.07403170901466893
30.08725079152812,-0.049145963819601235,25.424395940251202,0.07221047115340795
30.03938667124692,-0.047864120281200684,25.49482824468334,0.07043230443213844
29.99277028470923,-0.04661638653768918,25.563524524150772,0.06869627946743151
29.94736846350772,-0.04540182120151215,25.63052600633025,0.06700148217947799
29.903148952982402,-0.04421951052531625,25.695873020146617,0.06534701381636765
29.860080385472674,-0.043068567509727984,25.75960501110057,0.06373199095395421
29.81813225442641,-0.04194813104626505,25.821760556583403,0.06215554548283109
29.777274889337864,-0.040857365088545095,25.882377381154278,0.06061682457087514
29.737479431483198,-0.03979545785466598,25.941492371767538,0.05911499061325998
29.698717810424434,-0.03876162105876446,25.999141592933654,0.05764922116611615
29.66096272125585,-0.03775508916858428,26.055360301799514,0.05621870886585967
29.624187602565755,-0.036775118690094644,26.110182963135898,0.05482266133638447
29.588366615089132,-0.035820987476622435,26.16364326421991,0.05346030108401223
29.553474621026012,-0.034891994063119824,26.21577412960046,0.05213086538055123
29.519487164002598,-0.033987457023414436,26.266607735738436,0.050833606137974385
29.486380449653065,-0.033106714349532496,26.316175525511873,0.049567789773437454
29.45413132680067,-0.03224912285239512,26.364508222577832,0.048332697065958996
29.422717269217863,-0.031414057582807686,26.41163584558298,0.047127623005145836
29.392116357943696,-0.030600911274166975,26.4575877222173,0.045951876634322986
29.362307264142192,-0.02980909380150365,26.502392503103803,0.044804780886501305
29.33326923248108,-0.02903803166111274,26.54607817551906,0.04368567241525767
29.30498206501503,-0.028287167466050533,26.588672076940803,0.042593901421742686
29.27742610555564,-0.027555959459387935,26.63020090841652,0.04152883147571629
29.250582224510783,-0.02684388104485791,26.670690747751145,0.0404898393346258
29.22443180418073,-0.026150420330054658,26.710167062509143,0.039476314757997955
29.198956724492252,-0.0254750796884764,26.748654722828682,0.03848766031953943
29.174139349158825,-0.024817375333427094,26.786178014047525,0.03752329121884301
29.149962512252028,-0.02417683690679695,26.822760649134363,0.036582635086837456
29.12640950517015,-0.02355300708187613,26.858425780929156,0.03566513179479358
29.103464063992234,-0.022945441177917303,26.89319601418693,0.03477023325777395
29.081110357203958,-0.02235370678827664,26.92709341742685,0.0338974032399193
29.05933297378448,-0.021777383419479435,26.960139534586453,0.03304611715960348
29.038116911641488,-0.02121606214299021,26.992355396476903,0.03221586189044956
29.017447566383087,-0.02066934525840125,27.023761532044805,0.03140613556790228
28.997310720417747,-0.02013684596533949,27.05437797943614,0.030616447391334844
28.977692532369367,-0.019618188048379892,27.084224296865518,0.029846317429377933
28.958579526800126,-0.019113005569241892,27.11331957329016,0.02909527642464127
28.93995858422854,-0.018620942571587307,27.141682438890385,0.028362865600225717
28.92181693143539,-0.0181416527931475,27.16933107535626,0.027648636465876564
28.904142132047827,-0.017674799387563667,27.196283225984182,0.026952150627920446
28.88692207739379,-0.017220054654035977,27.22255620558144,0.02627297959725894
28.870144977617386,-0.01677709977640518,27.248166910183073,0.025610704601632506
28.85379935304652,-0.0163456245708673,27.27313182658098,0.024964916397905768
28.837874025807096,-0.015925327239422415,27.297467041668288,0.024335215087308626
28.822358111675253,-0.015515914131842834,27.321188251599878,0.023721209931590437
28.807241012158833,-0.01511709951642004,27.344310770771013,0.02312251917113528
28.792512406803212,-0.014728605355621482,27.36684954061671,0.022538769845695583
28.778162245714846,-0.014350161088366065,27.3888191382334,0.021969597616692482
28.764180742292233,-0.013981503422613173,27.410233784826165,0.021414646592763376
28.750558366163666,-0.013622376128566316,27.431107353982675,0.020873569156510285
28.737285836320932,-0.01327252984273386,27.45145337977491,0.020346025792235878
28.72435411444562,-0.012931721875311553,27.471285064695007,0.019831684920095682
28.711754398420513,-0.012599716025107455,27.490615287423335,0.019330222728328295
28.699478116022604,-0.012276282397909455,27.50945661043409,0.018841323010754252
28.687516918790735,-0.011961197231869392,27.527821287438854,0.018364677004765184
28.67586267606269,-0.011654242728045716,27.545721270671656,0.01789998323280173
28.664507469177217,-0.011355206885472313,27.56316821801894,0.01744694734728469
28.653443585837525,-0.011063883339691216,27.580173499994263,0.01700528197532236
28.64266351462827,-0.01078007120925406,27.59674820656313,0.016574706568867725
28.63215993968457,-0.010503574943701466,27.61290315381867,0.01615494725554001
28.62192573550715,-0.010234204177418604,27.62864889051097,0.01574573669229906
28.611953961919358,-0.009971773587793109,27.64399570443319,0.015346813922221259
28.602237859162496,-0.009716102756861744,27.65895362866691,0.014957924233719666
28.59277084312492,-0.009467016037575604,27.673532447687943,0.01457881902103253
28.58354650070161,-0.009224342423312493,27.687741703336684,0.014209255648740537
28.574558585279966,-0.008987915421641901,27.70159070065514,0.013848997318454792
28.5658010123482,-0.008757572931767044,27.71508851359223,0.013497812937092846
28.557267855223202,-0.00853315712499736,27.72824399058012,0.013155476987886772
28.548953340895157,-0.00831451432804542,27.741065759985563,0.012821769405444883
28.54085184598259,-0.008101494912565954,27.753562235436718,0.01249647545115451
28.532957892798503,-0.007893953184087366,27.765741621028873,0.012179385592155256
28.525266145522437,-0.007691747276066252,27.77761191640941,0.011870295380536078
28.517771406475404,-0.007494739047032795,27.78918092174896,0.011569005339552518
28.510468612495295,-0.007302793980109357,27.80045624259603,0.011275320847069281
28.50335283140994,-0.00711578108535349,27.811445294620096,0.010989052024065415
28.496419258605073,-0.006933572804868504,27.822155308245478,0.010710013625381265
28.489663213683887,-0.0067560449211860885,27.832593333176515,0.010438024931037404
28.483080137215843,-0.006583076468043458,27.84276624281834,0.010172909641823935
28.476665587574338,-0.006414549641505118,27.852680738594202,0.00991449577586323
28.470415237856272,-0.006250349718065706,27.8623433541614,0.009662615567197719
28.464324872886202,-0.006090364970070539,27.871760459529362,0.009417105367962364
28.458390386298923,-0.005934486587278798,27.880938265079088,0.009177805549725804
28.45260777770071,-0.005782608598213557,27.88988282548918,0.008944560410093061
28.446973149905933,-0.005634627794776748,27.898600043569335,0.008717218080153799
28.44148270624687,-0.00549044365906326,27.907095674002107,0.008495630432772572
28.43613274795518,-0.005349958291688495,27.915375326996198,0.008279652994090725
28.43091967161246,-0.005213076342720058,27.923444471853593,0.008069144857394406
28.425839966669386,-0.005079704943074859,27.931308440450675,0.00786396859708205
28.42089021303036,-0.004949753639024834,27.93897243063716,0.007663990186486558
28.416067078700987,-0.004823134329374312,27.94644150955319,0.0074690789160278825
28.411367317498676,-0.004699761202310526,27.95372061686671,0.007279107313522104
28.40678776682412,-0.0045795506745562875,27.9608145679344,0.007093951067687954
28.402325345491004,-0.00446242133311614,27.967728056885292,0.006913488950893054
28.397977051612425,-0.004348293878578602,27.974465659630336,0.006737602745044313
28.393739960544877,-0.004237091067547993,27.981031836800184,0.006566177169847975
28.389611222883744,-0.004128737661133641,27.987430936611425,0.006399099811240205
28.385588062514266,-0.004023160369477807,27.993667197663175,0.006236261051750347
28.381667774711755,-0.003920287802511524,27.999744751666857,0.006077554003681485
28.37784772429279,-0.003820050418966048,28.00566762610966,0.005922874442802595
28.374125343814455,-0.003722380478333065,28.01143974685135,0.005772120741692532
28.370498131821215,-0.0036272119932405644,28.01706494066071,0.005625193809358109
28.366963651137723,-0.003534480683491381,28.022546937688144,0.00548199702743446
28.36351952720601,-0.003444123931714671,28.02788937387904,0.0053424361908973594
28.36016344646611,-0.0033560807398984593,28.033095793328105,0.005206419449063304
28.356893154780064,-0.0032702916860465336,28.038169650575284,0.0050738572471793475
28.353706455895832,-0.003186698884231731,28.043114312846832,0.004944662271547884
28.3506012099528,-0.0031052459430327417,28.047933062240286,0.004818749393454169
28.347575332024775,-0.0030258779280245562,28.052629097856073,0.004696035615786798
28.34462679070237,-0.0029485413224037416,28.057205537877888,0.004576440021814676
28.341753606711315,-0.002873183991056294,28.061665421600235,0.004459883722347513
28.338953851567503,-0.0027997551438119217,28.066011711406794,0.004346289806559156
28.33622564626706,-0.00272820530044271,28.070247294700582,0.004235583293787926
28.333567160010414,-0.0026584862566458867,28.074374985785948,0.00412769108536537
28.330976608959016,-0.002590551051397938,28.078397527704528,0.0040225419185802025
28.328452255025322,-0.002524353933694101,28.082317594024946,0.003920066320418414
28.32599240469414,-0.002459850331181457,28.086137790589504,0.0038201965645576763
28.323595407873736,-0.0023969968204049508,28.08986065721678,0.0037228666272746125
28.321259656778043,-0.0023357510956927285,28.093488669361896,0.003628012145117765
28.318983584837042,-0.002276071941000879,28.09702423973689,0.003535570374992858
28.316765665635568,-0.0022179192014739613,28.100469719889936,0.0034454801530472423
28.314604411879788,-0.0021612537557800238,28.103827401744905,0.0033576818549683196
28.31249837439098,-0.002106037488807999,28.10709951910376,0.003272117358854132
28.310446141124377,-0.0020522332666033094,28.110288249111363,0.0031887300076043346
28.30844633621433,-0.0019998049100458104,28.11339571368317,0.0031074645718049965
28.306497619043377,-0.0019487171709542395,28.116423980897775,0.0030282672146064726
28.30459868333638,-0.0018989357069969515,28.119375066355516,0.002951085457741698
28.302748256277894,-0.001850427058485593,28.122250934501547,0.0028758681460310243
28.30094509765168,-0.0018031586262132748,28.125053499917836,0.0028025654162888713
28.299187999002932,-0.001757098648749178,28.127784628581384,0.002731128663548077
28.297475782822456,-0.0017122161804756786,28.130446139091962,0.002661510510577614
28.295807301751694,-0.0016684810707623399,28.13303980386846,0.002593664776497917
28.29418143780812,-0.0016258639435733357,28.13556735031627,0.002527546447808504
28.29259710163088,-0.0015843361772418518,28.138030461964558,0.0024631116482893844
28.2910532317461,-0.0015438698847773935,28.140430779575183,0.0024003176106255353
28.289548793850656,-0.0015044378954449655,28.142769902224646,0.002339122649463121
28.28808278011479,-0.0014660137358646352,28.145049388357947,0.0022794861333004235
28.28665420850258,-0.001428571612212437,28.147270756816596,0.0022213684586489535
28.285262122109984,-0.0013920863925953597,28.14943548784093,0.002164731024333122
28.283905588520447,-0.0013565335895364683,28.151545024046946,0.0021095362060172818
28.282583699176136,-0.0013218893443109891,28.153600771378418,0.0020557473314717356
28.28129556876636,-0.0012881304097760449,28.15560410003608,0.002003328657661285
28.28004033463068,-0.0012552341356801833,28.15755634538237,0.0019522453462919032
28.278817156178736,-0.0012231784519443067,28.159458808823988,0.0019024634416169306
28.27762521432397,-0.001191941854767009,28.161312758672064,0.0018539498480762973
28.276463710931942,-0.001161503392026475,28.16311943098079,0.001806672308724444
28.27533186828428,-0.0011318426476627508,28.16488003036539,0.0017605993845997148
28.274228928554184,-0.0011029397300958976,28.16659573079827,0.0017157004328822723
28.27315415329721,-0.001074775256974192,28.16826767638685,0.0016719455885798595
28.272106822954512,-0.0010473303426969949,28.169896982130528,0.0016293057436769232
28.27108623636865,-0.0010205865858630148,28.171484734658556,0.001587752528028119
