T_above,diff_above,T_bellow,diff_bellow
33.72785044968045,-0.272149550319547,20.251015247327466,0.25101524732746583
33.46638679361652,-0.2614636560639312,20.49319704422907,0.24218179690160468
33.21545735522168,-0.2509294383948415,20.727121445403718,0.2339244011746473
32.97461212840546,-0.24084522681621934,20.953038753770496,0.22591730836677826
32.743422157682595,-0.23118997072286618,21.17119413802962,0.2181553842591235
32.52147842814434,-0.22194372953825336,21.38182752334154,0.21063338531191889
32.30839082136691,-0.2130876067774281,21.58517350658166,0.20334598324012276
32.103787133704586,-0.20460368766232762,21.781461294696012,0.19628778811435055
31.9073121527563,-0.19647498094828464,21.970914663877497,0.1894533691814857
31.718626788104665,-0.18868536465163643,22.15375193747173,0.18283727359423096
31.537407252722144,-0.181219535382521,22.330185980694885,0.17643404322315703
31.363344291700272,-0.17406296102187113,22.500424210406216,0.1702382297113303
31.196142455203187,-0.1672018364970853,22.664668618322622,0.1642444079164065
31.035519412773763,-0.1606230424294246,22.823115806199905,0.1584471878772824
30.881205306326883,-0.15431410644687915,22.975957031628216,0.15284122542831113
30.73294213935346,-0.1482631669734218,23.12337826320374,0.14742123157552456
30.590483200038932,-0.1424589393145297,23.265560243944808,0.1421819807410678
30.453592516159073,-0.1368906838798587,23.402678561917323,0.13711831797251506
30.322044339766723,-0.13154817639235006,23.53490372712459,0.13222516520726657
30.195622659823176,-0.12642167994354736,23.662401253798464,0.12749752667387426
30.07412074105234,-0.12150191877083572,23.785331747305513,0.12293049350704877
29.957340687418164,-0.11678005363417654,23.90385099495316,0.11851924764764732
29.845093028731565,-0.11224765868659858,24.018110060043384,0.11425906509022354
29.737196328997,-0.10789669973456384,24.12825537858231,0.11014531853892606
29.633476815200545,-0.10371951379645594,24.234428858110558,0.1061734795282483
29.533768025329124,-0.09970878987142129,24.33676797816658,0.10233912005602264
29.437910474491055,-0.09585755083806902,24.43540589194499,0.0986379137784077
29.345751338081342,-0.09215913640971252,24.53047152875311,0.09506563680812263
29.257144151006393,-0.08860718707494897,24.622089696908777,0.09161816815566581
29.171948522044534,-0.08519562896185917,24.710381186759154,0.08829148985037705
29.090029862481007,-0.08191865956352729,24.79546287353216,0.08508168677300532
29.011259128208305,-0.07877073427270176,24.87744781976557,0.0819849462334119
28.935512574537572,-0.07574655367073291,24.956445377084005,0.07899755731843427
28.86267152301186,-0.07284105152571385,25.032561287121716,0.07611591003771068
28.792622139557697,-0.07004938345416178,25.10589778141078,0.07333649428906241
28.72525522335288,-0.06736691620481494,25.176553680079145,0.07065589866836675
28.66046600582596,-0.06478921752692202,25.244624489219248,0.068070809140103
28.598153959241262,-0.062312046584697356,25.310202496807424,0.06557800758817578
28.5382226143527,-0.059931344888561,25.37337686707105,0.06317437026362427
28.480579386645633,-0.05764322770706798,25.43423373321636,0.06085686614531127
28.42513541071006,-0.055443975935574485,25.49285628844034,0.0586225552239803
28.371805382319753,-0.053330028390305984,25.54932487516635,0.05646858672600885
28.320507407815956,-0.051297974503796695,25.603717072451314,0.05439219728496525
28.271162860415828,-0.04934454740012839,25.65610778152522,0.05239070907390442
28.223696243091787,-0.04746661732404078,25.70656930943074,0.050461527905522274
28.17803505768474,-0.04566118540704878,25.755171450739972,0.04860214130923168
28.134109679936252,-0.04392537774848648,25.80198156733431,0.04681011659433665
28.09185324014173,-0.04225643979452087,25.847064666237678,0.045083098903369034
28.051201509143333,-0.04065173099839825,25.89048347550065,0.04341880926297037
28.012092789397666,-0.03910871974566632,25.9322985181402,0.04181504263955205
27.974467810868603,-0.03762497852906321,25.972568184140787,0.04026966600058657
27.938269631507055,-0.036198179361548455,26.011348800531252,0.03878061639046493
27.90344354209713,-0.03482608940992549,26.04869469955205,0.03734589902079932
27.869936975255772,-0.033506566841357,26.084658284933738,0.03596358538168687
27.83769941838561,-0.032237556870160944,26.119290096308283,0.03463181137454541
27.806682330395336,-0.031017087990274916,26.152638871779853,0.03334877547156978
27.776839062005116,-0.02984326839021989,26.18475160867991,0.032112736900057115
27.74812477947082,-0.02871428253429542,26.215673622539814,0.030922013859903785
27.720496391565565,-0.027628387905256346,26.24544860430869,0.029774981768877495
27.693912479667016,-0.02658391189854825,26.274118675851646,0.028670071542954645
27.668333230805427,-0.025579248861589576,26.30172444375954,0.027605767907893153
27.6437203735391,-0.02461285726632667,26.328305051507833,0.026580607748293517
27.6200371165244,-0.02368325701469942,26.35389822999725,0.02559317848941589
27.59724808965942,-0.022789026864980855,26.378540346514047,0.02464211651679804
27.57531928768444,-0.021928801974979706,26.402266452146886,0.02372610563283928
27.554218016127518,-0.02110127155692254,26.425110327693716,0.02284387554682965
27.533912839492057,-0.020305176635460498,26.44710452810005,0.02199420040633271
27.514373531584138,-0.01953930790791958,26.468280425462314,0.021175897362265772
27.495571027886413,-0.018802503697724404,26.48866825063358,0.020387825171265916
27.4774773798867,-0.018093647999712914,26.508297133471263,0.019628882837682937
27.460065711277146,-0.017411668609554454,26.52719514175836,0.018898008287095536
27.44331017593987,-0.016755535337274807,26.54538931883868,0.01819417708032134
27.42718591764391,-0.016124258295960203,26.562905719999645,0.017516401160964534
27.411669031377084,-0.015516886266826901,26.57976944763917,0.016863727639524484
27.39673652624296,-0.01493250513412292,26.596004685249532,0.016235237610363384
27.382366289856776,-0.014370236386184843,26.611634730255137,0.015630045005604387
27.36853705417389,-0.013829235682887742,26.62668202573677,0.015047295481632972
27.355228362692042,-0.013308691481846324,26.64116819107421,0.014486165337441292
27.342420538967957,-0.012807823724084955,26.655114051542643,0.013945860468432159
27.33009465639278,-0.012325882575176195,26.66853966689199,0.013425615349348163
27.318232509172457,-0.011862147220323749,26.68146435894223,0.012924692050237496
27.306816584465246,-0.011415924707211644,26.69390673822469,0.012442379282461502
27.295830035624462,-0.010986548840783428,26.705884729698408,0.011977991473717253
27.285256656503364,-0.010573379121098014,26.71741559757236,0.011530867873950967
27.275080856776164,-0.010175799727200285,26.728515969261142,0.011100371688783639
27.2652876382338,-0.009793218542363036,26.73920185850152,0.010685889240377833
27.255862572014532,-0.00942506621926853,26.749488687658168,0.010286829156648025
27.246791776730067,-0.009070795284465305,26.75939130924326,0.009902621585091254
27.238061897451473,-0.0087298792785937,26.768924026677475,0.009532717434215243
27.229660085519747,-0.0084018119317264,26.778100614316845,0.009176587639370126
27.22157397914551,-0.008086106374236124,26.786934336768105,0.008833722451260684
27.213791684768736,-0.007782294376774246,26.795437967519188,0.008503630751082625
27.206301759145248,-0.0074899256234886025,26.803623806905097,0.008185839385909333
27.199093192132107,-0.007208567013140765,26.81150369943363,0.00787989252853194
27.192155390142428,-0.00693780198967886,26.819089050490636,0.0075853510570063065
27.185478160244404,-0.006677229898023995,26.826390842447715,0.007301791957079473
27.179051694876545,-0.00642646536785918,26.83341965019118,0.007028807743463261
27.17286655715631,-0.006185137720233769,26.840185656093155,0.006766005901976513
27.16691366675774,-0.005952890398571498,26.846698664443917,0.006513008350761851
27.16118428633506,-0.005729380422678787,26.8529681153631,0.006269450919184294
27.15567000847089,-0.005514277864172357,26.859003098208802,0.006034982845701364
27.15036274312834,-0.0053072653425481064,26.864812364501457,0.005809266292654769
27.145254705586613,-0.005108037541727839,26.870404340379967,0.005591975878509459
27.140338404841938,-0.004916300744675084,26.875787138605816,0.005382798225848973
27.13560663245386,-0.004731772388076649,26.880968570130875,0.0051814315250595655
27.131052451820917,-0.004554180632943883,26.8859561552457,0.004987585114825777
27.126669187868124,-0.00438326395279276,26.89075713432056,0.004800979074857992
27.122450417130132,-0.004218770737992372,26.89537847815614,0.00462134383558066
27.118389958214525,-0.004060458915606802,26.89982689795589,0.004448419799750525
27.114481862630242,-0.003908095584282734,26.904108854935068,0.004281956979177437
27.11072040596725,-0.003761456662992657,26.90823056957698,0.004121714641911467
27.10710007941397,-0.0036203265532783746,26.91219803055229,0.003967460975310644
27.103615581597904,-0.0034844978160677442,26.916017003310184,0.0038189727578945565
27.10026181073855,-0.0033537708593520676,26.91969303835579,0.003676035045604209
27.097033857099962,-0.003227953638589298,26.9232314792227,0.003538440866911685
27.093926995730754,-0.0031068613692077918,26.926637470153526,0.0034059909308261638
27.09093667948099,-0.0029903162497646463,26.92991596349791,0.0032784933443821274
27.088058532284833,-0.002878147196156533,26.933071726838747,0.003155763340839002
27.085288342699187,-0.0027701895856466763,26.936109349855947,0.0030376230171995644
27.08262205768814,-0.0026662850110454883,26.939033250937037,0.0029239010810897526
27.080055776643423,-0.0025662810447180107,26.94184768354473,0.002814432607692652
27.077585745632682,-0.0024700310107412804,26.9445567423496,0.002709058804871489
27.0752083518659,-0.002377393766781921,26.94716436913614,0.002607626786538475
27.07292011837164,-0.0022882334942586624,26.9496743584911,0.002509989354962272
27.070717698875892,-0.002202419495748842,26.952090363281055,0.0024160047899535186
27.068597872874697,-0.00211982600119498,26.95441589992836,0.002325536647305171
27.066557540894106,-0.0020403319805915032,26.956654353491768,0.002238453563407461
27.064593719928613,-0.0019638209654928573,26.95880898255843,0.00215462906666275
27.062703539054127,-0.0018901808744864468,26.960882923955385,0.002073941396954382
27.06088423520545,-0.001819303848677123,26.962879197286817,0.0019962733314322634
