T_above,diff_above,T_bellow,diff_bellow
33.82116192381623,-0.1788380761837729,20.215457374313853,0.21545737431385348
33.64720818731016,-0.17395373650606416,20.424837671150346,0.20938029683649262
33.47854725948603,-0.1686609278241349,20.628846772594706,0.2040091014443597
33.31500939836393,-0.16353786112210145,20.827604457708734,0.19875768511402825
33.15643076571051,-0.1585786326534162,21.021228912018156,0.19362445430942188
33.002653214460615,-0.15377755124989534,21.209836691442266,0.18860777942411033
32.853524066996634,-0.14912914746398087,21.393542673652462,0.18370598221019563
32.70889590328316,-0.14462816371347742,21.57246001599454,0.17891734234207846
32.568626358362614,-0.14026954492054244,21.746700119500616,0.17424010350607588
32.43257792874202,-0.13604842962059394,21.9163725985511,0.1696724790504831
32.30061778722862,-0.13196014151340307,22.081585255769177,0.16521265721807765
32.1726176057955,-0.12800018143311576,22.242444061762285,0.16085880599310798
32.04845338608017,-0.12416421971533254,22.399053139346872,0.1566090775845872
31.928005297145067,-0.1204480889351025,22.55151475191476,0.15246161256788682
31.811157520146935,-0.11684777699813154,22.699929295624518,0.14841454370975882
31.6977980995768,-0.11335942057013426,22.844395295118407,0.14446599949388883
31.587818800757052,-0.10997929881974855,22.98500940248647,0.14061410736806224
31.48111497329808,-0.106703827458972,23.121866399216056,0.13685699672958762
31.377585420227355,-0.1035295530707252,23.255059200880517,0.13319280166446035
31.27713227252833,-0.10045314769902447,23.384678864341385,0.1296196634608684
31.17966086882849,-0.09747140369984209,23.51081459724574,0.12613573290435554
31.085079640001315,-0.0945812288271739,23.633553769621546,0.12273917237580534
30.993299998451658,-0.09177964154965679,23.752981927382372,0.11942815776082583
30.90423623186871,-0.08906376658294946,23.869182807564368,0.11620088018199581
30.817805401241777,-0.0864308306269308,23.98223835513613,0.1130555475717614
30.733927242945118,-0.08387815829665968,24.09222874122383,0.10999038608770206
30.65252407470458,-0.08140316824053784,24.19923238261153,0.10700364138769913
30.573520705276174,-0.07900336942840624,24.303325962384076,0.1040935797725453
30.496844347663664,-0.07667635761250935,24.404584451585578,0.10125848920150204
30.42242453572311,-0.07441981194055458,24.50308113178088,0.09849668019530355
30.350193044001678,-0.07223149172143195,24.59888761840902,0.09580648662813829
30.28008381066918,-0.07010923333249863,24.692073884831476,0.09318626642245675
30.21203286340495,-0.06805094726422922,24.782708286980494,0.09063440214901775
30.145978248114893,-0.06605461529005652,24.8708575885187,0.08814930153820555
30.081859960353107,-0.06411828776178652,24.95658698643385,0.0857293979151521
30.019619879333458,-0.06224008101964884,25.039960136990683,0.08337315055683092
29.959201704419293,-0.060418174914165235,25.121039181970932,0.08107904498024965
29.900550893987436,-0.058650810431856826,25.199884775138617,0.07884559316768502
29.843614606563897,-0.05693628742353951,25.276556108871358,0.07667133373274027
29.78834164413712,-0.05527296242677693,25.35111094090082,0.07455483202946311
29.734682397558455,-0.05365924657866472,25.42360562111492,0.0724946802140991
29.682588793940774,-0.05209360361768134,25.494095118372773,0.07048949725785292
29.632014245974965,-0.05057454796580885,25.562633047289722,0.06853792891694965
29.582913603085064,-0.04910064288990057,25.62927169495605,0.06663864766632699
29.535243104344428,-0.04767049874063645,25.694062047549217,0.06479035259316746
29.488960333085526,-0.04628277125890179,25.757053816809698,0.06299176926048133
29.44402417313116,-0.044936159954364285,25.81829546634938,0.061241649539681475
29.40039476658448,-0.04362940654668179,25.877834237764016,0.059538771414636926
29.35803347311469,-0.042361293469788563,25.935716176527446,0.05788193876342973
29.316902830677115,-0.041130642437575915,25.99198615764323,0.05626998111578274
29.276966517614387,-0.0399363130627286,26.046687911032823,0.05470175338959393
29.238189316083282,-0.03877720153110431,26.099864046643916,0.05317613561109269
29.20053707675201,-0.0376522393312726,26.151556079262257,0.05169203261834099
29.163976684724236,-0.0365603920277735,26.201804453009938,0.05024837374768154
29.128476026637266,-0.03550065808697056,26.250648565520898,0.04884411251095955
29.09400395889389,-0.0344720677433763,26.29812679177993,0.047478226259030976
29.060530276979524,-0.03347368191436573,26.344276507615756,0.04614971583582772
29.02802568582697,-0.03250459115255211,26.389134112840278,0.044857605224521535
28.996461771188642,-0.03156391463832975,26.43273505402575,0.04360094118547053
28.965810971975287,-0.030650799213354674,26.475113846914713,0.04237879288896451
28.936046553530606,-0.029764418444681695,26.51630409845635,0.0411902515416358
28.90714258180064,-0.02890397172996728,26.556338528466487,0.04003443001013807
28.879073898369143,-0.0280686834314956,26.595248990907482,0.038910462440995275
28.851816096324303,-0.027257802044839963,26.633066494785698,0.03781750387821603
28.82534549692872,-0.026470599395583605,26.669821224665352,0.03675472987965378
28.799639127059606,-0.025706369869112677,26.705542560797106,0.0357213361317541
28.77467469739628,-0.024964429663327792,26.740259098862186,0.034716538065080016
28.750430581323418,-0.024244116072861033,26.773998669331863,0.03373957046967746
28.726885794525113,-0.023544786798304074,26.80678835644455,0.03278968711268604
28.704019975247217,-0.02286581927789655,26.83865451679984,0.031866160355289
28.681813365201755,-0.022206610045461872,26.869622797574028,0.03096828077418934
28.660246791091055,-0.021566574110700287,26.89971815435748,0.030095356783451876
28.63930164673091,-0.020945144360144496,26.92896486861787,0.029246714260391826
28.618959875749557,-0.02034177098135359,26.95738656479328,0.028421696175406908
28.599203954843897,-0.019755920905659252,26.985006227015784,0.02761966222250578
28.580016877573314,-0.01918707727058333,27.01184621547225,0.026839988456465846
28.56138213867138,-0.0186347389019339,27.0379282824058,0.026082066933550863
28.54328371885777,-0.0180984198136116,27.06327358776053,0.025345305354729675
28.525706070135065,-0.017577648722703287,27.087902714476762,0.024629126716231298
28.508634101550577,-0.017071968584488673,27.111835683438038,0.023932968961275947
28.492053165409125,-0.01658093614145173,27.13509196807942,0.02325628464138063
28.47594904392192,-0.016104121487206413,27.15769050865701,0.022598540577590143
28.460307936275207,-0.01564110764671156,27.17964972618707,0.02195921753006047
28.44511644610543,-0.0151914901697765,27.200987536059294,0.021337809872225222
28.430361569367,-0.014754876738429346,27.22172136132894,0.020733825269644512
28.41603068257911,-0.014330886787892183,27.241868145693473,0.020146784364534653
28.40211153144056,-0.013919151138548358,27.261444366159658,0.01957622046618468
28.38859221979644,-0.01351931164412079,27.280466045405813,0.019021679246154832
28.37546119894991,-0.013131020846529395,27.298948763845164,0.01848271843935123
28.362707257304002,-0.012753941645907929,27.31690767139624,0.01795890755107621
28.35031951032473,-0.012387746979271697,27.334357498964117,0.017449827567876497
28.338287390812948,-0.01203211951178318,27.35131256964016,0.01695507067604396
28.32660063947676,-0.011686751336188905,27.367786809624626,0.016474239984464845
28.315249295792906,-0.011351343683852377,27.383793758878642,0.01600694925401669
28.304223689149882,-0.011025606643023877,27.399346581508706,0.01555282263006319
28.293514430261155,-0.010709258888727646,27.414458075892156,0.015111494383450719
28.283112402841596,-0.01040202741955909,27.429140684546894,0.014682608654737805
28.273008755537752,-0.010103647303843388,27.44340650375239,0.014265819205494523
28.263194894103687,-0.009813861434064819,27.457267292924392,0.013860789172003507
28.25366247381529,-0.009532420288397958,27.470734483753258,0.013467190828865938
28.244403392115043,-0.009259081700246696,27.4838191891063,0.01308470535304096
28.235409781479056,-0.008993610635986471,27.496532211702483,0.012713022596184231
28.226674002500744,-0.00873577897831268,27.50888405256336,0.012351840860876706
28.218188637183395,-0.008485365317348226,27.520884919245713,0.012000866682353006
28.209946482434553,-0.008242154748842268,27.532544733860163,0.011659814614450426
28.201940543757278,-0.008005938677275282,27.543873140881168,0.011328407021004239
28.194164029130857,-0.00777651462642126,27.554879514753676,0.011006373872508135
28.186610343075618,-0.007553686055238984,27.565572967300458,0.010693452546782112
28.179273080895367,-0.007337262180250548,27.57596235493452,0.010389387634063496
28.17214602309299,-0.007127057802378545,27.586056285681792,0.010093930747270718
28.165223129952658,-0.006922893140330899,27.595863126019736,0.009806840337944323
28.15849853628475,-0.006724593667907897,27.60539100753301,0.009527881513275105
28.15196654632636,-0.006531989958389772,27.614647833394162,0.00925682586115073
28.1456216287954,-0.006344917530960004,27.62364128467205,0.008993451277888198
28.139458412091404,-0.0061632167039959995,27.632378826470788,0.008737541798737425
28.133471679638124,-0.005986732453280297,27.640867713906655,0.008488887435866843
28.127656365366793,-0.0058153142713308625,27.64911499792333,0.008247284016675849
28.122007549331066,-0.005648816035726867,27.657127530953087,0.008012533029756241
28.116520453454033,-0.005487095877032999,27.664911972423806,0.0077844414707186615
28.111190437399397,-0.005330016054635678,27.672474794119644,0.007562821695838551
28.106012994566573,-0.005177442832824397,27.679822285396344,0.007347491276700424
28.10098374820298,-0.005029246363591255,27.686960558255784,0.007138272859439354
28.09609844763187,-0.004885300571110918,27.693895552282687,0.0069349940269027854
28.091352964591042,-0.0047454830408284465,27.700633039448746,0.006737487166059708
28.08674328967952,-0.004609674911520756,27.707178628784845,0.006545589336099056
28.082265528909904,-0.004477760769617589,27.71353777092773,0.006359142142883911
28.077915900360473,-0.004349628549430662,27.71971576254204,0.006177991614311651
28.07369073092735,-0.004225169433123455,27.725717750621765,0.006001988079724185
28.069586453171517,-0.004104277755832442,27.731548736674547,0.0058309860527820945
28.065599602257578,-0.003986850913939577,27.737213580791387,0.005664844116839873
28.061726812984087,-0.00387278927349044,27.742717005605023,0.00550342481363586
28.05796481689955,-0.0037619960845383105,27.748063600139663,0.005346594534639593
28.05431043950381,-0.0036543773957404824,27.753257823554772,0.005194223415109889
28.050760597530175,-0.003549841973633505,27.758304008787462,0.005046185232689737
28.0473122963086,-0.003448301221574468,27.763206366092145,0.004902357304683136
28.043962627204618,-0.003349669103982933,27.767968986484842,0.004762620392696704
28.04070876513456,-0.0032538620700570675,27.772595845091907,0.004626858607064577
28.037547966151845,-0.003160798982715818,27.77709080440561,0.004494959313703362
28.034477565104275,-0.0030704010475695043,27.78145761745054,0.004366813044928364
28.031494973360306,-0.0029825917439687544,27.78569993086236,0.0042423134118223516
28.0285976766005,-0.0028972967598051014,27.789821287881267,0.00412135701890648
28.02578323267431,-0.0028144439261907905,27.79382513126193,0.004003843380662175
28.023049269518282,-0.002733963156028807,27.79771480610356,0.003889674841630608
28.02039348313603,-0.0026557863822525007,27.801493562601202,0.003778756497641922
28.017813635636127,-0.0025798474999021437,27.80516455872037,0.00367099611916899
28.015307553326757,-0.0025060823093703277,27.808730862796978,0.003566304076606741
28.01287312486681,-0.002434428459945792,27.81219545606565,0.003464593268670768
28.010508299470136,-0.002364825396675485,27.815561235117332,0.0033657790516841146
28.00821108516134,-0.0022972143087969243,27.818831014288406,0.00326977917107385
28.005979547082724,-0.0022315380786146477,27.822007527982635,0.0031765136942283334
28.003811805851132,-0.002167741231591691,27.825093432929652,0.003085904947017326
28.00170603596073,-0.0021057698904023425,27.82809131037871,0.002997877449057995
27.99966046423337,-0.002045571727361306,27.83100366823248,0.0029123578537699757
27.997673368313524,-0.0019870959198442506,27.833832943120807,0.0028292748883274044
27.995743075207024,-0.0019302931065006135,27.836581502415395,0.002748559294587949
27.993867959860978,-0.0018751153460456749,27.83925164618958,0.002670143774185618
27.992046443785892,-0.0018215160750862935,27.841845609122657,0.0025939629330764546
27.990276993718158,-0.0017694500677336578,27.84436556235043,0.002519953227771765
27.988558120319215,-0.0017188733989428329,27.84681361526418,0.0024480529137491658
27.986888376914546,-0.0016697434046690773,27.849191817259413,0.0023782019952349742
27.98526635826716,-0.0016220186473852038,27.851502159434883,0.0023103421754697706
27.983690699387967,-0.0015756588791937531,27.853746576244383,0.0022444168094999384
27.98216007438008,-0.0015306250078879202,27.855926947102297,0.0021803708579142267
27.980673195316083,-0.0014868790639965823,27.85804509794305,0.002118150840754396
27.979228811147888,-0.0014443841681952563,27.860102802737522,0.0020577047944705384
27.97782570664806,-0.0014031044998290554,27.862101784967248,0.001998982229725499
27.976462701382342,-0.0013630052657163105,27.864043719055577,0.0019419340883288783
27.97513864871056,-0.0013240526717837042,27.865930231759723,0.0018865127041465257
27.973852434817225,-0.0012862138933336098,27.86776290352304,0.0018326717633172507
27.972602977769608,-0.0012494570476171418,27.869543269789826,0.0017803662667859044
27.971389226603545,-0.0012137511660625933,27.87127282228243,0.001729552492605535
27.970210160434913,-0.0011790661686319481,27.872953010242266,0.0016801879598347114
