T_above,diff_above,T_bellow,diff_bellow
33.64141568833605,-0.35858431166394666,20.266718810240828,0.2667188102408282
33.299990098735826,-0.3414255896002274,20.522464689157008,0.25574587891617995
32.97497714826349,-0.3250129504723347,20.76777759302559,0.24531290386858018
32.66553654519876,-0.3094406030647292,21.00304222964595,0.2352646366203608
32.37087533409293,-0.2946612111058329,21.22863288003992,0.22559065039397197
32.09024487908767,-0.28063045500525874,21.444913301352177,0.21628042131225556
31.82293806646271,-0.2673068126249589,21.65223668077131,0.20732337941913315
31.568286708566344,-0.2546513578963676,21.850945634407662,0.198708953636352
31.325659132783375,-0.24262757578296856,22.041372245561547,0.19042661115388526
31.09445794067122,-0.23120119211215595,22.22383813736042,0.18246589179887351
30.87411792370685,-0.2203400169643679,22.398654575241515,0.1748164378810948
30.664104123287387,-0.21001380041946405,22.56612259520854,0.16746801996702487
30.46391002369772,-0.20019409958966605,22.72653315419852,0.16041055898998025
30.27305586774799,-0.19085415594973298,22.88016729926724,0.1536341450687182
30.09108708565509,-0.18196878209289835,23.027296352638977,0.14712905337173865
29.917572828556743,-0.173514257098347,23.16818210997162,0.14088575733264364
29.75210459876424,-0.1654682297925021,23.303077049466737,0.13489493949511555
29.594294969531298,-0.1578096292329434,23.43222454970678,0.12914750024004462
29.443776387707388,-0.15051858182390987,23.555859114330016,0.12363456462323441
29.300200053196942,-0.1435763345104455,23.674206601862153,0.11834748753213731
29.16323486964049,-0.13696518355645182,23.787484459210795,0.11327785734864193
29.032566461186054,-0.1306684084544365,23.895901957501092,0.10841749829029723
28.907896250633,-0.12467021055305239,23.99966042908501,0.10375847158391949
28.788940594607713,-0.1189556560252889,24.098953504697686,0.09929307561267464
28.67542997177198,-0.11351062283573299,24.1939673498462,0.09501384514851452
28.56710822037914,-0.10832175139283962,24.28488089967217,0.09091354982597011
28.463731821783565,-0.10337639859557513,24.371866091574816,0.0869851919026452
28.36506922676436,-0.09866259501920638,24.455088095017736,0.08322200344291986
28.27090022177247,-0.09416900499188685,24.534705538008456,0.07961744299072038
28.181015332422863,-0.0898848893496087,24.61087072981894,0.07616519181048531
28.095215261760345,-0.08580007066251838,24.683729879581932,0.07285914976299068
28.01331036101071,-0.08190490074963463,24.753423310460136,0.06969343087820334
27.935120130694663,-0.07819023031604644,24.820085669136876,0.06666235867674075
27.8604727501469,-0.07464738054776276,24.883846130426807,0.06376046128993096
27.789204633613778,-0.0712681165331226,24.944828596849998,0.06098246642319083
27.721160011246386,-0.06804462236739184,25.00315189304911,0.05832329619911292
27.65619053341769,-0.06496947782869711,25.058929954962892,0.055778061913780874
27.594154896907785,-0.06203563650990418,25.112272013701773,0.05334205873888109
27.53491849160463,-0.05923640530315666,25.163282774098693,0.05101076039692032
27.47835306646133,-0.05656542514329743,25.21206258792698,0.04877981382828622
27.424336413535578,-0.054016652925753306,25.258707621802813,0.04664503387583352
27.37275206902241,-0.051584344513166513,25.303310019805576,0.044602398002762556
27.32348903026221,-0.049263038760201994,25.345958060865982,0.04264804106040643
27.27644148777331,-0.04704754248889742,25.386736310982197,0.040778250116215276
27.231508571428385,-0.044932916344926355,25.425725770342723,0.03898945936052556
27.18859410994523,-0.04291446148315359,25.463004015435597,0.037278245092874585
27.1476064029193,-0.040987707025930575,25.498645336239345,0.035641320803748044
27.10845800468003,-0.039148398239269966,25.532720868594293,0.03407553235494731
27.071065519292492,-0.0373924853875387,25.565298721859108,0.032577853264815104
27.035349406075014,-0.035716113217478807,25.596444101963073,0.031145380103964726
27.001233795039635,-0.034115611035378635,25.62621942996737,0.029775328004298274
26.96864631170295,-0.03258748333668393,25.654684456249736,0.028465026282365358
26.937517910747598,-0.031128400955353186,25.681896370434146,0.02721191418440938
26.907782718045382,-0.029735192702215585,25.707909907181065,0.02601353674691964
26.879377880585963,-0.02840483745941924,25.73277744796013,0.02486754077906639
26.85224342388343,-0.027134456702533782,25.756549118926124,0.023771670965992087
26.826322116453873,-0.025921307429555895,25.779272885015548,0.022723766089423947
26.80155934098854,-0.024762775465333675,25.80099464038545,0.02172175536990295
26.77790297186169,-0.023656369126850763,25.821758295310396,0.02076365492494503
26.75530325864234,-0.022599713219349837,25.84160585965467,0.019847564344274815
26.733712715290302,-0.021590543352036917,25.860577523036227,0.018971663381556425
26.71308601474056,-0.020626700549740917,25.878711731791423,0.018134208755196113
26.693379888596546,-0.019706126144015457,25.896045262854713,0.017333531063290053
26.674553031665283,-0.018826856931262625,25.912613294662062,0.016568031807349115
26.656566011088813,-0.01798702057647006,25.928449475180045,0.015836180517982967
26.639381179833595,-0.01718483125521786,25.943585987170035,0.015136511989989998
26.62296259431696,-0.016418585516635886,25.958053610784056,0.014467623614020653
26.60727593596207,-0.015686658354891136,25.97188178359343,0.013828172809375872
26.5922884364822,-0.01498749947986866,25.985098658144665,0.013216874551233104
26.577968806706735,-0.014319629775464193,25.997731157136535,0.012632498991870023
26.56428716877334,-0.013681637933395052,26.009805026309166,0.012073869172631646
26.551214991517366,-0.013072177255974538,26.021344885130983,0.011539858821816296
26.538725028901432,-0.012489962615934047,26.032374275371012,0.011029390240029358
26.526791261334797,-0.011933767566635112,26.04291570763655,0.010541432265537054
26.515388839739696,-0.01140242159510052,26.052990705958177,0.010074998321627504
26.504494032231353,-0.010894807508343263,26.062619850497608,0.009629144539431422
26.494084173284385,-0.010409858946967887,26.0718228184524,0.00920296795479203
26.484137615263116,-0.009946558021269425,26.080618423232686,0.008795604780285515
26.47463368220403,-0.009503933059086478,26.089024651974103,0.00840622874141772
26.465552625739214,-0.009081056464815163,26.09705870145915,0.00803404948504749
26.456875583059606,-0.008677042679607894,26.104737012507492,0.007678311048341158
26.448584536818853,-0.008291046240753275,26.11207530290095,0.007338290393459346
26.44066227688626,-0.007922259932591658,26.119088598900614,0.0070132959996627164
26.433092363860247,-0.0075699130260140635,26.12579126541368,0.006702666513067612
26.42585909425954,-0.007233269600707359,26.13219703486867,0.006405769454989496
26.41894746730968,-0.006911626949861471,26.138319034848646,0.006121999979974646
26.412343153254017,-0.006604314055660865,26.144169814536756,0.005850779688110208
26.4060324631135,-0.0063106901405163285,26.149761370022368,0.005591555485612076
26.400002319828314,-0.0060301432851872505,26.155105168515533,0.0053437984931647975
26.394240230718207,-0.005762089110106672,26.160212171514814,0.0051070029992814625
26.388734261197236,-0.005505969520971377,26.16509285697421,0.0048806854593941296
26.383473009685805,-0.0052612515114311975,26.16975724051027,0.004664383536059802
26.378445583664288,-0.005027426021516845,26.174214895689314,0.0044576551790456165
26.373641576814745,-0.004804006849543185,26.17847497343404,0.004260077744724811
26.369051047198976,-0.004590529615768446,26.18254622058842,0.004071247154382007
26.364664496427935,-0.004386550771041442,26.18643699767391,0.0038907770854876844
26.3604728497745,-0.004191646653435299,26.19015529587367,0.0037182981997609943
26.35646743718622,-0.004005412588277579,26.19370875327719,0.0035534574035196442
26.352639975156645,-0.0038274620295766226,26.19710467041602,0.0033959171388318055
26.348982549415997,-0.0036574257406485344,26.20035002512199,0.0032453547059674293
26.345487598403764,-0.0034949510122324057,26.203451486736842,0.0031014616148539176
26.342147897487234,-0.0033397009165305747,26.20641542970017,0.0029639429633263603
26.338956543890262,-0.0031913535969714246,26.209247946544068,0.002832516843898958
26.3359069423032,-0.003049601587061801,26.2119548603187,0.002706913774630948
26.332992791139066,-0.002914151164134182,26.214541736474093,0.0025868761553944353
26.330208069408915,-0.0027847217301513183,26.217013894220653,0.0024721577465598443
26.327547024187506,-0.002661045221408642,26.219376417392592,0.0023625231719393014
26.325004158642248,-0.0025428655452586213,26.221634164834224,0.0022577474416323184
26.322574220599765,-0.0024299380424821493,26.223791780330956,0.0021576154967313244
