diff_array_big,av_array_big,av_pr_array,av_cs_array,av_hs_array
0.11666881102215854,2.458663482556378,2.5554045717709957,2.5409020883327544,2.449300741669161
0.008347996029767213,2.4670114785861452,2.5638699721396536,2.549366331204761,2.4576360491214397
0.008309374318717921,2.475320852904863,2.5722963806675883,2.5577915905706363,2.4659327744869013
0.008270855801503885,2.483591708706367,2.580683908755732,2.566177977150578,2.4741910201207626
0.008232441747689556,2.4918241504540566,2.589032667353022,2.574525601302095,2.4824108898280346
0.008194133328379927,2.5000182837824365,2.597342767168379,2.5828345732202367,2.4905924887322044
0.00815593162959205,2.5081742154120286,2.6056143188387826,2.591105003095545,2.4987359231634088
0.008117837663265792,2.5162920530752944,2.613847433062098,2.5993370012381214,2.506841300562536
0.008079852376369878,2.5243719054516642,2.6220422207015273,2.6075306781745224,2.5149087293984134
0.00804197665842965,2.532413882110094,2.6301987928672745,2.615686144722804,2.5229383190957613
0.008004211347827805,2.5404180934579217,2.638317260979775,2.623803512050071,2.5309301799720507
0.007966557237043315,2.548384650694965,2.6463977368181,2.631882891715931,2.538884423181734
0.00792901507706123,2.5563136657720262,2.6544403325564128,2.6399243957045844,2.5468011606666154
0.007891585581098148,2.5642052513531244,2.66244516079073,2.6479281364478835,2.554680505111356
0.007854269427737481,2.572059520780862,2.670412334557866,2.6558942268409402,2.562522569903279
0.007817067263627298,2.579876588044489,2.6783419673480466,2.6638227802519214,2.5703274690958056
0.007779979705765161,2.5876565677502543,2.686234173112418,2.6717139105270435,2.5780953173749683
0.007743007343475661,2.59539957509373,2.694089066266385,2.6795677319917357,2.5858262300285335
0.007706150740114381,2.6031057258338444,2.7019067616896275,2.6873843594487314,2.5935203229173593
0.007669410434567148,2.6107751362684115,2.709687374723381,2.6951639081737118,2.6011777124486906
0.007632786942540548,2.618407923210952,2.7174310211655333,2.702906493908926,2.608798515551107
0.007596280757700136,2.626004203968652,2.7251378172639673,2.7106122328552487,2.616382849650914
0.007559892352687836,2.63356409632134,2.7328078797084525,2.7182812416629663,2.6239308326497985
0.007523622180052758,2.641087718501393,2.7404413256214584,2.725913637421619,2.6314425829036314
0.007487470672995933,2.6485751891743887,2.748038272547984,2.7335095376489473,2.6389182192021856
0.007451438246156794,2.6560266274205455,2.7555988384447394,2.7410690602793544,2.6463578607497977
0.00741552529623668,2.663442152716782,2.7631231416687387,2.748592323651814,2.653761627146765
0.007379732202614342,2.6708218849193965,2.7706113009654625,2.7560794464974743,2.661129638371477
0.007344059327885066,2.6781659442472816,2.778063435456708,2.763530547926986,2.668462014763169
0.007308507018376265,2.685474451265658,2.7854796646281863,2.770945747417685,2.675758877005262
0.00727307560459467,2.6927475268702525,2.792860108316974,2.7783251648006106,2.683020346109227
0.007237765401689078,2.6999852922719416,2.800204886698834,2.7856689202475517,2.6902465433989557
0.007202576709818054,2.7071878689817597,2.807514120275515,2.7929771342579723,2.697437590495548
0.007167509814571371,2.714355378796331,2.81478792986201,2.800249927646071,2.704593609302563
0.00713256498728887,2.72148794378362,2.822026436573838,2.8074874215278016,2.711714721991623
0.007097742485427716,2.7285856862690476,2.8292297618143905,2.814689737308047,2.718801050988413
0.007063042552847509,2.735648728821895,2.8363980272623244,2.821856996667805,2.7258527189589867
0.007028465420162,2.742677194242057,2.843531354859082,2.828989321551576,2.732869848796454
0.006994011304979342,2.7496712055470365,2.850629866796477,2.8360868341548144,2.739852563607917
0.0069596804122147304,2.756630885959251,2.8576936855044233,2.8431496569115304,2.746800986701744
0.006925472934339094,2.7635563588935903,2.8647229336387987,2.8501779124820676,2.7537152415750987
0.0068913890516495435,2.77044774794524,2.871717734069436,2.857171723741003,2.7605954519017533
0.006857428932494525,2.7773051768777344,2.8786782098682697,2.864131213765205,2.7674417415201407
0.0068235927335349444,2.7841287696112693,2.885604484297634,2.8710565058220676,2.774254234421671
0.006789880599956,2.7909186502112253,2.892496680798701,2.8779477233579067,2.781033054739266
0.006756292665712316,2.7976749428769376,2.899354922980122,2.8848049899865265,2.787778326736155
0.006722829053714463,2.804397771930652,2.9061793346067755,2.8916284294779433,2.794490174794851
0.006689489876072763,2.811087261806725,2.912970039588737,2.8984181657473105,2.8011687234063785
0.006656275234278475,2.8177435370410033,2.9197271619703606,2.905174322843966,2.807814097159694
0.0066231852194169605,2.8243667222604203,2.926450825919573,2.911897024940705,2.8144264207313086
0.006590219912357309,2.8309569421727776,2.9331411557173195,2.9185863963231964,2.8210058188751157
0.0065573793839410754,2.8375143215567187,2.9397982757471577,2.9252425613795543,2.827552416412405
0.006524663695173238,2.844038985251892,2.9464223104850475,2.931865644590124,2.8340663382220668
0.006492072897406498,2.8505310581492984,2.953013384489297,2.938455770517393,2.840547709230984
0.006459607032507808,2.856990665181806,2.959571622390661,2.9450130637960963,2.8469966544045975
0.006427266133047116,2.8634179313148533,2.96609714888262,2.951537649123485,2.8534132987376477
0.006395050222455456,2.869812981537309,2.9725900887118235,2.9580296512497286,2.8597977672450914
0.006362959315213246,2.876175940852522,2.9790505666686724,2.9644891949685594,2.866150184953192
0.006330993416979069,2.882506934269501,2.9854787075780904,2.9709164051079546,2.872470676890754
0.006299152524792184,2.8888060867942933,2.9918746362904374,2.9773114065211144,2.8787593680805452
0.00626743662720175,2.895073523421495,2.9982384776725692,2.9836743240774863,2.8850163835308607
0.006235845704436915,2.901309369125932,3.004570356599095,2.9900052826540167,2.891241848227247
0.006204379728548037,2.90751374885448,3.0108703979437275,2.9963044071265186,2.897435887124377
0.006173038663577213,2.913686787518057,3.0171387265708245,3.0025718223612152,2.9035986251380876
0.006141822465683955,2.919828609983741,3.0233754673270927,3.0088076532064085,2.9097301871375443
0.006110731083293075,2.9259393410670342,3.029580745033379,3.01501202448431,2.915830697937559
0.006079764457263437,2.9320191055242977,3.0357546844766765,3.0211850609830395,2.9219002822910656
0.006048922520992317,2.93806802804529,3.041897410402234,3.0273268874487163,2.9279390648817127
0.006018205200573057,2.944086233245863,3.048009047505807,3.0334376285777367,2.9339471703166007
0.005987612414932286,2.9500738456607953,3.0540897204260737,3.039517409009173,2.9399247231191645
0.005957144075961374,2.9560309897367567,3.0601395537371654,3.045566353317322,2.9458718477221835
0.005926800088634998,2.9619577898253917,3.0661586719413374,3.051584586004361,2.951788668460912
0.005896580351168801,2.9678543701765605,3.0721471994617904,3.0575722314932046,2.957675309566361
0.005866484755110424,2.973720854931671,3.078105260635598,3.063529414120382,2.96353189515868
0.005836513185502934,2.979557368117174,3.0840329797067842,3.069456258129173,2.9693585492406926
0.005806665520978971,2.985364033638153,3.089930480819533,3.075352887662778,2.9751553956915315
0.005776941633899302,2.991140975272052,3.095797888011492,3.08121942675766,2.980922558260406
0.00574734139045896,2.996888316662511,3.101635325207244,3.087055999336992,2.986660160560484
0.005717864650828464,3.0026061813133396,3.10744291621188,3.092862729204249,2.992368326062904
0.005688511269237306,3.008294692582577,3.1132207847046907,3.098639740036891,2.998047178090879
0.005659281094118285,3.013953973676695,3.118969054232973,3.104387155380182,3.003696839813938
0.00563017396820209,3.0195841476448972,3.1246878482059914,3.110105098641152,3.009317434242265
0.005601189728638989,3.0251853373735362,3.130377289888995,3.1157936930826264,3.0149090842211574
0.0055723282070947455,3.030757665580631,3.1360375023974068,3.121453061817391,3.02047191242558
0.005543589229878965,3.03630125481051,3.1416686086910848,3.127083327802494,3.02600604135485
0.005514972618032132,3.041816227428542,3.1472707315687227,3.132684613833627,3.031511593327401
0.0054864781874308655,3.047302705615973,3.152843993662339,3.1382570425396055,3.036988690475662
0.005458105748914033,3.052760811364887,3.158388517431879,3.1438007363770226,3.0424374547410498
0.005429855108348924,3.058190666473236,3.1639044251599464,3.1493158176249216,3.0478580078690394
0.005401726066764478,3.0635923925400004,3.1693918389465954,3.1548024083796355,3.05325047140436
0.005373718420424112,3.0689661109604245,3.174850880704272,3.1602606305497165,3.0586149666862603
0.005345831960941627,3.074311942921366,3.1802816721528124,3.165690605850949,3.063951614843899
0.005318066475359817,3.079630009396726,3.1856843348145905,3.171092455801462,3.0692605367918078
0.005290421746262375,3.0849204311429883,3.1910589900097186,3.176466301716995,3.074541853225459
0.00526289755185072,3.090183328694839,3.196405758851379,3.1818122647061773,3.0797956846169257
0.005235493666042146,3.095418822360881,3.2017247622412275,3.18713046566596,3.085022151210623
0.005208209858568846,3.10062703221945,3.2070161208649055,3.192421025277135,3.09022137301916
0.005181045895040537,3.1058080781144906,3.2122799551876464,3.1976840639999202,3.095393469819246
0.005154001537069686,3.1109620796515602,3.217516385449958,3.2029197020696882,3.100538561147724
0.0051270765423154785,3.1160891561938757,3.222725531663414,3.2081280594927066,3.1056567662976526
0.005100270664610385,3.121189426858486,3.2279075136065263,3.213309256042067,3.1107482043145027
0.005073583654002345,3.1262630105124884,3.2330624508206944,3.218463411253589,3.1158129939924097
0.005047015256874676,3.131310025769363,3.2381904626062794,3.2235906444219236,3.120851253870534
0.005020565215999362,3.1363305909853625,3.243291668018697,3.2286910745966466,3.1258631022294794
0.004994233270639192,3.1413248242560017,3.2483661858646595,3.2337648205785094,3.130848657087813
0.0049680191565952825,3.146292843412597,3.2534141346984677,3.2388120009157073,3.135808036198632
0.004941922606330529,3.1512347660189275,3.2584356328183874,3.2438327339003012,3.1407413570462515
0.004915943348998031,3.1561507093679255,3.2634307982631143,3.248827137564634,3.145648736842924
0.004890081110549893,3.1610407904784754,3.268399748808306,3.2537953296779114,3.150530292525663
0.004864335613792736,3.165905126092268,3.2733426019632064,3.2587374277427905,3.155386140753127
0.004838706578473406,3.1707438326707416,3.278259474967331,3.263653548992105,3.1602163979025826
0.004813193721347364,3.175557026392089,3.2831504847872397,3.2685438103856295,3.1650211800669403
0.004787796756234197,3.180344823148323,3.2880157481133834,3.273408328606886,3.1698006030518444
0.004762515394111322,3.1851073385424344,3.2928553813570147,3.2782472200601087,3.1745547823728555
0.004737349343177044,3.1898446878856115,3.2976695006471806,3.28306060086724,3.179283833252694
0.004712298308896745,3.1945569861945082,3.3024582218277843,3.287848586864944,3.183987870618534
0.004687361994105466,3.1992443481886137,3.3072216604546996,3.2926112936017944,3.188667009099395
0.004662540099035439,3.203906888287649,3.311959931793003,3.2973488363354324,3.1933213630235637
0.004637832321415569,3.2085447206090647,3.316673150814205,3.302061330029864,3.197951046416113
0.0046132383565118396,3.2131579589655765,3.321361432193614,3.306748889352787,3.202556172996462
0.004588757897196594,3.217746716862773,3.326024890307703,3.31141162867298,3.207136856176004
0.004564390634021365,3.2223111074967945,3.330663639231619,3.316049662057809,3.211693209055811
0.0045401362552515145,3.226851243752046,3.335277792736674,3.320663103270702,3.2162253444243625
0.0045159944469639335,3.23136723819901,3.3398674642879573,3.325252065768804,3.220733374755387
0.004491964893066136,3.235859203092076,3.3444327670419853,3.32981666270059,3.2252174122057067
