diff_array_big,av_array_big,av_pr_array,av_cs_array,av_hs_array
-0.011896043401026901,7.510603984184729,7.706570241218224,7.691104578358814,7.490516179012486
-0.023656898482895983,7.486947085701833,7.682354614340363,7.666894354553809,7.466919674098973
-0.02347796815553327,7.4634691175463,7.658322703432683,7.642867806694581,7.443501581723032
-0.023300607490936542,7.440168510055363,7.634472910097427,7.619023335808638,7.4202603353966525
-0.023124799418732245,7.417043710636631,7.6108036496962015,7.59535935682241,7.397194386051418
-0.022950527234724127,7.394093183401907,7.587313351709968,7.571874298900732,7.37430220159492
-0.022777774566199227,7.371315408835708,7.564000459990622,7.548566605680914,7.351582266517204
-0.022606525343435102,7.3487088834922725,7.540863432926733,7.525434735423764,7.329033081537953
-0.022436763776295443,7.326272119715977,7.517900743541232,7.502477161098488,7.306653163286836
-0.022268474334749655,7.304003645381227,7.4951108795351855,7.4796923704156955,7.284441044011198
-0.02210164173266893,7.281902003648558,7.472492343289003,7.4570788658193266,7.262395271306226
-0.02193625091416962,7.259965752734389,7.450043651830001,7.4346351644462985,7.240514407863795
-0.021772287042160166,7.238193465692229,7.42776333677339,7.412359798060619,7.218797031236843
-0.021609735488475224,7.216583730203753,7.40564994424256,7.390251312967857,7.197241733616843
-0.02144858182546283,7.195135148378291,7.3837020347729245,7.368308269913943,7.175847121622342
-0.02128881181869602,7.173846336559595,7.361918183203173,7.346529243972024,7.154611816096878
-0.021130411420586803,7.152715925139008,7.340296978556669,7.324912824420186,7.133534451915026
-0.020973366764747148,7.131742558374261,7.318837023915361,7.3034576146120544,7.112613677795456
-0.02081766416098585,7.110924894213275,7.297536936287993,7.282162231842294,7.091848156120116
-0.020663290090839226,7.090261604122436,7.276395346474149,7.261025307208139,7.0712365627588225
-0.02051023120345885,7.069751372918977,7.255410898925247,7.2400454854684275,7.0507775868986835
-0.020358474311938046,7.049392898607039,7.234582251603449,7.219221424900573,7.030469930877823
-0.02020800638987108,7.029184892217168,7.213908075839239,7.198551797156701,7.010312310023034
-0.020058814568209904,7.009126077648958,7.193387056188276,7.178035287119045,6.990303452490987
-0.019910886132243455,6.989215191516714,7.17301789028797,7.15767059275548,6.970442099112787
-0.01976420851892513,6.969450982997789,7.152799288714236,7.1374564249751336,6.950727003241489
-0.01961876931414963,6.9498322136836395,7.132729974838658,7.117391507484802,6.931156930602557
-0.01947455625031491,6.9303576574333245,7.112808684686341,7.097474576645963,6.911730659146938
-0.019331557203951633,6.911026100229373,7.093034166794683,7.077704381332928,6.89244697890668
-0.01918976019342633,6.891836340035947,7.073405182073131,7.058079682792038,6.873304691852954
-0.019049153376764494,6.872787186659182,7.053920503664152,7.038599254502158,6.854302611756382
-0.018909725049548243,6.853877461609634,7.034578916805428,7.019261882036466,6.8354395640495245
-0.018771463642879738,6.835105997966754,7.015379218693385,7.0000663629255975,6.816714385691498
-0.018634357721407646,6.8164716402453465,6.996320218348153,6.981011506522312,6.798125925034626
-0.01849839598140779,6.797973244263939,6.977400736479881,6.962096133867574,6.779673041693035
-0.018363567248915302,6.779609677015023,6.958619605356585,6.943319077558166,6.761354606413193
-0.01822986047793318,6.76137981653709,6.93997566867347,6.924679181615806,6.743169500946247
-0.018097264748626607,6.743282551788464,6.921467781423731,6.906175301357767,6.725116617922202
-0.01796576926559279,6.725316782522871,6.903094809770866,6.887806303269156,6.707194860725847
-0.01783536335620628,6.7074814191666645,6.884855630922526,6.8695710648765544,6.68940314337437
-0.01770603646891722,6.689775382697747,6.8667491330058725,6.851468474623345,6.671740390396664
-0.017577778171626868,6.67219760452612,6.848774214944431,6.833497431746442,6.654205536714287
-0.017450578150143947,6.6547470263759765,6.830929786336455,6.815656846154636,6.6367975275239735
-0.01732442620654151,6.637422600169435,6.813214767334792,6.797945638308408,6.6195153181817865
-0.017199312257710986,6.620223287911724,6.795628088528222,6.7803627391011965,6.602357874088721
-0.017075226333756355,6.603148061577968,6.778168690824284,6.762907089742268,6.585324170577927
-0.016952158576615695,6.586195903001352,6.760835525333526,6.74557764164086,6.568413192803306
-0.01683009923851575,6.569365803762836,6.743627553255258,6.728373356292003,6.55162393562965
-0.016709038680596144,6.55265676508224,6.726543745764658,6.711293205163578,6.534955403524162
-0.016588967371473196,6.536067797710767,6.709583083901381,6.694336169584915,6.518406610449406
-0.01646987588586235,6.5195979218249045,6.692744558459485,6.677501240636793,6.501976579757646
-0.016351754903212168,6.503246166921692,6.676027169878789,6.6607874190427205,6.48566434408653
-0.01623459520635606,6.487011571715336,6.6594299281375795,6.644193715061731,6.4694689452561285
-0.01611838768022622,6.47089318403511,6.642951852646653,6.627719148382341,6.453389434167266
-0.016003123310476042,6.454890060724634,6.626591972144698,6.611362748018113,6.437424870701206
-0.015888793182278427,6.439001267542356,6.610349324595042,6.595123552204238,6.421574323620556
-0.0157753884790095,6.423225879063346,6.59422295708359,6.579000608295616,6.405836870471462
-0.015662900481036246,6.40756297858231,6.578211925718139,6.562992972666178,6.390211597487035
-0.015551320564470394,6.392011658017839,6.562315295528914,6.547099710609402,6.374697599491997
-0.015440640199977373,6.376571017817862,6.54653214037035,6.531319896240145,6.359293979808535
-0.015330850951545294,6.361240166866317,6.530861542824121,6.515652612397746,6.34399985016336
-0.015221944475390714,6.346018222390926,6.515302594103368,6.500096950550199,6.3288143305958755
-0.01511391251872407,6.330904309872202,6.499854393958136,6.48465201069967,6.31373654936756
-0.015006746918661662,6.31589756295354,6.48451605058199,6.469316901289122,6.298765642872448
-0.014900439601065685,6.300997123352475,6.469286680519777,6.454090739110116,6.283900755548749
-0.01479498257946954,6.286202140773005,6.454165408576561,6.4389726492117925,6.269141039791552
-0.014690367953970274,6.271511772819035,6.43915136772771,6.423961764810926,6.254485655866621
-0.014586587910148552,6.256925184908886,6.424243699030019,6.4090572272031645,6.239933771825283
-0.014483634718034821,6.2424415501908515,6.409441551534044,6.394258185675312,6.225484563420321
-0.014381500731023067,6.228060049459828,6.394744082197469,6.379563797418762,6.2111372140229655
-0.014280178384865394,6.213779871074963,6.3801504557995,6.364973227443952,6.196890914540885
-0.014179660196678157,6.199600210878285,6.365659844856435,6.350485648495863,6.182744863337161
-0.01407993876386815,6.185520272114417,6.351271429538142,6.33610024097068,6.168698266150338
-0.013981006763236437,6.17153926535118,6.33698439758569,6.321816192833269,6.15475033601536
-0.013882856949915201,6.157656408401265,6.322797944229904,6.307632699535938,6.140900293185562
-0.013785482156488449,6.143870926244777,6.308711272110973,6.29354896393793,6.127147365055557
-0.01368887529197682,6.1301820509528,6.294723591199004,6.279564196226111,6.1134907860851
-0.013593029340939644,6.11658902161186,6.280834118715624,6.265677613836509,6.099929797723879
-0.013497937362544121,6.103091084249316,6.267042079056434,6.251888441376884,6.086463648337214
-0.013403592489669158,6.089687491759647,6.253346703714508,6.238195910550179,6.073091593132653
-0.013309987927972777,6.076377503831674,6.239747231204786,6.224599260078982,6.059812894087489
-0.013217116955043018,6.063160386876631,6.226242906989376,6.211097735630862,6.046626819877139
-0.013124972919531963,6.050035413957099,6.212832983403795,6.1976905897445675,6.033532645804373
-0.013033549240240916,6.037001864716858,6.19951671958408,6.184377081757278,6.020529653729443
-0.012942839405332585,6.024059025311526,6.186293381394825,6.171156477732571,6.007617132001025
-0.01285283697147488,6.011206188340051,6.1731622413580105,6.158028050389315,5.99479437538799
-0.01276353556298293,5.998442652777068,6.16012257858282,6.144991079031486,5.982060685012033
-0.012674928871072133,5.985767723905996,6.147173678696149,6.132044849478755,5.969415368281051
-0.012587010652966413,5.973180713253029,6.134314833774095,6.119188653997959,5.956857738823408
-0.012499774731205449,5.960680938521824,6.1215453422742065,6.106421791235338,5.9443871164228845
-0.01241321499275827,5.9482677235290655,6.108864508968505,6.093743566149702,5.932002826954514
-0.012327325388342025,5.9359403981407235,6.096271644877434,6.081153289946285,5.9197042023210935
-0.01224209993161729,5.923698298209106,6.083766067204467,6.068650280011415,5.907490580390503
-0.012157532698427786,5.911540765510678,6.071347099271587,6.0562338598480325,5.89536130493377
-0.012073617826086291,5.899467147684592,6.059014070455508,6.043903359011925,5.883315725563855
-0.011990349512630338,5.887476798171962,6.046766316124656,6.03165811304871,5.871353197675172
-0.01190772201610546,5.875569076155856,6.034603177576897,6.019497463431651,5.859473082383827
-0.011825729653850203,5.863743346502006,6.0225240019780495,6.007420757500067,5.847674746468564
-0.011744366801789141,5.851998979700217,6.0105281423010455,5.995427348398664,5.835957562312415
-0.011663627893756079,5.840335351806461,5.998614957265911,5.983516595017429,5.824320907845028
-0.011583507420795947,5.828751844385665,5.986783811280345,5.971687861932283,5.812764166485684
-0.011503999930500441,5.8172478444551645,5.9750340743811545,5.959940519346507,5.801286727086985
-0.011425100026325019,5.8058227444288395,5.963365122176233,5.948273943032749,5.789887983879203
-0.011346802366957398,5.794475942061882,5.951776335787297,5.9366875142758015,5.778567336415284
-0.011269101665653203,5.783206840396229,5.9402671017932835,5.925180619816002,5.767324189516492
-0.011191992689600028,5.772014847706629,5.928836812174437,5.913752651793324,5.7561579532186915
-0.011115470259289495,5.760899377447339,5.917484864257003,5.902403007692131,5.745068042719262
-0.011039529247876878,5.7498598481994625,5.906210660658625,5.8911310902865415,5.734053878324642
-0.010964164580607338,5.738895683618855,5.895013609234345,5.8799363075864965,5.723114885398447
-0.01088937123416045,5.728006312384695,5.883893123023253,5.868818072784379,5.712250494310245
-0.010815144236084429,5.71719116814861,5.872848620195733,5.857775804202349,5.7014601403848815
-0.010741478664190396,5.70644968948442,5.8618795240013855,5.846808925240216,5.690743263852426
-0.010668369645990161,5.69578131983843,5.850985262717479,5.83591686432392,5.68009930979866
-0.010595812358078938,5.685185507480351,5.840165269598083,5.825099054854695,5.669527728116193
-0.010523802025621087,5.67466170545473,5.8294189828236815,5.8143549351587325,5.659027973456089
-0.010452333921731949,5.664209371532998,5.818745845451507,5.803683948437491,5.648599505180097
-0.010381403366990227,5.6538279681660075,5.808145305366343,5.793085542718496,5.638241787313378
-0.010311005728821598,5.643516962437186,5.797616815231933,5.782559170806826,5.627954288497847
-0.010241136421019092,5.633275826016167,5.787159832442964,5.772104290237074,5.6177364819459825
-0.010171790903179101,5.623104035112988,5.776773819077596,5.761720363225883,5.607587845395205
-0.010102964680175575,5.613001070432812,5.766458241850504,5.751406856625051,5.597507861062779
-0.010034653301655538,5.602966417131157,5.756212572066522,5.741163241875136,5.587496015601209
-0.0099668523615275,5.592999564769629,5.746036285574763,5.730988994959639,5.577551800054161
-0.009899557497437428,5.583100007272192,5.735928862723285,5.720883596359656,5.567674709812889
-0.009832764390295345,5.573267242881896,5.725889788314313,5.710846531009104,5.557864244573142
