diff_array,av_array
-0.0013549709251488018,3.999132189899455
-0.0013796061105604274,3.9977525837888948
-0.001281679618728493,3.9964709041701663
-0.0011530429191504155,3.995317861251016
-0.0010234210572850344,3.994294440193731
-0.0009022457537262163,3.9933921944400046
-0.0007920111442607514,3.992600183295744
-0.0006928257461078502,3.991907357549636
-0.0006040095251345079,3.9913033480245015
-0.000524660583103298,3.990778687441398
-0.00045385590467228454,3.990324831536726
-0.0003907207627014131,3.9899341107740245
-0.00033445048884184203,3.9895996602851826
-0.0002843147205471297,3.9893153455646355
-0.00023965510641277277,3.9890756904582227
-0.000199880588571677,3.988875809869651
-0.0001644618837981504,3.988711347985853
-0.00013292584665558493,3.9885784221391973
-0.00010485002237947683,3.988473572116818
-7.985753214345692e-05,3.9883937145846744
-5.7612352106772846e-05,3.9883361022325676
-3.78150045374781e-05,3.98829828722803
-2.0198654907765956e-05,3.9882780885731224
-4.525595375337588e-06,3.988273562977747
9.415911709442781e-06,3.9882829788894565
2.181445983895358e-05,3.9883047933492954
3.2838023865444654e-05,3.988337631373161
4.263621400024675e-05,3.988380267587161
5.134228589165346e-05,3.988431609873053
5.9074931880953585e-05,3.9884906848049337
6.593987678638058e-05,3.98855662468172
7.203129903921024e-05,3.9886286559807593
7.743309613017502e-05,3.9887060890768895
8.22200112313709e-05,3.988788309088121
8.645863619660688e-05,3.9888747677243175
9.020830447337147e-05,3.988964976028791
9.352188594746735e-05,3.9890584979147383
9.644649457385412e-05,3.989154944409312
9.902411824214141e-05,3.9892539685275543
0.0001012921796128552,3.989355260707167
0.0001032840352843678,3.9894585447424515
0.00010502942029244622,3.989563574162744
0.00010655484375865498,3.9896701290065026
0.00010788394123961709,3.9897780129477423
0.00010903778833792899,3.98988705073608
0.0001100351800547017,3.989997085916135
0.00011089287941468129,3.9901079787955496
0.00011162583895751865,3.990219604634507
0.0001122473979084937,3.9903318520324156
0.00011276945778293523,3.9904446214901985
0.00011320263880021386,3.9905578241289987
0.00011355641914612136,3.990671380548145
0.00011383925904739911,3.9907852198071923
0.00011405871123892908,3.990899278518431
0.0001142215194387397,3.99101350003787
0.00011433370596103387,3.991127833743831
0.00011440064989942655,3.9912422343937304
0.0001144271566340116,3.9913566615503644
0.00011441751989638149,3.9914710790702608
0.00011437557699300882,3.991585454647254
0.0001143047580223211,3.991699759405276
0.00011420812975870831,3.991813967535035
0.00011408843474303154,3.991928055969778
0.00011394812614229366,3.99204200409592
0.00011378939880213323,3.9921557934947223
0.00011361421695577079,3.992269407711678
0.00011342433888783532,3.992382832050566
0.00011322133897850861,3.9924960533895444
0.00011300662731805744,3.9926090600168624
0.00011278146720750115,3.99272184148407
0.00011254699080209818,3.992834388474872
0.00011230421300068016,3.9929466926878727
0.00011205404392233831,3.993058746731795
0.00011179729995403065,3.993170544031749
0.00011153471366887047,3.993282078745418
0.00011126694265195525,3.99339334568807
0.00011099457738605878,3.993504340265456
0.0001107181482917774,3.9936150584137478
0.00011043813203226449,3.99372549654578
0.00011015495706878653,3.993835651502849
0.00010986900876019945,3.993945520511609
0.00010958063377408678,3.994055101145383
0.0001092901441341887,3.9941643912895173
0.00010899782076645437,3.9942733891102837
0.00010870391673512003,3.994382093027019
0.00010840866006445182,3.9944905016870833
0.00010811225634155264,3.994598613943425
0.00010781489096656216,3.9947064288343914
0.00010751673123099437,3.9948139455656224
0.00010721792812784514,3.9949211634937503
0.00010691861801426228,3.9950280821117645
0.00010661892407926032,3.995134701035844
0.00010631895764801058,3.995241019993492
0.00010601881937422064,3.995347038812866
0.00010571860030017532,3.995452757413166
0.00010541838279554128,3.9955581757959617
0.00010511824143888404,3.9956632940374006
0.00010481824372554627,3.995768112281126
