diff_array_big,av_array_big,av_pr_array,av_cs_array,av_hs_array
0.00010451845081327349,3.9958726307319394,4.117554061858903,4.102811734147449,3.9838139529650083
0.0002081386139569652,3.9960807693458964,4.117766554564571,4.1030241417680084,3.98402162440649
0.00020694318990122085,3.9962877125357976,4.11797774474508,4.1032352531410865,3.9842281115778513
0.0002057510859816425,3.9964934636217793,4.118187649189255,4.1034450842850685,3.9844334163950124
0.0002045628480260575,3.9966980264698053,4.118396282985305,4.103653649617727,3.9846375415562285
0.00020337892511701483,3.9969014053949223,4.1186036598269045,4.103860962248751,3.9848404904025814
0.0002021996867469511,3.9971036050816693,4.118809792260436,4.104067034215504,3.9850422668037337
0.00020102543669064943,3.99730463051836,4.119014691884961,4.104271876672994,3.985242875064091
0.00019985642440634166,3.9975044869427663,4.119218369514404,4.1044755000475295,3.9854423198456024
0.00019869285427809302,3.9977031797970444,4.11942083530916,4.104677914160964,3.9856406061040475
0.00019753489322749118,3.997900714690272,4.119622098883311,4.104879128331495,3.9858377390363375
0.00019638267693444789,3.9980970973672063,4.119822169391997,4.105079151455504,3.9860337240368047
0.00019523631501083827,3.998292333682217,4.120021055602904,4.10527799207433,3.9862285666608988
0.00019409589519936432,3.9984864295774165,4.12021876595482,4.10547565842862,3.986422272594892
0.00019296148688496828,3.9986793910643015,4.120415308605756,4.105672158502889,3.9866148476305847
0.00019183314402138052,3.998871224208323,4.120610691472586,4.105867500061973,3.986806297644118
0.00019071090754385622,3.9990619351158667,4.120804922263802,4.106061690681163,3.9869966285781993
0.00018959480736135959,3.999251529923228,4.120998008506611,4.106254737770843,3.987185846427115
0.0001884848640854031,3.9994400147873135,4.121189957569514,4.106446648597051,3.9873739572241274
0.00018738109041782636,3.9996273958777313,4.121380776681042,4.10663743029842,3.987560967030808
0.00018628349233074104,3.999813679370062,4.1215704729454625,4.106827089900282,3.9877468819279964
0.00018519207009592975,3.999998871440158,4.121759053355942,4.107015634326481,3.9879317080081544
0.00018410681912595095,4.000182978259284,4.121946524805598,4.107203070409254,3.988115451368866
0.00018302773065403954,4.000366005989938,4.122132894096826,4.107389404897469,3.988298118107282
0.00018195479240645795,4.000547960782344,4.122318167949208,4.1075746444636385,3.988479714315433
0.00018088798907278658,4.000728848771417,4.122502353006211,4.107758795709835,3.9886602460762077
0.00017982730274557213,4.000908676074163,4.122685455840889,4.107941865172649,3.9888397194599015
0.00017877271335731137,4.00108744878752,4.122867482960769,4.1081238593275335,3.9890181405213383
0.00017772419890871305,4.001265172986429,4.123048440812035,4.1083047845923675,3.989195515297324
0.0001766817358435091,4.001441854722272,4.123228335783106,4.108484647330651,3.9893718498045567
0.00017564529920477412,4.001617500021477,4.1234071742077525,4.108663453854131,3.9895471500377786
0.00017461486291381334,4.001792114884391,4.123584962367794,4.1088412104252,3.9897214219682615
0.0001735903998794086,4.00196570528427,4.1237617064954,4.109017923258854,3.9898946715424577
0.00017257188219499398,4.002138277166465,4.123937412775146,4.109193598524455,3.9900669046808983
0.00017155928126033615,4.002309836447726,4.124112087345782,4.109368242347319,3.990238127277249
0.000170552567883675,4.002480389015609,4.124285736301799,4.109541860809985,3.9904083451975008
0.00016955171239629863,4.002649940728006,4.124458365694804,4.1097144599534765,3.990577564279308
0.00016855668472715024,4.002818497412733,4.124629981534713,4.109886045778293,3.990745790331422
0.00016756745448276433,4.0029860648672155,4.124800589790853,4.110056624245373,3.9909130291332287
0.00016658399101388,4.003152648858229,4.124970196392926,4.110226201276944,3.9910792864343696
0.00016560626346073803,4.00331825512169,4.125138807231835,4.110394782757226,3.991244567954425
0.0001646342408134771,4.003482889362504,4.125306428160488,4.110562374533142,3.9914088793826714
0.0001636678919618717,4.0036465572544655,4.125473064994469,4.110728982414928,3.991572226377895
0.0001627071856891149,4.003809264440155,4.125638723512689,4.110894612176645,3.9917346145682284
0.00016175209077662345,4.003971016530931,4.125803409457934,4.111059269556749,3.991896049551071
0.00016080257595252334,4.004131819106884,4.125967128537398,4.111222960258492,3.9920565368929903
0.00015985860998313228,4.004291677716867,4.126129886423171,4.111385689950391,3.9922160821297106
0.00015892016164453793,4.004450597878511,4.126291688752668,4.111547464266639,3.992374690766085
0.00015798719977322406,4.004608585078285,4.126452541129043,4.111708288807402,3.992532368276116
0.00015705969326784697,4.0047656447715525,4.126612449121562,4.111868169139254,3.992689120102988
0.00015613761110522262,4.004921782382658,4.126771418265959,4.112027110795449,3.9928449516591136
0.00015522092234565577,4.005077003305003,4.126929454064787,4.112185119276232,3.9929998683262005
0.0001543095961542562,4.005231312901158,4.127086561987701,4.112342200049135,3.9931538754553295
0.00015340360181692603,4.005384716502975,4.127242747471773,4.112498358549268,3.9933069783670576
0.0001525029087137142,4.005537219411688,4.127398015921776,4.112653600179552,3.9934591823514953
0.0001516074863676664,4.005688826898056,4.127552372710442,4.112807930310995,3.993610492668438
0.0001507173044288379,4.005839544202485,4.127705823178707,4.1129613542829295,3.993760914547475
0.0001498323326662998,4.005989376535151,4.127858372635992,4.113113877403224,3.9939104531881053
0.0001489525410107717,4.006138329076162,4.128010026360405,4.1132655049485685,3.9940591137598807
0.00014807789951820638,4.00628640697568,4.128160789598983,4.1134162421646145,3.994206901402527
0.00014720837838577694,4.006433615354066,4.1283106675679155,4.113566094266224,3.9943538212260803
0.00014634394798651584,4.006579959302052,4.128459665452764,4.113715066437723,3.994499878311051
0.00014548457880980692,4.006725443880862,4.12860778840865,4.113863163833016,3.994645077708533
0.00014463024151645243,4.006870074122379,4.1287550415604795,4.114010391575862,3.9947894244403765
0.00014378090691025136,4.007013855029289,4.128901430003137,4.114156754760012,3.9949329234993236
0.00014293654595487482,4.007156791575244,4.129046958801666,4.11430225844943,3.9950755798491597
0.00014209712977120148,4.007298888705015,4.129191632991488,4.114446907678488,3.9952173984248747
0.00014126262962399494,4.007440151334639,4.129335457578567,4.114590707452114,3.995358384132796
0.00014043301694943722,4.007580584351588,4.129478437539598,4.114733662746024,3.995498541850764
0.00013960826332759524,4.007720192614916,4.129620577822201,4.114875778506835,3.995637876428265
0.0001387883404957435,4.007858980955412,4.1297618833450755,4.115017059652319,3.9957763926865977
0.00013797322035458137,4.007996954175766,4.129902358998212,4.115157511071507,3.995914095419025
0.00013716287495846302,4.008134117050725,4.130042009643028,4.115297137624909,3.9960509893909264
0.0001363572765171739,4.008270474327242,4.130180840112577,4.115435944144672,3.9961870793399603
0.00013555639739415426,4.008406030724636,4.130318855211687,4.115573935434735,3.996322369976203
0.00013476021010738748,4.0085407909347435,4.1304560597171545,4.1157111162710125,3.996456865982315
0.00013396868734183442,4.008674759622085,4.130592458377887,4.115847491401549,3.996590572013699
0.0001331818019210118,4.008807941424006,4.130728055915094,4.115983065546709,3.9967234926986364
0.00013239952683186118,4.008940340950838,4.130862857022425,4.116117843399294,3.9968556326384577
0.00013162183521053805,4.009071962786049,4.130996866366171,4.116251829624752,3.9969869964076823
0.0001308487003512937,4.0092028114864,4.131130088585368,4.1163850288613,3.997117588554179
0.00013008009570203427,4.009332891582102,4.131262528292003,4.116517445720121,3.9972474135993203
0.00012931599484744538,4.0094622075769495,4.1313941900711635,4.1166490847854735,3.9973764760381183
0.00012855637154096655,4.0095907639484905,4.131525078481184,4.1167799506149,3.997504780339389
0.0001278011996799222,4.00971856514817,4.131655198053806,4.116910047739357,3.9976323309459003
0.00012705045330907438,4.0098456156014795,4.131784553294336,4.117039380663343,3.997759132274515
0.00012630410662684,4.009971919708106,4.131913148681803,4.117167953865124,3.997885188716347
0.00012556213397107996,4.010097481842077,4.132040988669105,4.117295771796806,3.9980105046369006
0.0001248245098404155,4.010222306351918,4.132168077683151,4.117422838884556,3.998135084376227
0.00012409120886847091,4.010346397560786,4.132294420125045,4.117549159528692,3.998258932249061
0.00012336220584074908,4.010469759766627,4.1324200203701995,4.117674738103881,3.9983820525449736
0.00012263747568308503,4.01059239724231,4.132544882768506,4.11779957895925,3.998504449528511
0.00012191699347408047,4.010714314235784,4.1326690116444755,4.117923686418564,3.998626127439347
0.0001212007344335575,4.010835514970218,4.132792411297389,4.118047064780379,3.998747090492422
0.00012048867391190043,4.01095600364413,4.132915086001434,4.11816971831813,3.998867342878076
0.00011978078741936571,4.011075784431549,4.133037040005879,4.118291651280357,3.998986888762208
0.00011907705059943652,4.011194861482148,4.133158277535166,4.118412867890784,3.999105732286407
0.00011837743923237554,4.011313238921381,4.133278802789116,4.118533372348489,3.9992238775680895
0.00011768192924943577,4.01143092085063,4.133398619943024,4.118653168828059,3.9993413287006487
0.00011699049670799155,4.011547911347338,4.133517733147811,4.118772261479716,3.9994580897535843
0.0001163031178110785,4.011664214465149,4.133636146530192,4.118890654429443,3.999574164772645
0.00011561976889762349,4.011779834234047,4.133753864192788,4.119008351779166,3.99968955777996
0.00011494042645310287,4.0118947746605,4.133870890214267,4.119125357606862,3.999804272774195
0.00011426506707046258,4.0120090397275705,4.1339872286495,4.119241675966684,3.9999183137306513
0.00011359366751051425,4.012122633395081,4.134102883529681,4.119357310889143,4.000031684601438
0.0001129262046593027,4.01223555959974,4.134217858862474,4.119472266381232,4.000144389315592
0.00011226265551567138,4.012347822255256,4.1343321586321515,4.119586546426502,4.000256431779196
0.00011160299725077039,4.012459425252507,4.134445786799713,4.11970015498532,4.000367815875545
0.00011094720712101491,4.012570372459628,4.134558747303046,4.119813095994861,4.000478545465239
0.00011029526256134403,4.012680667722189,4.134671044057039,4.119925373369357,4.000588624386353
0.00010964714109107376,4.01279031486328,4.1347826809537205,4.120036991000163,4.000698056454527
0.00010900282040804399,4.012899317683688,4.134893661862396,4.120147952755932,4.00080684546314
0.00010836227829447154,4.013007679961983,4.135003990629773,4.120258262482691,4.0009149951833995
0.00010772549269688625,4.01311540545468,4.135113671080094,4.120367924004051,4.001022509364497
0.00010709244166218213,4.013222497896342,4.135222707015276,4.120476941121263,4.001129391733718
0.00010646310338024989,4.013328960999722,4.1353311022150185,4.120585317613378,4.0012356459965766
0.00010583745616266071,4.013434798455885,4.135438860436955,4.120693057237374,4.001341275836944
0.00010521547845243617,4.013540013934337,4.135545985416759,4.120800163728323,4.001446284917173
0.00010459714880362014,4.013644611083141,4.13565248086831,4.120906640799419,4.001550676878214
0.00010398244590703598,4.013748593529048,4.135758350483756,4.1210124921422056,4.001654455339749
0.00010337134858140473,4.013851964877629,4.135863597933708,4.1211177214266606,4.0017576239003185
0.00010276383574314707,4.013954728713372,4.1359682268673135,4.121222332301295,4.001860186137421
0.00010215988646145036,4.014056888599834,4.1360722409124095,4.121326328393334,4.001962145607664
0.00010155947990586611,4.01415844807974,4.136175643675633,4.12142971330879,4.002063505846867
0.0001009625953800608,4.01425941067512,4.136278438742555,4.121532490632621,4.002164270370192
