diff_array,av_array
-0.0211852169158373,8.958835796591302
-0.020866458472299954,8.937969338119002
-0.020469229619418883,8.917500108499583
-0.020072391734618833,8.897427716764964
-0.019699714812531965,8.877728001952432
-0.019356641554171716,8.85837136039826
-0.01904266052044079,8.83932869987782
-0.018755510025204813,8.820573189852615
-0.01849257716871655,8.802080612683898
-0.01825133909861698,8.783829273585281
-0.01802948430701612,8.765799789278265
-0.01782493134223806,8.747974857936027
-0.01763581711916551,8.730339040816862
-0.01746047782127569,8.712878562995586
-0.017297429244282014,8.695581133751304
-0.017145348386634396,8.67843578536467
-0.017003056631258673,8.661432728733411
-0.016869504491074494,8.644563224242336
-0.016743757817376803,8.62781946642496
-0.016624985364146028,8.611194481060814
-0.016512447605546043,8.594682033455268
-0.016405486705441064,8.578276546749827
-0.016303517540613655,8.561973029209213
-0.01620601968168245,8.54576700952753
-0.01611253023981085,8.52965447928772
-0.016022637492849157,8.51363184179487
-0.015935975210618736,8.497695866584252
-0.015852217605402785,8.481843648978849
-0.015771074841156363,8.466072574137693
-0.015692289040005747,8.450380285097687
-0.015615630732449759,8.434764654365237
-0.015540895701873225,8.419223758663364
-0.015467902179860715,8.403755856483503
-0.01539648835372276,8.38835936812978
-0.015326510151137285,8.373032857978643
-0.015257839271425766,8.357775018707217
-0.015190361435788446,8.342584657271429
-0.015123974832295772,8.327460682439133
-0.015058588733731781,8.312402093705401
-0.014994122269351706,8.29740797143605
-0.014930503333028255,8.282477468103021
-0.01486766761284919,8.267609800490172
-0.014805557728642782,8.25280424276153
-0.014744122465238263,8.238060120296291
-0.014683316090962961,8.223376804205328
-0.014623097751787384,8.20875370645354
-0.014563430932833299,8.194190275520707
-0.014504282979478589,8.179685992541229
-0.014445624671846957,8.165240367869382
-0.014387429846200561,8.150852938023181
-0.014329675058629476,8.136523262964552
-0.014272339285758662,8.122250923678793
-0.014215403658838,8.108035520019955
-0.014158851227076497,8.093876668792879
-0.014102666747380255,8.079774002045498
-0.01404683649723637,8.065727165548262
-0.0139913481083358,8.051735817439926
-0.013936190418615269,8.037799627021311
-0.013881353340613245,8.023918273680698
-0.013826827744434667,8.010091445936263
-0.01377260535352498,7.996318840582738
-0.01371867865208376,7.982600161930654
-0.013665040802632866,7.9689351211280215
-0.01361168557256942,7.955323435555452
-0.01355860726902236,7.94176482828643
-0.01350580068069096,7.928259027605739
-0.013453261026151075,7.914805766579588
-0.013400983907872366,7.901404782671715
-0.013348965271271496,7.888055817400444
-0.013297201368177802,7.874758616032266
-0.013245688724437876,7.861512927307828
-0.013194424110965386,7.848318503196863
-0.013143404518046076,7.835175098678817
-0.0130926271323073,7.822082471546509
-0.013042089316408934,7.8090403822301
-0.012991788590742459,7.796048593639358
-0.012941722617287432,7.7831068710220705
-0.012891889185105754,7.770214981836965
-0.012842286197471076,7.757372695639494
-0.012792911660420181,7.7445797839790735
-0.012743763672453667,7.73183602030662
-0.012694840415417907,7.719141179891202
-0.012646140146374663,7.706495039744827
-0.012597661190347331,7.69389737855448
-0.012549401933716453,7.6813479766207635
-0.012501360818606422,7.668846615802157
-0.012453536337527105,7.65639307946463
-0.012405927028890318,7.64398715243574
-0.012358531472794532,7.631628620962945
-0.012311348287382451,7.619317272675563
-0.012264376125497023,7.607052896550066
-0.0122176136717691,7.594835282878297
-0.012171059639950244,7.582664223238346
-0.012124712770530621,7.570539510467816
-0.012078571828674889,7.558460938639141
-0.012032635602255759,7.546428303036885
-0.011986902900198437,7.534441400136687
-0.011941372550930751,7.522500027585756
