7.276745851986313,7.27679861117349,7.276862892603463,7.27679861117349,7.276745851986313
7.276693092799136,7.276885938888334,7.2769502215039035,7.276885938888334,7.276693092799136
7.276862886581837,7.277055739659088,7.277120024604036,7.277055739659088,7.276862886581837
7.277115153157224,7.27730801665402,7.277372305072202,7.27730801665402,7.277115153157224
7.27744989745491,7.277642774803096,7.277707067838472,7.277642774803096,7.27744989745491
7.277867126166269,7.27806002079815,7.278124319594844,7.27806002079815,7.277867126166269
7.2783668477446986,7.27855976309317,7.278624068795493,7.27855976309317,7.2783668477446986
7.27894907240595,7.279142011904609,7.279206325657111,7.279142011904609,7.27894907240595
7.279613812128523,7.279806779211793,7.279871102159298,7.279806779211793,7.279613812128523
7.280361080654133,7.28055407875738,7.280618412045027,7.28055407875738,7.280361080654133
7.281190893488242,7.281383926047896,7.281448270821178,7.281383926047896,7.281190893488242
7.282103267900661,7.282296338354334,7.282360695759142,7.282296338354334,7.282103267900661
7.283098222926218,7.283291334712832,7.283355705895483,7.283291334712832,7.283098222926218
7.284175779365499,7.284368935925391,7.284433322032686,7.284368935925391,7.284175779365499
7.285335959785647,7.285529164560703,7.285593566739952,7.285529164560703,7.285335959785647
7.286578788521243,7.286772044955011,7.28683646435408,7.286772044955011,7.286578788521243
7.287904291675243,7.288097603213053,7.288162040980403,7.288097603213053,7.287904291675243
7.289312497119987,7.289505867209077,7.289570324493804,7.289505867209077,7.289312497119987
7.290803434498283,7.290996866587914,7.291061344539786,7.290996866587914,7.290803434498283
7.292377135224554,7.292570632766129,7.292635132535632,7.292570632766129,7.292377135224554
7.2940336324860455,7.294227198933236,7.294291721671611,7.294227198933236,7.2940336324860455
7.295772961244119,7.29596660005298,7.29603114691226,7.29596660005298,7.295772961244119
7.297595158235599,7.297788872864691,7.2978534449977515,7.297788872864691,7.297595158235599
7.299500261974197,7.299694055884713,7.299758654445297,7.299694055884713,7.299500261974197
7.301488312752002,7.301682189407881,7.301746815550652,7.301682189407881,7.301488312752002
7.303559352641038,7.303753315509088,7.303817970389666,7.303753315509088,7.303559352641038
7.305713425494893,7.305907478044913,7.305972162819916,7.305907478044913,7.305713425494893
7.307950576950417,7.30814472265532,7.3082094384824,7.30814472265532,7.307950576950417
7.3102708544294845,7.310465096765418,7.310529844803308,7.310465096765418,7.3102708544294845
7.312674307140839,7.312868649587303,7.312933430995855,7.312868649587303,7.312674307140839
7.315160986081988,7.315355432121961,7.315420248062184,7.315355432121961,7.315160986081988
7.3177309440411795,7.317925497161243,7.317990348795347,7.317925497161243,7.3177309440411795
7.320384235599453,7.320578899289906,7.320643787781343,7.320578899289906,7.320384235599453
7.3231209171327425,7.323315694887733,7.323380621401235,7.323315694887733,7.3231209171327425
7.325941046814072,7.326135942131712,7.326200907833332,7.326135942131712,7.325941046814072
7.328844684615796,7.32903970099829,7.329104707055448,7.32903970099829,7.328844684615796
7.3318318923119365,7.332027033265698,7.332092080847215,7.332027033265698,7.3318318923119365
7.334902733480563,7.335098002516345,7.335163092792489,7.335098002516345,7.334902733480563
7.338057273506267,7.338252674139278,7.338317808281805,7.338252674139278,7.338057273506267
7.34129557958269,7.341491115332728,7.341556294514914,7.341491115332728,7.34129557958269
7.3446177207151315,7.344813395106697,7.344878620503399,7.344813395106697,7.3446177207151315
7.3480237677232285,7.348219584285655,7.348284857073331,7.348219584285655,7.3480237677232285
7.351513793243693,7.3517097555112665,7.351775076868033,7.3517097555112665,7.351513793243693
7.3550878717331365,7.355283983245226,7.3553493543508885,7.355283983245226,7.3550878717331365
7.358746079470956,7.358942343772137,7.359007765808235,7.358942343772137,7.358746079470956
7.3624884945623,7.362684915202473,7.362750389352328,7.362684915202473,7.3624884945623
7.366315196941093,7.366511777475616,7.366577304924363,7.366511777475616,7.366315196941093
7.37022626837314,7.370423012362955,7.3704885942975915,7.370423012362955,7.37022626837314
7.374221792459309,7.374418703471061,7.374484341080486,7.374418703471061,7.374221792459309
7.37830185463877,7.378498936244938,7.378564630719999,7.378498936244938,7.37830185463877
7.382466542192324,7.382663797971347,7.382729550504869,7.382663797971347,7.382466542192324
7.38671594424578,7.386913377782183,7.38697918956903,7.386913377782183,7.38671594424578
7.391050151773443,7.391247766657964,7.3913136388950615,7.391247766657964,7.391050151773443
7.395469257601625,7.395667057431345,7.3957329913177405,7.395667057431345,7.395469257601625
7.399973356412282,7.400171344790746,7.400237341527637,7.400171344790746,7.399973356412282
7.404562544746675,7.404760725284026,7.404826786074816,7.404760725284026,7.404562544746675
7.409236921009146,7.409435297322252,7.4095014233725776,7.409435297322252,7.409236921009146
7.413996585470934,7.414195161183518,7.414261353701305,7.414195161183518,7.413996585470934
7.418841640274095,7.419040419016859,7.41910667921236,7.419040419016859,7.418841640274095
7.423772189435464,7.423971174846226,7.424037503932062,7.423971174846226,7.423772189435464
7.428788338850726,7.428987534574539,7.429053933765748,7.428987534574539,7.428788338850726
7.433890196298527,7.434089605987819,7.434156076501895,7.434089605987819,7.433890196298527
7.439077871444689,7.439277498759391,7.439344041816328,7.439277498759391,7.439077871444689
7.444351475846486,7.444551324454157,7.444617941276494,7.444551324454157,7.444351475846486
7.44971112295699,7.449911196532955,7.44997788834582,7.449911196532955,7.44971112295699
7.4551569281295045,7.455357230356984,7.455423998388133,7.455357230356984,7.4551569281295045
7.46068900862207,7.460889543192311,7.460956388672179,7.460889543192311,7.46068900862207
7.46630748360204,7.46650825421445,7.466575178376188,7.46650825421445,7.46630748360204
7.47201247415074,7.472213484513016,7.472280488592545,7.472213484513016,7.47201247415074
7.477804103268199,7.478005357096467,7.478072442332512,7.478005357096467,7.477804103268199
7.4836824958779635,7.483883996896902,7.483951164531043,7.483883996896903,7.4836824958779635
7.489647778831975,7.489849530774959,7.489916782051673,7.489849530774963,7.489647778831975
7.495700080915541,7.495902087524769,7.495969423691482,7.495902087524786,7.495700080915541
7.501839532852379,7.502041797878996,7.50210922018613,7.50204179787906,7.501839532852379
7.508066267309727,7.508268794513931,7.508336304214989,7.5082687945141675,7.508066267309727
7.514380418903546,7.514583212054597,7.514650810406332,7.514583212055479,7.514380418903546
7.5207821242038,7.520985187079681,7.521052875342612,7.520985187082969,7.5207821242038
7.527271521739803,7.527474858125599,7.52754263756582,7.5274748581378645,7.527271521739802
7.533848752005659,7.534052365687117,7.534120237582916,7.5340523657328955,7.533848752005657
7.540513957465762,7.540717852204921,7.540785817871329,7.540717852375769,7.540513957465752
7.547267282560348,7.547471462004218,7.547539522884522,7.547471462641845,7.547267282560312
7.554108873710928,7.554313341050523,7.5543814990573805,7.554313343430217,7.55410887371079
7.561038879324539,7.561243636023352,7.56131189481044,7.561243644904627,7.561038879324025
7.568057449790816,7.5682624908466964,7.568330860546739,7.568262523992587,7.5680574497888955
7.575164737436318,7.575370033743414,7.5754385486054066,7.5753701574474945,7.575164737429149
7.58236089622836,7.582566329014333,7.582635112962683,7.58256679069147,7.582360896201593
7.58964608001394,7.589851197695715,7.5899207074604575,7.5898529207252015,7.589646079914004
7.5970204322042045,7.597223551943137,7.597295475452091,7.597229982477347,7.597020431831095
7.604484025538948,7.604678932581777,7.604759489424,7.6047029320378625,7.604484024145938
7.6120365106699195,7.612200445546809,7.612312399052879,7.612290014138972,7.612036505469073
7.619675066769178,7.6197256734874275,7.619951379894086,7.62005995326129,7.61967504735157
7.615799593345751,7.627027486565405,7.627659177381417,7.628275055219046,7.615844358266669
