6.611720916843417,6.611740696139745,6.611758534832629,6.611740696139745,6.611720916843417
6.611701137547088,6.611754653656368,6.61177249240974,6.611754653656368,6.611701137547088
6.611758534180204,6.611812051013037,6.611829890007595,6.611812051013037,6.611758534180204
6.611859370666055,6.611912888764542,6.611930728180986,6.611912888764542,6.611859370666055
6.612003647946203,6.612057167852466,6.612075007871507,6.612057167852466,6.612003647946203
6.612191367349019,6.612244889605213,6.612262730407567,6.612244889605213,6.612191367349019
6.612422530589701,6.612476055738018,6.612493897504417,6.612476055738018,6.612422530589701
6.612697139770298,6.61275066835298,6.612768511264175,6.61275066835298,6.612697139770298
6.613015197379753,6.613068729939099,6.6130865741758535,6.613068729939099,6.613015197379753
6.61337670629393,6.613430243372305,6.613448089115412,6.613430243372305,6.61337670629393
6.6137816697756735,6.613835211915517,6.613853059345788,6.613835211915517,6.6137816697756735
6.614230091474849,6.614283639218687,6.614301488516967,6.614283639218687,6.614230091474849
6.614721975428413,6.614775529318864,6.6147933806660255,6.614775529318864,6.614721975428413
6.61525732606047,6.6153108866402555,6.6153287402172065,6.6153108866402555,6.61525732606047
6.61583614818235,6.615889715994301,6.615907571981985,6.615889715994301,6.61583614818235
6.616458446992676,6.616512022579747,6.616529881159154,6.616512022579747,6.616458446992676
6.617124228077467,6.617177811982739,6.617195673334891,6.617177811982739,6.617124228077467
6.617833497410202,6.617887090176895,6.617904954482872,6.617887090176895,6.617833497410202
6.618586261351941,6.618639863523425,6.6186577309643475,6.618639863523425,6.618586261351941
6.619382526651415,6.619436138771212,6.619454009528257,6.619436138771212,6.619382526651415
6.620222300445133,6.620275923056935,6.620293797311333,6.620275923056935,6.620222300445133
6.621105590257507,6.621159223905179,6.621177101838219,6.621159223905179,6.621105590257507
6.622032404000967,6.622086049228556,6.622103931021588,6.622086049228556,6.622032404000967
6.623002749976087,6.623056407327834,6.623074293162273,6.623056407327834,6.623002749976087
6.6240166368717235,6.6240703068920705,6.624088196949399,6.6240703068920705,6.6240166368717235
6.625074073765156,6.625127756998757,6.625145651460526,6.625127756998757,6.625074073765156
6.626175070122234,6.626228767113959,6.626246666161793,6.626228767113959,6.626175070122234
6.62731963579752,6.6273733470924725,6.627391250908073,6.6273733470924725,6.62731963579752
6.6285077810344655,6.6285615071779835,6.628579415943133,6.6285615071779835,6.6285077810344655
6.6297395164655635,6.629793258003234,6.629811171899792,6.629793258003234,6.6297395164655635
6.631014853112525,6.631068610590189,6.631086529800108,6.631068610590189,6.631014853112525
6.6323338023864595,6.632387576350222,6.632405501055537,6.632387576350222,6.6323338023864595
6.6336963760880545,6.6337501670842975,6.633768097467134,6.6337501670842975,6.6336963760880545
6.6351025864077675,6.635156394983156,6.635174331225738,6.635156394983156,6.6351025864077675
6.6365524459260286,6.636606272627517,6.636624214912162,6.636606272627517,6.6365524459260286
6.638045967613435,6.63809981298828,6.63811776149741,6.63809981298828,6.638045967613435
6.6395831648309676,6.639637029426736,6.639654984342876,6.639637029426736,6.6395831648309676
6.641164051330204,6.641217935694783,6.641235897200559,6.641217935694783,6.641164051330204
6.6427886412535395,6.642842545935144,6.642860514213298,6.642842545935144,6.6427886412535395
6.644456949134422,6.644510874681605,6.644528849914987,6.644510874681605,6.644456949134422
6.6461689898975775,6.646222936859237,6.6462409192308165,6.646222936859237,6.6461689898975775
6.6479247788592595,6.647978747784653,6.647996737477513,6.647978747784653,6.6479247788592595
6.649724331727493,6.649778323166238,6.649796320363588,6.649778323166238,6.649724331727493
6.651567664602329,6.65162167910442,6.651639683989592,6.65162167910442,6.651567664602329
6.653454793976104,6.653508832091919,6.653526844848374,6.653508832091919,6.653454793976104
6.655385736733711,6.65543979901402,6.655457819825347,6.65543979901402,6.655385736733711
6.657360510152868,6.65741459714884,6.657432626198764,6.65741459714884,6.657360510152868
6.659379131904395,6.6594332441676105,6.659451281639996,6.6594332441676105,6.659379131904395
6.66144162005251,6.661495758134972,6.661513804213813,6.661495758134972,6.66144162005251
6.663547993055106,6.663602157509244,6.663620212378692,6.663602157509244,6.663547993055106
6.665698269764066,6.665752461142749,6.665770524987091,6.665752461142749,6.665698269764066
6.667892469425559,6.6679466882821,6.667964761285777,6.6679466882821,6.667892469425559
6.670130611680348,6.67018485856852,6.670202940916123,6.67018485856852,6.670130611680348
6.672412716564115,6.672466992038157,6.672485083914431,6.672466992038157,6.672412716564115
6.674738804507783,6.674793109122405,6.674811210712258,6.674793109122405,6.674738804507783
6.677108896337842,6.677163230648244,6.677181342136741,6.677163230648244,6.677108896337842
6.679523013276695,6.679577377838563,6.679595499410936,6.679577377838563,6.679523013276695
6.6819811769429895,6.682035572312518,6.682053704154162,6.682035572312518,6.6819811769429895
6.684483409351981,6.684537836085872,6.68455597838236,6.684537836085872,6.684483409351981
6.687029732915874,6.687084191571354,6.687102344508426,6.687084191571354,6.687029732915874
6.689620170444197,6.689674661579021,6.689692825342598,6.689674661579021,6.689620170444197
6.692254745144166,6.692309269316629,6.692327444092809,6.692309269316629,6.692254745144166
6.694933480621059,6.6949880383900044,6.69500622436507,6.6949880383900044,6.694933480621059
6.6976564008786035,6.697710992803433,6.697729190163853,6.697710992803433,6.6976564008786035
6.700423530319359,6.700478156960041,6.700496365892471,6.700478156960041,6.700423530319359
6.703234893745111,6.703289555662193,6.703307776353483,6.703289555662193,6.703234893745111
6.706090516357281,6.706145214111893,6.70616344674909,6.706145214111893,6.706090516357281
6.708990423757325,6.709045157911195,6.70906340268154,6.709045157911195,6.708990423757325
6.711934641947151,6.711989413062611,6.712007670153551,6.711989413062611,6.711934641947151
6.714923197329544,6.71497800596954,6.714996275568722,6.71497800596954,6.714923197329544
6.717956116708583,6.718010963436683,6.718029245731969,6.718010963436685,6.717956116708583
6.72103342729009,6.721088312670492,6.721106607849949,6.7210883126705,6.72103342729009
6.724155156682051,6.724210081279596,6.724228389531515,6.7242100812796215,6.724155156682051
6.727321332895083,6.7273762972752404,6.727394618788143,6.727376297275333,6.727321332895083
6.730531984342871,6.7305869890717025,6.730605324034406,6.730586989072053,6.730531984342871
6.733787139842638,6.733842185486623,6.733860534088418,6.733842185487928,6.733787139842638
6.737086828615609,6.737141915740945,6.737160278172309,6.737141915745822,6.737086828615609
6.740431080287478,6.7404862094574876,6.740504585912696,6.740486209475685,6.740431080287478
6.743819924888897,6.743875096654281,6.7438934873411585,6.743875096722194,6.743819924888896
6.747253392855947,6.7473086077184155,6.747327012894722,6.747308607971876,6.747253392855942
6.750731515030596,6.750786773307144,6.7508051934163085,6.750786774253076,6.75073151503058
6.754254322660969,6.754309623977514,6.754328060154999,6.754309627507798,6.75425432266091
6.757821847400508,6.757877188803271,6.7578956447651795,6.757877201978532,6.7578218474002885
6.7614341213006055,6.761489490214561,6.761507979299073,6.761489539385543,6.761434121299787
6.765091176764995,6.765146524754605,6.765165096160823,6.765146708264097,6.765091176761941
6.768793046280756,6.768848191358287,6.768867027836301,6.768848876228368,6.768793046269356
6.772539760845473,6.772594024248977,6.77261380531581,6.772596580231355,6.772539760802919
6.776331340788057,6.7763821993972755,6.776405448898368,6.776391738499805,6.776331340629209
6.7801677422309,6.780205845833928,6.780241914592373,6.78024144642257,6.780167741637937
6.7840485449146835,6.784039391579078,6.784122781712822,6.784172255431741,6.784048542701208
6.7879711322147065,6.787788260621502,6.788045432058878,6.7882841176855795,6.787971123951992
6.785968112272524,6.791104955701993,6.79199443736397,6.792955528475048,6.7860345359325684
