5.345896417045092,5.345908567410529,5.3459208706266015,5.345908567410529,5.345896417045092
5.345884266679656,5.3459211763775425,5.345933479641139,5.3459211763775425,5.345884266679656
5.345920870258555,5.345957780371272,5.345970083773144,5.345957780371272,5.345920870258555
5.345981468863347,5.346018379663157,5.346030683294063,5.346018379663157,5.345981468863347
5.346066062945343,5.346102974704516,5.34611527865521,5.346102974704516,5.346066062945343
5.346174653135726,5.346211566126547,5.346223870487792,5.346211566126547,5.346174653135726
5.346307240245575,5.346344154740342,5.346356459602903,5.346344154740342,5.346307240245575
5.346463825265857,5.3465007415368895,5.346513046991544,5.3465007415368895,5.346463825265857
5.346644409367455,5.3466813276870955,5.346693633824621,5.3466813276870955,5.346644409367455
5.346848993901177,5.346885914541794,5.346898221452983,5.346885914541794,5.346848993901177
5.347077580397775,5.347114503631768,5.347126811407418,5.347114503631768,5.347077580397775
5.347330170567962,5.347367096667764,5.347379405398687,5.347367096667764,5.347330170567962
5.34760676630244,5.34764369554052,5.347656005317542,5.34764369554052,5.34760676630244
5.347907369671922,5.34794430232079,5.347956613234747,5.34794430232079,5.347907369671922
5.348231982927154,5.348268919259366,5.34828123140111,5.348268919259366,5.348231982927154
5.348580608498953,5.348617548787114,5.348629862247513,5.348617548787114,5.348580608498953
5.348953248998234,5.348990193514998,5.349002508384936,5.348990193514998,5.348953248998234
5.349349907216046,5.349386856234123,5.349399172604506,5.349386856234123,5.349349907216046
5.349770586123607,5.349807539915764,5.349819857877515,5.349807539915764,5.349770586123607
5.350215288872342,5.350252247711411,5.350264567355472,5.350252247711411,5.350215288872342
5.350684018793928,5.350720982952804,5.350733304370143,5.350720982952804,5.350684018793928
5.351176779400334,5.351213749151983,5.351226072433587,5.351213749151983,5.351176779400334
5.351693574383867,5.351730550001327,5.351742875238211,5.351730550001327,5.351693574383867
5.352234407617222,5.352271389373609,5.3522837166568085,5.352271389373609,5.352234407617222
5.352799283153533,5.35283627132204,5.352848600742624,5.35283627132204,5.352799283153533
5.353388205226424,5.353425200080331,5.35343753172939,5.353425200080331,5.353388205226424
5.354001178250067,5.354038180062737,5.354050514031396,5.354038180062737,5.354001178250067
5.354638206819237,5.354675215864127,5.354687552243535,5.354675215864127,5.354638206819237
5.35529929570937,5.355336312260031,5.355348651141375,5.355336312260031,5.35529929570937
5.355984449876635,5.356021474206713,5.356033815681206,5.356021474206713,5.355984449876635
5.356693674457986,5.3567307068412315,5.356743051000126,5.3567307068412315,5.356693674457986
5.357426974771241,5.357464015481507,5.3574763624160875,5.357464015481507,5.357426974771241
5.3581843563151415,5.3582214056263915,5.358233755427977,5.3582214056263915,5.3581843563151415
5.358965824769432,5.359002882955739,5.359015235715692,5.359002882955739,5.358965824769432
5.359771385994931,5.359808453330485,5.359820809140199,5.359808453330485,5.359771385994931
5.360601046033605,5.360638122792717,5.360650481743632,5.360638122792717,5.360601046033605
5.361454811108656,5.361491897565757,5.361504259749348,5.361491897565757,5.361454811108656
5.362332687624592,5.36236978405424,5.36238214956203,5.36236978405424,5.362332687624592
5.36323468216732,5.363271788844203,5.363284157767752,5.363271788844203,5.36323468216732
5.364160801504224,5.364197918703165,5.364210291134082,5.364197918703165,5.364160801504224
5.365111052584263,5.365148180580221,5.365160556610159,5.365148180580221,5.365111052584263
5.366085442538052,5.366122581606126,5.366134961326785,5.366122581606126,5.366085442538052
5.367083978677961,5.367121129093395,5.367133512596526,5.367121129093395,5.367083978677961
5.368106668498213,5.368143830536399,5.368156217913795,5.368143830536399,5.368106668498213
5.369153519674976,5.369190693611456,5.369203084954968,5.369190693611456,5.369153519674976
5.370224540066463,5.3702617261769365,5.370274121578465,5.3702617261769365,5.370224540066463
5.371319737713043,5.371356936273366,5.371369335824862,5.371356936273366,5.371319737713043
5.372439120837339,5.372476332123531,5.372488735917003,5.372476332123531,5.372439120837339
5.373582697844337,5.373619922132583,5.37363233026009,5.373619922132583,5.373582697844337
5.374750477321497,5.374787714888151,5.374800127441816,5.374787714888151,5.374750477321497
5.375942468038866,5.375979719160455,5.37599213623245,5.375979719160455,5.375942468038866
5.377158678949187,5.377195943902418,5.3772083655849805,5.377195943902418,5.377158678949187
5.378399119188028,5.378436398249784,5.378448824635209,5.378436398249784,5.378399119188028
5.379663798073891,5.379701091521239,5.379713522701882,5.379701091521239,5.379663798073891
5.380952725108336,5.3809900332185325,5.3810024692868135,5.3809900332185325,5.380952725108336
5.382265909976106,5.3823032330266,5.382315674075001,5.3823032330266,5.382265909976106
5.383603362545258,5.3836407008136895,5.383653146934759,5.3836407008136895,5.383603362545258
5.384965092867286,5.385002446631496,5.3850148979178485,5.385002446631496,5.384965092867286
5.386351111177255,5.386388480715286,5.386400937259602,5.386388480715286,5.386351111177255
5.387761427893937,5.387798813484039,5.387811275379067,5.387798813484039,5.387761427893937
5.389196053619945,5.389233455540572,5.389245922879134,5.389233455540572,5.389196053619945
5.39065499914187,5.390692417671694,5.390704890546679,5.390692417671694,5.39065499914187
5.392138275430427,5.392175710848334,5.392188189352705,5.392175710848334,5.392138275430427
5.393645893640592,5.393683346225691,5.393695830452485,5.393683346225691,5.393645893640592
5.39517786511176,5.395215335143382,5.395227825185708,5.395215335143382,5.39517786511176
5.396734201367879,5.396771689125581,5.396784185076628,5.396771689125581,5.396734201367879
5.3983149141176066,5.398352419881182,5.398364921834212,5.398352419881182,5.3983149141176066
5.39992001525447,5.399957539303942,5.399970047352296,5.399957539303942,5.39992001525447
5.40154951685701,5.401587059472643,5.4015995737097455,5.401587059472643,5.40154951685701
5.403203431188949,5.403240992651249,5.4032535131706005,5.403240992651249,5.403203431188949
5.404881770699349,5.404919351289065,5.40493187818425,5.404919351289067,5.404881770699349
5.406584548022768,5.4066221480209,5.406634681385592,5.406622148020908,5.406584548022768
5.4083117759794375,5.4083493956672335,5.408361935595188,5.40834939566726,5.4083117759794375
5.410063467575416,5.410101107234361,5.410113653819444,5.410101107234462,5.410063467575416
5.4118396360027745,5.41187729591454,5.411889849250776,5.411877295914917,5.4118396360027745
5.413640294639759,5.413677975086002,5.413690535267781,5.413677975087411,5.413640294639759
5.415465457050968,5.415503158312585,5.41551572543542,5.415503158317843,5.415465457050967
5.417315136987532,5.417352859341843,5.417365433505183,5.417352859361464,5.417315136987531
5.4191893483872935,5.419227092097529,5.419239673415278,5.419227092170753,5.419189348387293
5.421088105374993,5.421125870651051,5.42113845929082,5.421125870924325,5.421088105374989
5.423011422262467,5.423049209114431,5.423061805444017,5.423049210134311,5.4230114222624515
5.424959313548922,5.424997121240314,5.425009726374448,5.424997125046576,5.4249593135488645
5.42693179392161,5.426969618928458,5.426982236769708,5.426969633133681,5.426931793921393
5.428928878258764,5.42896670665041,5.428979351508266,5.428966759665253,5.428928878257957
5.430950581645706,5.430988360635887,5.431001085675246,5.430988558490846,5.43095058164269
5.432996919466981,5.43303445116178,5.433047454653387,5.433035189569781,5.432996919455723
5.435067907940072,5.435104452338635,5.435118474652321,5.435107208126928,5.43506790789805
5.437163567215768,5.43719635790465,5.437214165792412,5.437206642691798,5.437163567058916
5.439283939413026,5.439302628430944,5.43933457007777,5.4393410119479375,5.439283938827554
5.441429193603918,5.441395028340827,5.441479856149834,5.4415382782065365,5.441429191418544
5.440340579725607,5.4433678170432955,5.443650929835773,5.44390243517232,5.440359769298803
