6.634535292204506,6.634555166760823,6.634573099810709,6.634555166760823,6.634535292204506
6.63451541764819,6.634569216828879,6.634587149939717,6.634569216828879,6.63451541764819
6.634573099154254,6.634626899063015,6.634644832416544,6.634626899063015,6.634573099154254
6.634674412839134,6.634728214021198,6.634746147799163,6.634728214021198,6.634674412839134
6.63481935964976,6.634873162650377,6.634891097034531,6.634873162650377,6.63481935964976
6.635007940922055,6.6350617462865085,6.6350796814586115,6.6350617462865085,6.635007940922055
6.635240158380953,6.635293966654566,6.635311902796392,6.635293966654566,6.635240158380953
6.635516014140432,6.635569825868574,6.635587763161918,6.635569825868574,6.635516014140432
6.6358355107035445,6.635889326431644,6.635907265058313,6.635889326431644,6.6358355107035445
6.636198650962455,6.636252471236007,6.636270411377836,6.636252471236007,6.636198650962455
6.6366054381984965,6.6366592635630735,6.636677205401917,6.6366592635630735,6.6366054381984965
6.6370558760822105,6.637109707083468,6.637127650801216,6.637109707083468,6.6370558760822105
6.637549968673418,6.637603805857105,6.637621751635675,6.637603805857105,6.637549968673418
6.638087720421274,6.638141564333247,6.638159512354589,6.638141564333247,6.638087720421274
6.638669136164352,6.638722987350574,6.638740937796679,6.638722987350574,6.638669136164352
6.639294221130711,6.639348080137271,6.639366033190167,6.639348080137271,6.639294221130711
6.639962980937984,6.640016848311097,6.640034804152862,6.640016848311097,6.639962980937984
6.640675421593474,6.6407292978794965,6.6407472566922445,6.6407292978794965,6.640675421593474
6.641431549494237,6.641485435239675,6.64150339720558,6.641485435239675,6.641431549494237
6.642231371427205,6.64228526717872,6.642303232480001,6.64228526717872,6.642231371427205
6.643074894569277,6.6431288008737,6.643146769692633,6.6431288008737,6.643074894569277
6.643962126487449,6.644016043891782,6.644034016410706,6.644016043891782,6.643962126487449
6.644893075138927,6.64494700419036,6.644964980591672,6.64494700419036,6.644893075138927
6.645867748871261,6.645921690117179,6.645939670583338,6.645921690117179,6.645867748871261
6.646886156422476,6.6469401104104655,6.646958095124004,6.6469401104104655,6.646886156422476
6.647948306921222,6.648002274199078,6.6480202633425955,6.648002274199078,6.647948306921222
6.6490542098869065,6.64910819100265,6.649126184758821,6.64910819100265,6.6490542098869065
6.6502038752298605,6.650257870731742,6.650275869283316,6.650257870731742,6.6502038752298605
6.651397313251499,6.651451323688006,6.651469327217814,6.651451323688006,6.651397313251499
6.65263453464448,6.65268856056435,6.652706569255306,6.65268856056435,6.65263453464448
6.653915550492882,6.65396959244511,6.6539876064802135,6.65396959244511,6.653915550492882
6.655240372272385,6.655294430806232,6.655312450368572,6.655294430806232,6.655240372272385
6.656609011850453,6.656663087515456,6.65668111278821,6.656663087515456,6.656609011850453
6.658021481486523,6.658075574832505,6.65809360599895,6.658075574832505,6.658021481486523
6.659477793832213,6.659531905409291,6.6595499426527995,6.659531905409291,6.659477793832213
6.66097796193152,6.661032092290112,6.661050135794158,6.661032092290112,6.66097796193152
6.662521999221028,6.6625761489118664,6.662594198860028,6.6625761489118664,6.662521999221028
6.664109919530134,6.664164089104271,6.664182145680233,6.664164089104271,6.664109919530134
6.665741737081262,6.665795927090084,6.665813990477643,6.665795927090084,6.665741737081262
6.667417466490106,6.6674716774853335,6.667489747868398,6.6674716774853335,6.667417466490106
6.66913712276585,6.669191355299557,6.669209432862153,6.669191355299557,6.66913712276585
6.670900721311426,6.670954975936045,6.670973060862315,6.670954975936045,6.670900721311426
6.672708277923756,6.672762555192084,6.672780647666295,6.672762555192084,6.672708277923756
6.674559808794007,6.674614109259217,6.674632209465764,6.674614109259217,6.674559808794007
6.676455330507855,6.676509654723509,6.676527762846911,6.676509654723509,6.676455330507855
6.678394860045753,6.678449208565805,6.6784673247907165,6.678449208565805,6.678394860045753
6.680378414783208,6.680432788162017,6.680450912673223,6.680432788162017,6.680378414783208
6.682406012491055,6.682460411283396,6.682478544265822,6.682460411283396,6.682406012491055
6.684477671335757,6.684532096096822,6.684550237735535,6.684532096096822,6.684477671335757
6.686593409879686,6.686647861165102,6.686666011645312,6.686647861165102,6.686593409879686
6.688753247081429,6.688807725447266,6.688825884954331,6.688807725447266,6.688753247081429
6.690957202296102,6.691011708298876,6.6910298770183,6.691011708298876,6.690957202296102
6.693205295275648,6.693259829472337,6.693278007589783,6.693259829472337,6.693205295275648
6.695497546169172,6.695552109117223,6.695570296818504,6.695552109117223,6.695497546169172
6.697833975523255,6.697888567780591,6.697906765251687,6.697888567780591,6.697833975523255
6.700214604282296,6.70026922640733,6.700287433834375,6.70026922640733,6.700214604282296
6.702639453788845,6.702694106340482,6.7027123239097826,6.702694106340482,6.702639453788845
6.7051085457839505,6.705163229321607,6.705181457219633,6.705163229321607,6.7051085457839505
6.7076219024075145,6.707676617491119,6.707694855904515,6.707676617491119,6.7076219024075145
6.710179546198644,6.710234293388648,6.710252542504236,6.710234293388648,6.710179546198644
6.712781500096024,6.712836279953417,6.712854539958189,6.712836279953417,6.712781500096024
6.715427787438281,6.715482600524593,6.71550087160573,6.715482600524593,6.715427787438281
6.718118431964369,6.718173278841682,6.7181915611865435,6.718173278841682,6.718118431964369
6.720853457813945,6.720908339044906,6.720926632841042,6.720908339044906,6.720853457813945
6.723632889527772,6.723687805675592,6.723706111110744,6.723687805675592,6.723632889527772
6.726456752048101,6.72651170367658,6.726530020938678,6.72651170367658,6.726456752048101
6.729325070719086,6.729380058392609,6.729398387669786,6.729380058392609,6.729325070719086
6.732237871287195,6.7322928955707475,6.73231123705133,6.7322928955707475,6.732237871287195
6.73519517990162,6.735250241360795,6.7352685952333164,6.735250241360795,6.73519517990162
6.738197023114703,6.738252122315712,6.738270488768913,6.738252122315712,6.738197023114703
6.741243427882369,6.741298565392055,6.741316944614878,6.741298565392055,6.741243427882369
6.74433442156456,6.744389597950398,6.744407990132009,6.7443895979504,6.74433442156456
6.747470031925682,6.74752524775579,6.747543653085563,6.747525247755802,6.747470031925682
6.750650287135044,6.7507055429781895,6.750723961645734,6.750705542978234,6.750650287135044
6.75387521576733,6.753930512192911,6.753948944388087,6.753930512193078,6.75387521576733
6.757144846803047,6.757200184381016,6.757218630294031,6.757200184381641,6.757144846803047
6.760459209629005,6.760514588929544,6.76053304875129,6.76051458893187,6.760459209629005
6.763818334038789,6.7638737556310655,6.76389222955437,6.76387375563975,6.763818334038789
6.767222250233243,6.767277714680773,6.767296202905054,6.767277714713183,6.767222250233242
6.770670988820955,6.770726496664239,6.770744999412882,6.770726496785196,6.770670988820953
6.77416458081877,6.7742201325104645,6.774238650095658,6.774220132961882,6.774164580818762
6.77770305765231,6.777758653315256,6.777777186379977,6.777758654999976,6.777703057652282
6.781286451156675,6.78134208968063,6.781360640101905,6.781342095968123,6.7812864511565705
6.784914793577962,6.784970469247711,6.784989043508466,6.784970492713069,6.784914793577571
6.788588117579617,6.788643807485888,6.78866242926383,6.78864389506022,6.788588117578158
6.792306456276594,6.792362073303976,6.792380830482912,6.792362400137413,6.792306456271147
6.79606984343067,6.796125060638007,6.796144280924533,6.796126280402916,6.7960698434103355
6.799878314581835,6.7999319088026775,6.799952816114814,6.799936461049377,6.799878314505927
6.803731913623105,6.803779310054541,6.803806479892078,6.803796299352957,6.803731913339748
6.807630731056353,6.807654806373362,6.807705362550788,6.807718211606,6.807630729998605
6.811575126728086,6.8115116926237445,6.81164982315828,6.811748325322281,6.811575122779606
6.8095776186333925,6.8151748873648454,6.815641785310412,6.8160580169071325,6.809609317300151
