8.156058228716876,8.156077813845261,8.156100928530108,8.156077813845261,8.156058228716876
8.156038643588493,8.156107987830602,8.156131102644432,8.156107987830602,8.156038643588493
8.15610092782956,8.156170272880981,8.156193387964583,8.156170272880981,8.15610092782956
8.156195323113371,8.156264669396489,8.156287784890658,8.156264669396489,8.156195323113371
8.156321830077047,8.156391178014253,8.156414294059786,8.156391178014253,8.156321830077047
8.15648044959473,8.156549799608435,8.156572916346137,8.156549799608435,8.15648044959473
8.156671182777611,8.156740535290252,8.15676365286094,8.156740535290252,8.156671182777611
8.156894030973948,8.156963386407991,8.156986504952481,8.156963386407991,8.156894030973948
8.157148995769072,8.157218354547016,8.157241474206145,8.157218354547016,8.157148995769072
8.157436078985416,8.1575054415298,8.157528562444416,8.1575054415298,8.157436078985416
8.157755282682535,8.157824649415943,8.157847771726907,8.157824649415943,8.157755282682535
8.158106609157134,8.1581759805022,8.15819910435039,8.1581759805022,8.158106609157134
8.1584900609431,8.15855943732251,8.158582562848823,8.15855943732251,8.1584900609431
8.158905640811534,8.158975022648034,8.158998149993385,8.158975022648034,8.158905640811534
8.15935335177078,8.159422739487184,8.159445868792512,8.159422739487184,8.15935335177078
8.159833197066478,8.159902591085666,8.15992572249193,8.159902591085666,8.159833197066478
8.160345180181594,8.16041458092652,8.160437714574709,8.16041458092652,8.160345180181594
8.160889304836465,8.160958712730167,8.160981848761294,8.160958712730167,8.160889304836465
8.161465574988862,8.161534990454465,8.161558129009567,8.161534990454465,8.161465574988862
8.162073994834028,8.162143418294736,8.162166559514887,8.162143418294736,8.162073994834028
8.162714568804732,8.162784000683855,8.162807144710158,8.162784000683855,8.162714568804732
8.163387301571335,8.163456742292277,8.163479889265869,8.163456742292277,8.163387301571335
8.164092198041846,8.164161648028118,8.164184798090165,8.164161648028118,8.164092198041846
8.164829263361982,8.164898723037208,8.16492187632892,8.164898723037208,8.164829263361982
8.165598502915245,8.165667972703158,8.165691129365783,8.165667972703158,8.165598502915245
8.166399922322983,8.166469402647442,8.166492562822263,8.166469402647442,8.166399922322983
8.167233527444466,8.167303018729452,8.167326182557801,8.167303018729452,8.167233527444466
8.168099324376959,8.168168827046589,8.168191994669836,8.168168827046589,8.168099324376959
8.168997319455812,8.169066833934332,8.169090005493896,8.169066833934332,8.168997319455812
8.16992751925453,8.16999704596633,8.17002022160367,8.16999704596633,8.16992751925453
8.170889930584861,8.170959469954477,8.170982649811112,8.170959469954477,8.170889930584861
8.171884560496895,8.171954112949011,8.171977297166498,8.171954112949011,8.171884560496895
8.172911416279137,8.172980982238597,8.173004170958553,8.172980982238597,8.172911416279137
8.173970505458614,8.174040085350425,8.17406327871452,8.174040085350425,8.173970505458614
8.175061835800983,8.17513143005031,8.175154628200266,8.17513143005031,8.175061835800983
8.176185415310606,8.17625502434279,8.176278227420388,8.17625502434279,8.176185415310606
8.177341252230669,8.177410876471232,8.17743408461831,8.177410876471232,8.177341252230669
8.178529355043297,8.178598994917932,8.178622208276394,8.178598994917932,8.178529355043297
8.179749732469643,8.17981938840424,8.179842607116049,8.17981938840424,8.179749732469643
8.181002393470026,8.18107206589066,8.18109529009784,8.18107206589066,8.181002393470026
8.182287347244024,8.182357036576972,8.182380266421616,8.182357036576972,8.182287347244024
8.183604603230613,8.183674309902349,8.183697545526616,8.183674309902349,8.183604603230613
8.184954171108274,8.185023895545482,8.185047137091603,8.185023895545482,8.184954171108274
8.186336060795133,8.186405803424709,8.186429051034978,8.186405803424709,8.186336060795133
8.187750282449073,8.187820043698132,8.187843297514924,8.187820043698132,8.187750282449073
8.18919684646789,8.189266626763764,8.189289886929524,8.189266626763764,8.18919684646789
8.190675763489402,8.190745563259657,8.190768829916907,8.190745563259657,8.190675763489402
8.192187044391604,8.192256864064035,8.192280137355374,8.192256864064035,8.192187044391604
8.193730700292804,8.193800540295443,8.193823820363551,8.193800540295443,8.193730700292804
8.195306742551766,8.195376603312894,8.19539989030053,8.195376603312894,8.195306742551766
8.196915182767869,8.196985064716008,8.197008358766015,8.196985064716008,8.196915182767869
8.198556032781235,8.198625936345168,8.19864923760047,8.198625936345168,8.198556032781235
8.200229304672911,8.200299230281672,8.200322538885285,8.200299230281672,8.200229304672911
8.201935010765,8.202004958847889,8.202028274942915,8.202004958847889,8.201935010765
8.20367316362084,8.203743134607427,8.203766458337054,8.203743134607427,8.20367316362084
8.205443776045156,8.205513770365286,8.205537101872796,8.205513770365286,8.205443776045156
8.207246861084233,8.20731687916803,8.2073402185968,8.20731687916803,8.207246861084233
8.209082432026086,8.209152474303957,8.209175821797455,8.209152474303957,8.209082432026086
8.210950502400625,8.211020569303269,8.211043925005061,8.211020569303269,8.210950502400625
8.212851085979842,8.212921177938249,8.212944541992002,8.212921177938249,8.212851085979842
8.214784196777982,8.214854314223443,8.214877686772923,8.214854314223443,8.214784196777982
8.216749849051725,8.21681999241584,8.216843373604911,8.21681999241584,8.216749849051725
8.218748057300381,8.218818227015056,8.218841616987685,8.218818227015056,8.218748057300381
8.220778836266062,8.220849032763523,8.220872431663791,8.220849032763523,8.220778836266062
8.222842200933897,8.222912424646685,8.222935832618768,8.222912424646685,8.222842200933897
8.2249381665322,8.225008417893186,8.225031835081381,8.225008417893186,8.2249381665322
8.22706674853269,8.227137027975076,8.227160454523782,8.227137027975076,8.22706674853269
8.229227962650684,8.229298270608009,8.229321706661736,8.229298270608009,8.229227962650684
8.231421824845297,8.23149216175144,8.23151560745482,8.23149216175144,8.231421824845297
8.23364835131966,8.233718717608848,8.233742173106624,8.233718717608848,8.23364835131966
8.235907558521124,8.235977954627934,8.236001420064964,8.235977954627938,8.235907558521124
8.238199463141466,8.238269889500838,8.238293365022106,8.238269889500847,8.238199463141466
8.240524082117137,8.240594539164356,8.24061802491497,8.240594539164388,8.240524082117137
8.242881432629437,8.242951920800147,8.242975416925358,8.242951920800257,8.242881432629437
8.245271532104779,8.245342051834905,8.245365558480174,8.245342051835319,8.245271532104779
8.247694398214893,8.247764949940445,8.247788467251656,8.247764949941988,8.247694398214893
8.250150048877066,8.250220633033303,8.250244161157605,8.250220633039062,8.250150048877066
8.25263850225437,8.252709119272726,8.252732658361605,8.252709119294225,8.252638502254369
8.255159776755898,8.25523042705247,8.255253977273284,8.255230427132705,8.255159776755896
8.257713891036985,8.257784574969591,8.257808136548501,8.257784575269035,8.25771389103698
8.260300863999348,8.260371581707302,8.260395155089514,8.260371582824844,8.260300863999328
8.262920714790715,8.262991465597437,8.26301505204458,8.262991469768178,8.26292071479064
8.265573462801479,8.265644242988094,8.265667846804597,8.265644258553579,8.2655734628012
8.268259127643946,8.26832992215851,8.268353558982218,8.268329980249984,8.268259127642901
8.270977729029836,8.271048480652565,8.271072208288981,8.271048697453976,8.270977729025939
8.27372928605439,8.273799780943312,8.273823813817863,8.273800590061224,8.27372928603984
8.276513813019223,8.276583257190907,8.27660838986052,8.276586276875118,8.276513812964916
8.279331295072913,8.279396754970088,8.279425921527007,8.279408024641175,8.279331294870207
8.282181546187859,8.282232252162462,8.282276222645685,8.28227431135728,8.282181545431248
8.285063381219492,8.285060186924548,8.28515810754072,8.285217154759382,8.285063378395398
8.28360045301513,8.287772704841291,8.288064563789725,8.28835851969809,8.283621479792188
