9.701220512424168,9.701249450433755,9.701280152815071,9.701249450433755,9.701220512424168
9.701191574414581,9.701283681750228,9.701314384291814,9.701283681750228,9.701191574414581
9.701280151710273,9.701372260299777,9.70140296325932,9.701372260299777,9.701280151710273
9.701423076225604,9.701515186842029,9.701545890477213,9.701515186842029,9.701423076225604
9.701620349208701,9.701712462625144,9.701743167193674,9.701712462625144,9.701620349208701
9.701871972396246,9.701964089385847,9.701994795145433,9.701964089385847,9.701871972396246
9.702177948013489,9.702270069349433,9.70230077655781,9.702270069349433,9.702177948013489
9.70253827877428,9.702630405229831,9.702661114144753,9.702630405229831,9.70253827877428
9.702952967881133,9.703045100229623,9.703075811108869,9.703045100229623,9.702952967881133
9.703422019025249,9.703514158040107,9.703544871141485,9.703514158040107,9.703422019025249
9.703945436386599,9.704037582841345,9.704068298422701,9.704037582841345,9.703945436386599
9.70452322463396,9.704615379302238,9.704646097621454,9.704615379302238,9.70452322463396
9.705155388925021,9.705247552580598,9.705278273895594,9.705247552580598,9.705155388925021
9.705841934906445,9.705934108323218,9.705964832891965,9.705934108323218,9.705841934906445
9.706582868713951,9.706675052665972,9.706705780746487,9.706675052665972,9.706582868713951
9.707378196972432,9.707470392233912,9.707501124084267,9.707470392233912,9.707378196972432
9.708227926796036,9.70832013414136,9.708350870019682,9.70832013414136,9.708227926796036
9.709132065788296,9.709224285992029,9.709255026156512,9.709224285992029,9.709132065788296
9.710090622042234,9.71018285587914,9.710213600588038,9.71018285587914,9.710090622042234
9.711103604140499,9.711195852385547,9.711226601897184,9.711195852385547,9.711103604140499
9.71217102115549,9.712263284583873,9.712294039156653,9.712263284583873,9.71217102115549
9.713292882649512,9.713385162036655,9.713415921929045,9.713385162036655,9.713292882649512
9.714469198674912,9.71456149479648,9.714592260267043,9.71456149479648,9.714469198674912
9.715699979774248,9.715792293406162,9.715823064713536,9.715792293406162,9.715699979774248
9.716985236980447,9.717077568898894,9.717108346301812,9.717077568898894,9.716985236980447
9.718324981816979,9.718417332798426,9.71844811655571,9.718417332798426,9.718324981816979
9.719719226298032,9.719811597119236,9.719842387489813,9.719811597119236,9.719719226298032
9.721167982928716,9.72126037436674,9.721291171609625,9.72126037436674,9.721167982928716
9.722671264705236,9.722763677537456,9.722794481911778,9.722763677537456,9.722671264705236
9.724229085115121,9.724321520119238,9.72435233188423,9.724321520119238,9.724229085115121
9.725841458137408,9.725933916091465,9.72596473550648,9.725933916091465,9.725841458137408
9.727508398242891,9.727600879925276,9.727631707249774,9.727600879925276,9.727508398242891
9.729229920394312,9.729322426583781,9.729353262077353,9.729322426583781,9.729229920394312
9.731006040046632,9.73109857152231,9.731129415444663,9.73109857152231,9.731006040046632
9.73283677314724,9.732929330688643,9.732960183299618,9.732929330688643,9.73283677314724
9.734722136136233,9.73481472052327,9.734845582082837,9.73481472052327,9.734722136136233
9.736662145946642,9.736754757959641,9.736785628727908,9.736754757959641,9.736662145946642
9.738656820004731,9.738749460424428,9.738780340661647,9.738749460424428,9.738656820004731
9.740706176230235,9.74079884583781,9.740829735804375,9.74079884583781,9.740706176230235
9.742810233036671,9.742902932613747,9.742933832570197,9.742902932613747,9.742810233036671
9.7449690093316,9.745061739660262,9.745092649867296,9.745061739660262,9.7449690093316
9.747182524516953,9.747275286379745,9.74730620709821,9.747275286379745,9.747182524516953
9.749450798489297,9.749543592669255,9.74957452416017,9.749543592669255,9.749450798489297
9.751773851640184,9.751866678920837,9.751897621445375,9.751866678920837,9.751773851640184
9.754151704856449,9.754244566021827,9.754275519841332,9.754244566021827,9.754151704856449
9.756584379520536,9.75667727535519,9.756708240731182,9.75667727535519,9.756584379520536
9.759071897510843,9.759164828799854,9.759195805994027,9.759164828799854,9.759071897510843
9.761614281202064,9.76170724873105,9.761738238005279,9.76170724873105,9.761614281202064
9.764211553465522,9.764304558020664,9.764335559637011,9.764304558020664,9.764211553465522
9.766863737669558,9.766956780037594,9.766987794258307,9.766956780037594,9.766863737669558
9.769570857679867,9.769663938648119,9.76969496573564,9.769663938648119,9.769570857679867
9.772332937859892,9.772426058216269,9.772457098433236,9.772426058216269,9.772332937859892
9.775150003071191,9.775243163604209,9.77527421721346,9.775243163604209,9.775150003071191
9.77802207867384,9.77811528017262,9.7781463474372,9.77811528017262,9.77802207867384
9.78094919052682,9.78104243378112,9.781073514964282,9.78104243378112,9.78094919052682
9.783931364988431,9.784024650788641,9.784055746153847,9.784024650788641,9.783931364988431
9.786968628916691,9.787061958053854,9.78709306786479,9.787061958053854,9.786968628916691
9.790061009669772,9.790154382935597,9.790185507456163,9.790154382935597,9.790061009669772
9.793208535106425,9.79330195329329,9.793333092787616,9.79330195329329,9.793208535106425
9.796411233586408,9.796504697487382,9.796535852219826,9.796504697487382,9.796411233586408
9.799669133970944,9.799762644379793,9.799793814614944,9.799762644379793,9.799669133970944
9.802982265623154,9.803075823334359,9.803107009337047,9.803075823334359,9.802982265623154
9.806350658408542,9.806444264217303,9.806475466252596,9.806444264217303,9.806350658408542
9.809774342695441,9.809867997397701,9.809899215730916,9.809867997397701,9.809774342695441
9.813253349355504,9.81334705374795,9.813378288644646,9.81334705374795,9.813253349355504
9.816787709764181,9.81688146464426,9.816912716370258,9.81688146464426,9.816787709764181
9.82037745580121,9.820471261967144,9.82050253078852,9.820471261967144,9.82037745580121
9.824022619851124,9.824116478101919,9.824147764285007,9.824116478101919,9.824022619851124
9.827723234803747,9.827817145939207,9.827848449750611,9.827817145939207,9.827723234803747
9.83147933405472,9.831573298875458,9.831604620582052,9.83157329887546,9.83147933405472
9.835290951506023,9.835384970813479,9.835416310682408,9.835384970813479,9.835290951506023
9.839158121566507,9.839252196162946,9.839283554461637,9.839252196162949,9.839158121566507
9.843080879152426,9.843175009840964,9.843206386837126,9.843175009840978,9.843080879152426
9.847059259687995,9.847153447272593,9.847184843234238,9.847153447272644,9.847059259687995
9.85109329910594,9.8511875443914,9.85121895958686,9.851187544391586,9.85109329910594
9.855183033848064,9.85527733763993,9.855308772337967,9.855277337640626,9.855183033848064
9.859328500865814,9.859422863970021,9.85945431844021,9.859422863972618,9.859328500865814
9.863529737620874,9.863624160842361,9.863655635356483,9.863624160852053,9.863529737620874
9.867786782085734,9.867881266223275,9.867912761060502,9.867881266259445,9.867786782085734
9.872099672744294,9.872194218571124,9.872225734037414,9.872194218706117,9.872099672744291
9.876468448592437,9.876563056784006,9.876594593284361,9.8765630572878,9.876468448592426
9.88089314913848,9.880987820002854,9.881019378310935,9.880987821883046,9.880893149138442
9.885373814402852,9.88546854687543,9.885500129138826,9.885468553892444,9.885373814402717
9.889910484913187,9.890005272809653,9.890036886296894,9.89000529899765,9.889910484912683
9.894503201672613,9.894598019732985,9.894629690789216,9.894598117468457,9.894503201670734
9.899152005971386,9.89924675794008,9.89927858390603,9.899247122695831,9.899152005964371
9.90385693828445,9.903951264101641,9.90398360611853,9.903952625396094,9.903856938258263
9.908618031836937,9.908710593659691,9.908744790634241,9.908715674107615,9.908618031739191
9.913435275076447,9.91352112527921,9.913562125831632,9.913540085872974,9.913435274711588
9.918308392861402,9.918369341352847,9.918435336309523,9.918440103640275,9.918308391499476
9.92323557082791,9.923205343332137,9.923362606744103,9.923469433232988,9.923235565744166
9.92073893781911,9.927846684329754,9.928333143967281,9.928832286665909,9.92077431388121
