5.48507466521591,5.4850780510725485,5.485101154450674,5.485118482019039,5.48513003374784,5.485135809617208,5.485135809617208,5.48513003374784,5.485118482019039,5.485101154450674,5.4850780510725485,5.48507466521591
5.485071279359271,5.4851001586960155,5.48512326222502,5.485140589906544,5.485152141710786,5.485157917617873,5.485157917617873,5.485152141710786,5.485140589906544,5.48512326222502,5.4851001586960155,5.485071279359271
5.48510115434703,5.485130033942235,5.485153137678008,5.485170465514611,5.485182017422237,5.4851877933810185,5.4851877933810185,5.485182017422237,5.485170465514611,5.485153137678008,5.485130033942235,5.48510115434703
5.485138796971269,5.485167676894799,5.485190780893235,5.485208108926832,5.485219660965791,5.485225436990237,5.485225436990237,5.485219660965791,5.485208108926832,5.485190780893235,5.485167676894799,5.485138796971269
5.485184207357017,5.485213087678738,5.485236191995726,5.485253520268243,5.485265072466477,5.485270848570565,5.485270848570565,5.485265072466477,5.485253520268243,5.485236191995726,5.485213087678738,5.485184207357017
5.485237385670737,5.485266266460516,5.4852893711519535,5.485306699705306,5.485318252090767,5.485324028288465,5.485324028288465,5.485318252090767,5.485306699705306,5.4852893711519535,5.485266266460516,5.485237385670737
5.485298332120322,5.485327213448029,5.485350318569809,5.485367647445923,5.485379200046557,5.485384976351842,5.485384976351842,5.485379200046557,5.485367647445923,5.485350318569809,5.485327213448029,5.485298332120322
5.4853670469550995,5.485395928890606,5.485419034498628,5.485436363739423,5.485447916583181,5.485453693010027,5.485453693010027,5.485447916583181,5.485436363739423,5.485419034498628,5.485395928890606,5.4853670469550995
5.485443530465817,5.4854724130789965,5.485495519229161,5.485512848876565,5.485524401991396,5.485530178553779,5.485530178553779,5.485524401991396,5.485512848876565,5.485495519229161,5.4854724130789965,5.485443530465817
5.48552778298465,5.485556666345381,5.485579773093592,5.48559710318953,5.485608656603386,5.485614433315281,5.485614433315281,5.485608656603386,5.48559710318953,5.485579773093592,5.485556666345381,5.48552778298465
5.485619804885189,5.485648689063355,5.485671796465517,5.485689127051919,5.485700680792751,5.485706457668136,5.485706457668136,5.485700680792751,5.485689127051919,5.485671796465517,5.485648689063355,5.485619804885189
5.48571959658244,5.485748481647924,5.485771589759944,5.485788920878743,5.485800474974506,5.485806252027357,5.485806252027357,5.485800474974506,5.485788920878743,5.485771589759944,5.485748481647924,5.48571959658244
5.485827158532808,5.4858560445555025,5.485879153433292,5.485896485126421,5.4859080396050715,5.485913816849368,5.485913816849368,5.4859080396050715,5.485896485126421,5.485879153433292,5.4858560445555025,5.485827158532808
5.485942491234102,5.4859713782838995,5.485994487983376,5.486011820292772,5.486023375182269,5.486029152631987,5.486029152631987,5.486023375182269,5.486011820292772,5.485994487983376,5.4859713782838995,5.485942491234102
5.4860655952255195,5.486094483372318,5.486117593949401,5.486134926917003,5.486146482245308,5.486152259914429,5.486152259914429,5.486146482245308,5.486134926917003,5.486117593949401,5.486094483372318,5.4860655952255195
5.486196471087639,5.4862253604013445,5.4862484719119555,5.486265805579709,5.48627736137478,5.486283139277287,5.486283139277287,5.48627736137478,5.486265805579709,5.4862484719119555,5.4862253604013445,5.486196471087639
5.486335119442408,5.486364009992931,5.486387122492999,5.48640445690285,5.4864160131926525,5.486421791342526,5.486421791342526,5.4864160131926525,5.48640445690285,5.486387122492999,5.486364009992931,5.486335119442408
5.486481540953141,5.4865104328103955,5.486533546355856,5.486550881549752,5.486562438362253,5.486568216773476,5.486568216773476,5.486562438362253,5.486550881549752,5.486533546355856,5.4865104328103955,5.486481540953141
5.486635736324496,5.486664629558405,5.486687744205195,5.486705080225089,5.486716637588261,5.486722416274817,5.486722416274817,5.486716637588261,5.486705080225089,5.486687744205195,5.486664629558405,5.486635736324496
5.486797706302472,5.486826600982963,5.486849716787026,5.486867053674878,5.486878611616689,5.486884390592565,5.486884390592565,5.486878611616689,5.486867053674878,5.486849716787026,5.486826600982963,5.486797706302472
5.486967451674389,5.4869963478714014,5.487019464888685,5.487036802686457,5.487048361234882,5.487054140514067,5.487054140514067,5.487048361234882,5.487036802686457,5.487019464888685,5.4869963478714014,5.486967451674389
5.487144973268886,5.487173871052359,5.487196989338818,5.487214328088476,5.487225887271493,5.487231666867974,5.487231666867974,5.487225887271493,5.487214328088476,5.487196989338818,5.487173871052359,5.487144973268886
5.487330271955888,5.4873591713957754,5.487382291007372,5.487399630750886,5.487411190596476,5.487416970524244,5.487416970524244,5.487411190596476,5.487399630750886,5.487382291007372,5.4873591713957754,5.487330271955888
5.4875233486466115,5.48755224981287,5.487575370805571,5.487592711584918,5.487604272121064,5.4876100523941105,5.4876100523941105,5.487604272121064,5.487592711584918,5.487575370805571,5.48755224981287,5.4875233486466115
5.487724204293529,5.487753107256128,5.487776229685908,5.487793571543067,5.487805132797757,5.487810913430077,5.487810913430077,5.487805132797757,5.487793571543067,5.487776229685908,5.487753107256128,5.487724204293529
5.48793283989037,5.487961744719284,5.487984868642122,5.488002211619081,5.488013773620306,5.488019554625893,5.488019554625893,5.488013773620306,5.488002211619081,5.487984868642122,5.487961744719284,5.48793283989037
5.488149256472088,5.488178163237302,5.488201288709188,5.488218632847937,5.488230195623691,5.488235977016545,5.488235977016545,5.488230195623691,5.488218632847937,5.488201288709188,5.488178163237302,5.488149256472088
5.488373455114852,5.48840236388636,5.488425490963291,5.488442836305827,5.488454399884108,5.488460181678226,5.488460181678226,5.488454399884108,5.488442836305827,5.488425490963291,5.48840236388636,5.488373455114852
5.488605436936023,5.488634347783831,5.488657476521808,5.488674823110135,5.488686387518945,5.488692169728329,5.488692169728329,5.488686387518945,5.488674823110135,5.488657476521808,5.488634347783831,5.488605436936023
5.488845203094137,5.488874116088256,5.488897246543295,5.48891459441942,5.4889261596867644,5.488931942325416,5.488931942325416,5.4889261596867644,5.48891459441942,5.488897246543295,5.488874116088256,5.488845203094137
5.48909275478888,5.489121669999339,5.489144802227454,5.489162151433394,5.489173717587283,5.4891795006692075,5.4891795006692075,5.489173717587283,5.489162151433394,5.489144802227454,5.489121669999339,5.48909275478888
5.489348093261069,5.4893770107579,5.489400144815123,5.4894174953929,5.489429062461349,5.489434846000552,5.489434846000552,5.489429062461349,5.4894174953929,5.489400144815123,5.4893770107579,5.489348093261069
5.489611219792629,5.48964013964588,5.489663275588249,5.489680627579889,5.489692195590917,5.489697979601411,5.489697979601411,5.489692195590917,5.489680627579889,5.489663275588249,5.48964013964588,5.489611219792629
5.489882135706569,5.4899110579863,5.4899341958698615,5.4899515493174,5.489963118299032,5.4899689027948275,5.4899689027948275,5.489963118299032,5.4899515493174,5.4899341958698615,5.4899110579863,5.489882135706569
5.490160842366966,5.490189767143244,5.490212907024053,5.490230261969536,5.490241831949796,5.4902476169449095,5.4902476169449095,5.490241831949796,5.490230261969536,5.490212907024053,5.490189767143244,5.490160842366966
5.490447341178922,5.490476268521833,5.490499410455958,5.490516766941429,5.490528337948357,5.490534123456801,5.490534123456801,5.490528337948357,5.490516766941429,5.490499410455958,5.490476268521833,5.490447341178922
5.490741633588563,5.490770563568198,5.490793707611711,5.490811065679234,5.490822637740861,5.49082842377666,5.49082842377666,5.490822637740861,5.490811065679234,5.490793707611711,5.490770563568198,5.490741633588563
5.491043721082984,5.491072653769452,5.491095799978445,5.49111315967008,5.4911247328144555,5.491130519391626,5.491130519391626,5.4911247328144555,5.49111315967008,5.491095799978445,5.491072653769452,5.491043721082984
5.491353605190254,5.491382540653675,5.49140568908424,5.491423050442064,5.491434624697231,5.4914404118298,5.4914404118298,5.491434624697231,5.491423050442064,5.49140568908424,5.491382540653675,5.491353605190254
5.491671287479357,5.491700225789867,5.491723376498114,5.491740739564204,5.49175231495822,5.491758102660214,5.491758102660214,5.49175231495822,5.491740739564204,5.491723376498114,5.491700225789867,5.491671287479357
5.4919967695601875,5.492025710787933,5.4920488638299805,5.492066228646429,5.492077805207352,5.492083593492801,5.492083593492801,5.492077805207352,5.492066228646429,5.4920488638299805,5.492025710787933,5.4919967695601875
5.4923300530835055,5.492358997298652,5.492382152730631,5.492399519339532,5.492411097095431,5.492416885978367,5.492416885978367,5.492411097095431,5.492399519339532,5.492382152730631,5.492358997298652,5.4923300530835055
5.492671139740921,5.492700087013642,5.492723244891691,5.492740613335157,5.4927521923140965,5.492757981808558,5.492757981808558,5.4927521923140965,5.492740613335157,5.492723244891691,5.492700087013642,5.492671139740921
5.493020031264839,5.49304898166533,5.493072142045608,5.493089512365748,5.493101092595811,5.493106882715832,5.493106882715832,5.493101092595811,5.493089512365748,5.493072142045608,5.49304898166533,5.493020031264839
5.493376729428462,5.493405683026927,5.493428845965596,5.493446218204539,5.493457799713806,5.493463590473431,5.493463590473431,5.493457799713806,5.493446218204539,5.493428845965596,5.493405683026927,5.493376729428462
5.49374123604572,5.493770192912383,5.493793358465625,5.493810732665505,5.493822315482066,5.493828106895339,5.493828106895339,5.493822315482066,5.493810732665505,5.493793358465625,5.493770192912383,5.49374123604572
5.494113552971268,5.494142513176369,5.494165681400375,5.494183057603334,5.494194641755286,5.494200433836254,5.494200433836254,5.494194641755286,5.494183057603334,5.494165681400375,5.494142513176369,5.494113552971268
5.494493682100436,5.49452264571423,5.4945458166652035,5.494563194913395,5.49457478042884,5.4945805731915565,5.4945805731915565,5.49457478042884,5.494563194913395,5.4945458166652035,5.49452264571423,5.494493682100436
5.494881625369197,5.494910592461956,5.494933766196113,5.494951146531703,5.494962733438749,5.494968526897267,5.494968526897267,5.494962733438749,5.494951146531703,5.494933766196113,5.494910592461956,5.494881625369197
5.49527738475413,5.495306355396142,5.495329531969718,5.4953469144348785,5.4953585027616425,5.495364296930022,5.495364296930022,5.4953585027616425,5.4953469144348785,5.495329531969718,5.495306355396142,5.49527738475413
5.495680962272391,5.495709936533965,5.495733116003201,5.495750500640117,5.495762090414722,5.495767885307023,5.495767885307023,5.495762090414722,5.495750500640117,5.495733116003201,5.495709936533965,5.495680962272391
5.496092359981666,5.496121337933124,5.4961445203542825,5.496161907205148,5.4961734984557244,5.496179294086011,5.496179294086011,5.4961734984557244,5.496161907205148,5.4961445203542825,5.496121337933124,5.496092359981666
5.4965115799801385,5.496540561691823,5.496563747121179,5.496581136228199,5.496592728982883,5.496598525365225,5.496598525365225,5.496592728982883,5.496581136228199,5.496563747121179,5.496540561691823,5.4965115799801385
5.496938624406453,5.496967609948724,5.496990798442564,5.497008189847957,5.497019784134894,5.497025581283363,5.497025581283363,5.497019784134894,5.497008189847957,5.496990798442564,5.496967609948724,5.496938624406453
5.497373495439666,5.497402484882904,5.497425676497533,5.497443070243527,5.497454666090866,5.49746046401954,5.49746046401954,5.497454666090866,5.497443070243527,5.497425676497533,5.497402484882904,5.497373495439666
5.497816195299219,5.497845188713823,5.49786838350556,5.497885779634392,5.497897377070296,5.497903175793253,5.497903175793253,5.497897377070296,5.497885779634392,5.49786838350556,5.497845188713823,5.497816195299219
5.4982667262448865,5.498295723701274,5.498318921726451,5.498336320280376,5.4983479193330105,5.498353718864334,5.498353718864334,5.4983479193330105,5.498336320280376,5.498318921726451,5.498295723701274,5.4982667262448865
5.498725090576738,5.498754092145346,5.498777293460318,5.498794694481596,5.498806295179138,5.498812095532916,5.498812095532916,5.498806295179138,5.498794694481596,5.498777293460318,5.498754092145346,5.498725090576738
5.499191290635102,5.4992202963863885,5.499243501047517,5.499260904578425,5.499272506949058,5.499278308139385,5.499278308139385,5.499272506949058,5.499260904578425,5.499243501047517,5.4992202963863885,5.499191290635102
5.499665328800508,5.499694338804952,5.499717546868625,5.499734952951448,5.4997465570233635,5.499752359064331,5.499752359064331,5.4997465570233635,5.499734952951448,5.499717546868625,5.499694338804952,5.499665328800508
5.500147207493659,5.500176221821758,5.500199433344374,5.500216842021413,5.50022844782281,5.500234250728521,5.500234250728521,5.50022844782281,5.500216842021413,5.500199433344374,5.500176221821758,5.500147207493659
5.500636929175375,5.500665947897651,5.500689162935624,5.500706574249192,5.500718181808281,5.500723985592837,5.500723985592837,5.500718181808281,5.500706574249192,5.500689162935624,5.500665947897651,5.500636929175375
5.501134496346552,5.501163519533546,5.501186738143311,5.501204152135735,5.50121576148073,5.501221566158243,5.501221566158243,5.50121576148073,5.501204152135735,5.501186738143311,5.501163519533546,5.501134496346552
5.501639911548114,5.501668939270392,5.501692161508401,5.501709578222017,5.501721189381146,5.501726994965726,5.501726994965726,5.501721189381146,5.501709578222017,5.501692161508401,5.501668939270392,5.501639911548114
5.502153177360975,5.502182209689119,5.502205435611841,5.502222855089001,5.502234468090499,5.502240274596265,5.502240274596265,5.502234468090499,5.502222855089001,5.502205435611841,5.502182209689119,5.502153177360975
5.502674296405973,5.502703333410594,5.502726563074514,5.502743985357586,5.502755600229696,5.502761407670769,5.502761407670769,5.502755600229696,5.502743985357586,5.502726563074514,5.502703333410594,5.502674296405973
5.503203271343837,5.503232313095566,5.503255546557193,5.5032729716885544,5.503284588459527,5.503290396850035,5.503290396850035,5.503284588459527,5.5032729716885544,5.503255546557193,5.503232313095566,5.503203271343837
5.503740104875136,5.503769151444627,5.503792388760482,5.5038098167825265,5.503821435480628,5.5038272448347,5.5038272448347,5.503821435480628,5.5038098167825265,5.503792388760482,5.503769151444627,5.503740104875136
5.504284799740219,5.504313851198153,5.50433709242478,5.504354523379913,5.504366144033414,5.504371954365187,5.504371954365187,5.504366144033414,5.504354523379913,5.50433709242478,5.504313851198153,5.504284799740219
5.50483735871918,5.504866415136256,5.504889660330216,5.504907094260863,5.504918716898042,5.5049245282216575,5.5049245282216575,5.504918716898042,5.504907094260863,5.504889660330216,5.504866415136256,5.50483735871918
5.505397784631789,5.505426846078734,5.505450095296612,5.505467532245206,5.505479156894356,5.505484969223959,5.505484969223959,5.505479156894356,5.505467532245206,5.505450095296612,5.505426846078734,5.505397784631789
5.505966080337455,5.505995146885023,5.506018400183416,5.506035840192409,5.506047466881832,5.506053280231571,5.506053280231571,5.506047466881832,5.506035840192409,5.506018400183416,5.505995146885023,5.505966080337455
5.506542248735165,5.506571320454131,5.506594577889662,5.50661202100152,5.506623649759526,5.506629464143559,5.506629464143559,5.506623649759526,5.50661202100152,5.506594577889662,5.506571320454131,5.506542248735165
5.507126292763434,5.5071553697245985,5.507178631353909,5.5071960776111135,5.507207708466023,5.507213523898509,5.507213523898509,5.507207708466023,5.5071960776111135,5.507178631353909,5.5071553697245985,5.507126292763434
5.507718215400246,5.507747297674435,5.507770563554187,5.507788012999235,5.507799645979379,5.507805462474485,5.507805462474485,5.507799645979379,5.507788012999235,5.507770563554187,5.507747297674435,5.507718215400246
5.508318019663,5.50834710732107,5.508370377507947,5.50838783018335,5.508399465317071,5.508405282888966,5.508405282888966,5.508399465317071,5.50838783018335,5.508370377507947,5.50834710732107,5.508318019663
5.508925708608466,5.508954801721294,5.508978076271999,5.508995532220285,5.509007169535934,5.509012988198796,5.509012988198796,5.509007169535934,5.508995532220285,5.508978076271999,5.508954801721294,5.508925708608466
5.509541285332707,5.5095703839712,5.509593662942459,5.509611122206175,5.509622761732113,5.509628581500123,5.509628581500123,5.509622761732113,5.509611122206175,5.509593662942459,5.5095703839712,5.509541285332707
5.510164752971041,5.510193857206133,5.510217140654692,5.5102346032763965,5.510246245041001,5.510252065928343,5.510252065928343,5.510246245041001,5.5102346032763965,5.510217140654692,5.510193857206133,5.510164752971041
5.510796114697973,5.510825224600623,5.5108485125832525,5.510865978605521,5.510877622637175,5.510883444658045,5.510883444658045,5.510877622637175,5.510865978605521,5.5108485125832525,5.510825224600623,5.510796114697973
5.511435373727137,5.511464489368336,5.511487781941826,5.511505251407254,5.511516897734352,5.511522720902946,5.511522720902946,5.511516897734352,5.511505251407254,5.511487781941826,5.511464489368336,5.511435373727137
5.5120825333112435,5.512111654762006,5.512134951983171,5.512152424934367,5.5121640735853195,5.512169897915841,5.512169897915841,5.5121640735853195,5.512152424934367,5.512134951983171,5.512111654762006,5.5120825333112435
5.512737596742011,5.5127667240733835,5.512790025999058,5.512807502478651,5.512819153481873,5.512824978988533,5.512824978988533,5.512819153481873,5.512807502478651,5.512790025999058,5.5127667240733835,5.512737596742011
5.513400567350109,5.513429700633165,5.5134530073202095,5.513470487370844,5.513482140754767,5.513487967451778,5.513487967451778,5.513482140754767,5.513470487370844,5.5134530073202095,5.513429700633165,5.513400567350109
5.5140714485050975,5.5141005878109395,5.514123899316237,5.514141382980574,5.514153038773639,5.514158866675224,5.514158866675224,5.514153038773639,5.514141382980574,5.514123899316237,5.5141005878109395,5.5140714485050975
5.514750243615362,5.514779389015123,5.51480270539558,5.514820192716299,5.51483185094696,5.514837680067344,5.514837680067344,5.51483185094696,5.514820192716299,5.51480270539558,5.514779389015123,5.514750243615362
5.515436956128053,5.5154661076928955,5.515489429005441,5.515506920025243,5.515518580721963,5.51552441107538,5.51552441107538,5.515518580721963,5.515506920025243,5.515489429005441,5.5154661076928955,5.515436956128053
5.5161315895290235,5.516160747330138,5.516184073631728,5.516201568393326,5.516213231584586,5.516219063185273,5.516219063185273,5.516213231584586,5.516201568393326,5.516184073631728,5.516160747330138,5.5161315895290235
5.5168341473427605,5.516863311451373,5.516886642798983,5.516904141345113,5.516915807059399,5.516921639921603,5.516921639921603,5.516915807059399,5.516904141345113,5.516886642798983,5.516863311451373,5.5168341473427605
5.517544633132322,5.517573803619685,5.517597140070322,5.517614642443734,5.5176263107095505,5.517632144847521,5.517632144847521,5.5176263107095505,5.517614642443734,5.517597140070322,5.517573803619685,5.517544633132322
5.518263050499274,5.518292227436675,5.518315569047364,5.518333075290832,5.518344746136692,5.518350581564687,5.518350581564687,5.518344746136692,5.518333075290832,5.518315569047364,5.518292227436675,5.518263050499274
5.518989403083624,5.519018586542375,5.519041933370174,5.519059443526487,5.519071116980918,5.519076953713199,5.519076953713199,5.519071116980918,5.519059443526487,5.519041933370174,5.519018586542375,5.518989403083624
5.519723694563745,5.519752884615198,5.519776236717183,5.519793750829152,5.519805426920693,5.5198112649715325,5.5198112649715325,5.519805426920693,5.519793750829152,5.519776236717183,5.519752884615198,5.519723694563745
5.520465928656323,5.520495125371857,5.520518482805135,5.5205360009155875,5.5205476796727915,5.520553519056465,5.520553519056465,5.5205476796727915,5.5205360009155875,5.520518482805135,5.520495125371857,5.520465928656323
5.521216109116274,5.521245312567304,5.521268675389004,5.521286197540789,5.521297878992223,5.521303719723012,5.521303719723012,5.521297878992223,5.521286197540789,5.521268675389004,5.521245312567304,5.521216109116274
5.5219742397366876,5.522003449994658,5.522026818261938,5.522044344497924,5.522056028672164,5.522061870764361,5.522061870764361,5.522056028672164,5.522044344497924,5.522026818261938,5.522003449994658,5.5219742397366876
5.522740324348743,5.522769541485136,5.522792915255179,5.522810445618255,5.5228221325438955,5.5228279760117935,5.5228279760117935,5.5228221325438955,5.522810445618255,5.522792915255179,5.522769541485136,5.522740324348743
5.523514366821655,5.523543590907983,5.523566970238002,5.523584504771074,5.5235961944767205,5.523602039334624,5.523602039334624,5.5235961944767205,5.523584504771074,5.523566970238002,5.523543590907983,5.523514366821655
5.524296371062591,5.524325602170402,5.524348987117634,5.524366525863632,5.524378218377905,5.524384064640122,5.524384064640122,5.524378218377905,5.524366525863632,5.524348987117634,5.524325602170402,5.524296371062591
5.525086341016603,5.525115579217478,5.5251389698391895,5.525156512841063,5.525168208192593,5.525174055873442,5.525174055873442,5.525168208192593,5.525156512841063,5.5251389698391895,5.525115579217478,5.525086341016603
5.525884280666558,5.525913526032112,5.525936922385595,5.525954469686313,5.52596616790375,5.525972017017553,5.525972017017553,5.52596616790375,5.525954469686313,5.525936922385595,5.525913526032112,5.525884280666558
5.526690194033056,5.526719446634942,5.526742848777519,5.526760400420074,5.5267721015320745,5.526777952093165,5.526777952093165,5.5267721015320745,5.526760400420074,5.526742848777519,5.526719446634942,5.526690194033056
5.527504085174369,5.527533345084273,5.527556753073293,5.5275743091006975,5.52758601313594,5.5275918651586515,5.5275918651586515,5.52758601313594,5.5275743091006975,5.527556753073293,5.527533345084273,5.527504085174369
5.5283259581863575,5.528355225476002,5.528378639368842,5.528396199824131,5.528407906811302,5.5284137603099825,5.5284137603099825,5.528407906811302,5.528396199824131,5.528378639368842,5.528355225476002,5.5283259581863575
5.529155817202398,5.529185091943541,5.529208511797611,5.529226076723838,5.529237786691643,5.529243641680642,5.529243641680642,5.529237786691643,5.529226076723838,5.529208511797611,5.529185091943541,5.529155817202398
5.529993666393306,5.530022948657744,5.53004637453048,5.53006394397072,5.530075656947878,5.530081513441556,5.530081513441556,5.530075656947878,5.53006394397072,5.53004637453048,5.530022948657744,5.529993666393306
5.530839509967268,5.530868799826831,5.530892231775695,5.530909805773054,5.530921521788295,5.5309273798010175,5.5309273798010175,5.530921521788295,5.530909805773054,5.530892231775695,5.530868799826831,5.530839509967268
5.5316933521697464,5.531722649696305,5.531746087778796,5.53176366637639,5.531775385458466,5.531781245004607,5.531781245004607,5.531775385458466,5.53176366637639,5.531746087778796,5.531722649696305,5.5316933521697464
5.532555197283426,5.532584502548886,5.532607946822527,5.532625530063502,5.532637252241174,5.532643113335115,5.532643113335115,5.532637252241174,5.532625530063502,5.532607946822527,5.532584502548886,5.532555197283426
5.533425049628116,5.53345436270442,5.533477813226767,5.5334954011542905,5.533507126456335,5.533512989112467,5.533512989112467,5.533507126456335,5.5334954011542905,5.533477813226767,5.53345436270442,5.533425049628116
5.534302913560678,5.534332234519808,5.534355691348448,5.534373284005709,5.53438501246092,5.534390876693637,5.534390876693637,5.53438501246092,5.534373284005709,5.534355691348448,5.534332234519808,5.534302913560678
5.535188793474949,5.535218122388927,5.535241585581476,5.535259183011687,5.535270914648874,5.53527678047258,5.53527678047258,5.535270914648874,5.535259183011687,5.535241585581476,5.535218122388927,5.535188793474949
5.536082693801659,5.536112030742544,5.53613550035665,5.536153102603047,5.536164837451032,5.536170704880144,5.536170704880144,5.536164837451032,5.536153102603047,5.53613550035665,5.536112030742544,5.536082693801659
5.536984619008351,5.53701396404824,5.537037440141583,5.537055047247425,5.53706678533505,5.537072654383982,5.537072654383982,5.53706678533505,5.537055047247425,5.537037440141583,5.53701396404824,5.536984619008351
5.537894573599296,5.537923926810329,5.537947409440619,5.53796502144919,5.537976762805311,5.537982633488493,5.537982633488493,5.537976762805311,5.53796502144919,5.537947409440619,5.537923926810329,5.537894573599296
5.538812562115418,5.538841923569773,5.5388654127947525,5.53888302974936,5.538894774402847,5.538900646734714,5.538900646734714,5.538894774402847,5.53888302974936,5.5388654127947525,5.538841923569773,5.538812562115418
5.539738589134206,5.5397679589041005,5.539791454781545,5.539809076725519,5.53982082470526,5.539826698700258,5.539826698700258,5.53982082470526,5.539809076725519,5.539791454781545,5.5397679589041005,5.539738589134206
5.540672659269633,5.540702037427327,5.540725540015043,5.54074316699174,5.540754918326638,5.540760793999217,5.540760793999217,5.540754918326638,5.54074316699174,5.540725540015043,5.540702037427327,5.540672659269633
5.541614777172071,5.5416441637898615,5.541667673145689,5.541685305198491,5.5416970599174675,5.541702937282088,5.541702937282088,5.5416970599174675,5.541685305198491,5.541667673145689,5.5416441637898615,5.541614777172071
5.542564947528206,5.542594342678436,5.5426178588602495,5.542635496032558,5.5426472541645495,5.542653133235682,5.542653133235682,5.5426472541645495,5.542635496032558,5.5426178588602495,5.542594342678436,5.542564947528206
5.543523175060958,5.54355257881601,5.543576101881713,5.543593744216961,5.543605505790921,5.54361138658304,5.54361138658304,5.543605505790921,5.543593744216961,5.543576101881713,5.54355257881601,5.543523175060958
5.544489464529388,5.544518876961687,5.544542406969221,5.544560054510862,5.5445718195557605,5.544577702083352,5.544577702083352,5.5445718195557605,5.544560054510862,5.544542406969221,5.544518876961687,5.544489464529388
5.545463820728618,5.54549324191063,5.545516778917969,5.545534431709483,5.545546200254307,5.545552084531863,5.545552084531863,5.545546200254307,5.545534431709483,5.545516778917969,5.54549324191063,5.545463820728618
5.54644624848974,5.546475678493973,5.5464992225591265,5.54651688064402,5.5465286527177735,5.546534538759797,5.546534538759797,5.5465286527177735,5.54651688064402,5.5464992225591265,5.546475678493973,5.54644624848974
5.547436752679732,5.547466191578741,5.547489742759748,5.547507406181554,5.547519181813258,5.5475250696342595,5.5475250696342595,5.547519181813258,5.547507406181554,5.547489742759748,5.547466191578741,5.547436752679732
5.548435338201369,5.548464786067747,5.548488344422685,5.54850601322496,5.548517792443653,5.5485236820581525,5.5485236820581525,5.548517792443653,5.54850601322496,5.548488344422685,5.548464786067747,5.548435338201369
5.549442009993129,5.549471466899517,5.549495032486499,5.549512706712827,5.549524489547565,5.54953038097009,5.54953038097009,5.549524489547565,5.549512706712827,5.549495032486499,5.549471466899517,5.549442009993129
5.550456773029114,5.550486239048196,5.550509811925368,5.550527491619359,5.550539278099216,5.550545171344304,5.550545171344304,5.550539278099216,5.550527491619359,5.550509811925368,5.550486239048196,5.550456773029114
5.551479632318954,5.551509107523457,5.551532687749002,5.551550372954293,5.551562163108361,5.551568058190558,5.551568058190558,5.551562163108361,5.551550372954293,5.551532687749002,5.551509107523457,5.551479632318954
5.552510592907718,5.552540077370414,5.552563665002549,5.552581355762806,5.5525931496201935,5.552599046554053,5.552599046554053,5.5525931496201935,5.552581355762806,5.552563665002549,5.552540077370414,5.552510592907718
5.553549659875821,5.553579153669527,5.553602748766508,5.55362044512542,5.553632242715256,5.553638141515341,5.553638141515341,5.553632242715256,5.55362044512542,5.553602748766508,5.553579153669527,5.553549659875821
5.554596838338936,5.554626341536517,5.554649944156633,5.55466764615792,5.554679447509347,5.554685348190231,5.554685348190231,5.554679447509347,5.55466764615792,5.554649944156633,5.554626341536517,5.554596838338936
5.555652133447904,5.555681646122266,5.555705256323847,5.5557229640112515,5.555734769153435,5.555740671729701,5.555740671729701,5.555734769153435,5.5557229640112515,5.555705256323847,5.555681646122266,5.555652133447904
5.556715550388632,5.556745072612731,5.55676869045414,5.5567864038714365,5.556798212833559,5.556804117319798,5.556804117319798,5.556798212833559,5.5567864038714365,5.55676869045414,5.556745072612731,5.556715550388632
5.557787094382013,5.557816626228849,5.557840251768486,5.5578579709594775,5.557869783770739,5.557875690181552,5.557875690181552,5.557869783770739,5.5578579709594775,5.557840251768486,5.557816626228849,5.557787094382013
5.558866770683817,5.558896312226441,5.558919945522744,5.558937670531258,5.55894948722088,5.558955395570874,5.558955395570874,5.55894948722088,5.558937670531258,5.558919945522744,5.558896312226441,5.558866770683817
5.5599545845846166,5.559984135896121,5.560007777007567,5.560025507877461,5.560037328474679,5.560043238778476,5.560043238778476,5.560037328474679,5.560025507877461,5.560007777007567,5.559984135896121,5.5599545845846166
5.561050541409671,5.561080102563198,5.561103751548304,5.561121488323462,5.561133312857535,5.561139225129764,5.561139225129764,5.561133312857535,5.561121488323462,5.561103751548304,5.561080102563198,5.561050541409671
5.562154646518845,5.562184217587587,5.562207874504903,5.562225617229243,5.562237445729448,5.562243359984745,5.562243359984745,5.562237445729448,5.562225617229243,5.562207874504903,5.562184217587587,5.562154646518845
5.563266905306513,5.563296486363708,5.563320151271824,5.563337899989288,5.56334973248492,5.563355648737934,5.563355648737934,5.56334973248492,5.563337899989288,5.563320151271824,5.563296486363708,5.563266905306513
5.564387323201453,5.564416914320388,5.564440587277936,5.564458342032497,5.564470178552871,5.564476096818259,5.564476096818259,5.564470178552871,5.564458342032497,5.564440587277936,5.564416914320388,5.564387323201453
5.56551590566676,5.56554550692077,5.565569187986419,5.565586948822078,5.56559878939653,5.565604709688959,5.565604709688959,5.56559878939653,5.565586948822078,5.565569187986419,5.56554550692077,5.56551590566676
5.566652658199741,5.566682269662214,5.56670595889467,5.566723725855461,5.566735570513343,5.566741492847491,5.566741492847491,5.566735570513343,5.566723725855461,5.56670595889467,5.566682269662214,5.566652658199741
5.5677975863318245,5.567827208076192,5.567850905534207,5.567868678664187,5.567880527434875,5.567886451825429,5.567886451825429,5.567880527434875,5.567868678664187,5.567850905534207,5.567827208076192,5.5677975863318245
5.568950695628454,5.568980327728202,5.569004033470561,5.5690218128138245,5.569033665726712,5.56903959218837,5.56903959218837,5.569033665726712,5.5690218128138245,5.569004033470561,5.568980327728202,5.568950695628454
5.570111991688996,5.570141634217658,5.570165348303192,5.570183133903859,5.5701949909883615,5.570200919535829,5.570200919535829,5.5701949909883615,5.570183133903859,5.570165348303192,5.570141634217658,5.570111991688996
5.57128148014664,5.571311133177801,5.571334855665375,5.571352647567599,5.571364508853149,5.571370439501144,5.571370439501144,5.571364508853149,5.571352647567599,5.571334855665375,5.571311133177801,5.57128148014664
5.572459166668288,5.572488830275587,5.572512561224112,5.572530359472073,5.572542224988126,5.572548157751378,5.572548157751378,5.572542224988126,5.572530359472073,5.572512561224112,5.572488830275587,5.572459166668288
5.573645056954475,5.5736747312115975,5.573698470680024,5.573716275317935,5.573728145093966,5.57373407998721,5.57373407998721,5.573728145093966,5.573716275317935,5.573698470680024,5.5736747312115975,5.573645056954475
5.574839156739245,5.574868841719931,5.574892589767249,5.5749104008393555,5.574922274904863,5.574928211942847,5.574928211942847,5.574922274904863,5.5749104008393555,5.574892589767249,5.574868841719931,5.574839156739245
5.576041471790065,5.576071167568106,5.576094924253352,5.576112741803927,5.576124620188426,5.576130559385909,5.576130559385909,5.576124620188426,5.576112741803927,5.576094924253352,5.576071167568106,5.576041471790065
5.577252007907722,5.5772817145569595,5.577305479939207,5.577323304012559,5.577335186745586,5.577341128117338,5.577341128117338,5.577335186745586,5.577323304012559,5.577305479939207,5.5772817145569595,5.577252007907722
5.578470770926209,5.578500488520541,5.578524262658907,5.578542093299373,5.578553980410489,5.578559923971288,5.578559923971288,5.578553980410489,5.578542093299373,5.578524262658907,5.578500488520541,5.578470770926209
5.579697766712639,5.579727495326014,5.579751278279659,5.579769115531608,5.579781007050392,5.579786952815029,5.579786952815029,5.579781007050392,5.579769115531608,5.579751278279659,5.579727495326014,5.579697766712639
5.580933001167126,5.580962740873547,5.580986532701672,5.581004376609507,5.58101627256556,5.581022220548835,5.581022220548835,5.58101627256556,5.581004376609507,5.580986532701672,5.580962740873547,5.580933001167126
5.582176480222692,5.582206231096215,5.582230031858065,5.582247882466222,5.5822597828891665,5.582265733105893,5.582265733105893,5.5822597828891665,5.582247882466222,5.582230031858065,5.582206231096215,5.582176480222692
5.583428209845159,5.583457971959894,5.583481781714758,5.5834996390677,5.583511543987184,5.583517496452181,5.583517496452181,5.583511543987184,5.5834996390677,5.583481781714758,5.583457971959894,5.583428209845159
5.584688196033042,5.584717969463155,5.584741788270364,5.584759652412593,5.584771561858278,5.584777516586382,5.584777516586382,5.584771561858278,5.584759652412593,5.584741788270364,5.584717969463155,5.584688196033042
5.585956444817449,5.585986229637157,5.58601005755609,5.586027928532135,5.5860398425337126,5.5860457995397645,5.5860457995397645,5.5860398425337126,5.586027928532135,5.58601005755609,5.585986229637157,5.585956444817449
5.587232962261971,5.58726275854555,5.587286595635623,5.587304473490054,5.5873163920772315,5.587322351376088,5.587322351376088,5.5873163920772315,5.587304473490054,5.587286595635623,5.58726275854555,5.587232962261971
5.588517754462577,5.588547562284357,5.588571408605038,5.588589293382448,5.5886012165849595,5.588607178191487,5.588607178191487,5.5886012165849595,5.588589293382448,5.588571408605038,5.588547562284357,5.588517754462577
5.589810827547512,5.589840646981877,5.589864502592673,5.589882394337696,5.589894322185296,5.589900286114371,5.589900286114371,5.589894322185296,5.589882394337696,5.589864502592673,5.589840646981877,5.589810827547512
5.5911121876771785,5.591142018798573,5.591165883759037,5.591183782516338,5.591195715038802,5.591201681305314,5.591201681305314,5.591195715038802,5.591183782516338,5.591165883759037,5.591142018798573,5.5911121876771785
5.592421841044045,5.5924516839269645,5.5924755582966945,5.592493464110975,5.592505401338104,5.592511369956952,5.592511369956952,5.592505401338104,5.592493464110975,5.5924755582966945,5.5924516839269645,5.592421841044045
5.593739793872521,5.593769648591522,5.593793532430165,5.593811445346155,5.59382338730777,5.593829358293867,5.593829358293867,5.59382338730777,5.593811445346155,5.593793532430165,5.593769648591522,5.593739793872521
5.595066052418864,5.595095919048557,5.595119812415803,5.595137732478271,5.595149679204221,5.595155652572486,5.595155652572486,5.595149679204221,5.595137732478271,5.595119812415803,5.595095919048557,5.595066052418864
5.596400622971063,5.59643050158612,5.596454404541701,5.596472331795452,5.5964842833156005,5.596490259080971,5.596490259080971,5.5964842833156005,5.596472331795452,5.596454404541701,5.59643050158612,5.596400622971063
5.597743511848729,5.597773402523876,5.597797315127577,5.597815249617446,5.597827205961687,5.597833184139105,5.597833184139105,5.597827205961687,5.597815249617446,5.597797315127577,5.597773402523876,5.597743511848729
5.599094725402987,5.599124628213009,5.599148550524661,5.599166492295518,5.599178453493766,5.599184434098193,5.599184434098193,5.599178453493766,5.599166492295518,5.599148550524661,5.599124628213009,5.599094725402987
5.600454270016368,5.600484185036112,5.600508117115586,5.600526066212341,5.600538032294534,5.600544015340937,5.600544015340937,5.600538032294534,5.600526066212341,5.600508117115586,5.600484185036112,5.600454270016368
5.601822152102697,5.601852079407063,5.601876021314286,5.60189397778188,5.601905948777978,5.601911934281338,5.601911934281338,5.601905948777978,5.60189397778188,5.601876021314286,5.601852079407063,5.601822152102697
5.60319837810698,5.603228317770931,5.603252269565871,5.603270233449282,5.603282209389272,5.603288197364582,5.603288197364582,5.603282209389272,5.603270233449282,5.603252269565871,5.603228317770931,5.60319837810698
5.604582954505295,5.604612906603855,5.60463686834653,5.60465483969077,5.6046668206046615,5.6046728110669255,5.6046728110669255,5.6046668206046615,5.60465483969077,5.60463686834653,5.604612906603855,5.604582954505295
5.605975887804683,5.60600585241293,5.606029824163407,5.606047803013528,5.6060597889313515,5.6060657818955875,5.6060657818955875,5.6060597889313515,5.606047803013528,5.606029824163407,5.60600585241293,5.605975887804683
5.607377184543029,5.607407161736109,5.607431143554501,5.607449129955585,5.6074611209074,5.607467116388635,5.607467116388635,5.6074611209074,5.607449129955585,5.607431143554501,5.607407161736109,5.607377184543029
5.6087868512889605,5.608816841142072,5.608840833088541,5.608858827085714,5.608870823101602,5.608876821114877,5.608876821114877,5.608870823101602,5.608858827085714,5.608840833088541,5.608816841142072,5.6087868512889605
5.61020489464172,5.61023489723013,5.6102588993648865,5.6102769010033064,5.610288902113371,5.610294902673739,5.610294902673739,5.610288902113371,5.6102769010033064,5.6102588993648865,5.61023489723013,5.61020489464172
5.611631321231067,5.6116613366301,5.611685349013405,5.611703358338264,5.611715364572639,5.611721367695164,5.611721367695164,5.611715364572639,5.611703358338264,5.611685349013405,5.6116613366301,5.611631321231067
5.613066137717155,5.613096166002196,5.61312018869436,5.613138205750894,5.61315021713973,5.613156222839493,5.613156222839493,5.61315021713973,5.613138205750894,5.61312018869436,5.613096166002196,5.613066137717155
5.614509350790421,5.614539392036918,5.6145634250983,5.6145814499317765,5.614593466505256,5.614599474797344,5.614599474797344,5.614593466505256,5.6145814499317765,5.6145634250983,5.614539392036918,5.614509350790421
5.6159609671714685,5.615991021454935,5.616015064945942,5.616033097601669,5.616045119389996,5.616051130289513,5.616051130289513,5.616045119389996,5.616033097601669,5.616015064945942,5.615991021454935,5.6159609671714685
5.617420993610959,5.617451061006967,5.617475114988059,5.61749315551138,5.617505182544785,5.617511196066845,5.617511196066845,5.617505182544785,5.61749315551138,5.617475114988059,5.617451061006967,5.617420993610959
5.618889436889489,5.6189195174736755,5.618943582005363,5.61896163044166,5.618973662750398,5.6189796789101285,5.6189796789101285,5.618973662750398,5.61896163044166,5.618943582005363,5.6189195174736755,5.618889436889489
5.620366303817485,5.620396397665548,5.620420472808391,5.620438529203086,5.620450566817435,5.6204565856299755,5.6204565856299755,5.620450566817435,5.620438529203086,5.620420472808391,5.620396397665548,5.620366303817485
5.621851601235073,5.621881708422778,5.621905794237387,5.621923858635937,5.621935901586205,5.621941923066711,5.621941923066711,5.621935901586205,5.621923858635937,5.621905794237387,5.621881708422778,5.621851601235073
5.623345336011978,5.623375456615152,5.623399553162192,5.623417625610093,5.623429673926612,5.623435698090247,5.623435698090247,5.623429673926612,5.623417625610093,5.623399553162192,5.623375456615152,5.623345336011978
5.624847515047403,5.624877649141936,5.624901756482116,5.624919837024909,5.624931890738034,5.624937917599976,5.624937917599976,5.624931890738034,5.624919837024909,5.624901756482116,5.624877649141936,5.624847515047403
5.626358145269899,5.626388292931752,5.626412411125842,5.626430499809095,5.626442558949211,5.626448588524652,5.626448588524652,5.626442558949211,5.626430499809095,5.626412411125842,5.626388292931752,5.626358145269899
5.627877233637273,5.627907394942467,5.62793152405128,5.627949620920611,5.627961685518126,5.627967717822271,5.627967717822271,5.627961685518126,5.627949620920611,5.62793152405128,5.627907394942467,5.627877233637273
5.629404787136447,5.629434962161068,5.629459102245479,5.629477207346538,5.6294892774318885,5.629495312479955,5.629495312479955,5.6294892774318885,5.629477207346538,5.629459102245479,5.629434962161068,5.629404787136447
5.630940812783359,5.630971001603559,5.6309951527244895,5.631013266102971,5.631025341706616,5.631031379513837,5.631031379513837,5.631025341706616,5.631013266102971,5.6309951527244895,5.630971001603559,5.630940812783359
5.632485317622828,5.632515520314827,5.632539682533253,5.632557804234887,5.632569885387317,5.632575925968934,5.632575925968934,5.632569885387317,5.632557804234887,5.632539682533253,5.632515520314827,5.632485317622828
5.634038308728449,5.634068525368535,5.6340926987454845,5.634110828816043,5.634122915547772,5.634128958919043,5.634128958919043,5.634122915547772,5.634110828816043,5.6340926987454845,5.634068525368535,5.634038308728449
5.635599793202472,5.635630023866995,5.63565420846355,5.635672346948847,5.635684439290417,5.635690485466611,5.635690485466611,5.635684439290417,5.635672346948847,5.63565420846355,5.635630023866995,5.635599793202472
5.637169778175677,5.637200022941056,5.6372242188183534,5.637242365764239,5.637254463746217,5.637260512742623,5.637260512742623,5.637254463746217,5.637242365764239,5.6372242188183534,5.637200022941056,5.637169778175677
5.638748270807258,5.638778529749983,5.638802736969212,5.63882089242158,5.638832996074561,5.6388390479064725,5.6388390479064725,5.638832996074561,5.63882089242158,5.638802736969212,5.638778529749983,5.638748270807258
5.640335278284709,5.640365551481333,5.640389770103738,5.640407934108522,5.640420043463131,5.640426098145859,5.640426098145859,5.640420043463131,5.640407934108522,5.640389770103738,5.640365551481333,5.640335278284709
5.641930807823696,5.641961095350842,5.641985325437723,5.642003498040896,5.64201561312778,5.642021670676652,5.642021670676652,5.64201561312778,5.642003498040896,5.641985325437723,5.641961095350842,5.641930807823696
5.643534866667943,5.6435651686023025,5.643589410215013,5.643607591462591,5.643619712312427,5.643625772742781,5.643625772742781,5.643619712312427,5.643607591462591,5.643589410215013,5.6435651686023025,5.643534866667943
5.6451474620891045,5.645177778507441,5.64520203170739,5.645220221645429,5.645232348288923,5.64523841161611,5.64523841161611,5.645232348288923,5.645220221645429,5.64520203170739,5.645177778507441,5.6451474620891045
5.6467686013866585,5.646798932365799,5.6468231972144505,5.646841395889051,5.646853528356933,5.64685959459632,5.64685959459632,5.646853528356933,5.646841395889051,5.6468231972144505,5.646798932365799,5.6467686013866585
5.648398291887771,5.648428637504615,5.648452914063487,5.648471121520789,5.648483259843821,5.648489329010788,5.648489329010788,5.648483259843821,5.648471121520789,5.648452914063487,5.648428637504615,5.648398291887771
5.650036540947178,5.650066901278697,5.650091189609368,5.6501094058955506,5.650121550104522,5.650127622214462,5.650127622214462,5.650121550104522,5.6501094058955506,5.650091189609368,5.650066901278697,5.650036540947178
5.651683355947077,5.651713731070309,5.651738031234407,5.651756256395698,5.651768406521423,5.651774481589746,5.651774481589746,5.651768406521423,5.651756256395698,5.651738031234407,5.651713731070309,5.651683355947077
5.653338744296986,5.653369134289041,5.653393446348258,5.6534116804309225,5.6534238365042455,5.653429914546373,5.653429914546373,5.6534238365042455,5.6534116804309225,5.653393446348258,5.653369134289041,5.653338744296986
5.655002713433635,5.655033118371695,5.655057442387776,5.655075685438122,5.655087847489918,5.6550939285212865,5.6550939285212865,5.655087847489918,5.655075685438122,5.655057442387776,5.655033118371695,5.655002713433635
5.656675270820842,5.65670569078216,5.656730026816906,5.656748278881287,5.656760446942456,5.656766530978515,5.656766530978515,5.656760446942456,5.656748278881287,5.656730026816906,5.65670569078216,5.656675270820842
5.658356423949386,5.6583868590112845,5.658411207126557,5.6584294682513665,5.658441642352839,5.658447729409055,5.658447729409055,5.658441642352839,5.6584294682513665,5.658411207126557,5.6583868590112845,5.658356423949386
5.660046180336888,5.660076630576764,5.660100990834479,5.660119261066157,5.660131441238891,5.660137531330742,5.660137531330742,5.660131441238891,5.660119261066157,5.660100990834479,5.660076630576764,5.660046180336888
5.6617445475276895,5.661775013023011,5.661799385485144,5.661817664870169,5.6618298511451535,5.661835944288133,5.661835944288133,5.6618298511451535,5.661817664870169,5.661799385485144,5.661775013023011,5.6617445475276895
5.663451533092722,5.663482013921032,5.663506398649614,5.663524687234515,5.663536879642764,5.663542975852383,5.663542975852383,5.663536879642764,5.663524687234515,5.663506398649614,5.663482013921032,5.663451533092722
5.665167144629396,5.665197640868306,5.665222037925432,5.665240335756774,5.665252534329337,5.665258633621117,5.665258633621117,5.665252534329337,5.665240335756774,5.665222037925432,5.665197640868306,5.665167144629396
5.666891389761466,5.6669219014886645,5.666946310936483,5.666964618060883,5.666976822828832,5.666982925218312,5.666982925218312,5.666976822828832,5.666964618060883,5.666946310936483,5.6669219014886645,5.666891389761466
5.668624276138913,5.668654803432162,5.668679225332883,5.668697541796995,5.668709752791436,5.668715858294167,5.668715858294167,5.668709752791436,5.668697541796995,5.668679225332883,5.668654803432162,5.668624276138913
5.67036581143782,5.670396354374954,5.670420788790846,5.670439114641372,5.670451331893441,5.6704574405249915,5.6704574405249915,5.670451331893441,5.670439114641372,5.670420788790846,5.670396354374954,5.67036581143782
5.672116003360247,5.672146562019176,5.672171009012565,5.672189344296253,5.672201567837114,5.672207679613065,5.672207679613065,5.672201567837114,5.672189344296253,5.672171009012565,5.672146562019176,5.672116003360247
5.673874859634107,5.673905434092813,5.673929893726092,5.67394823848973,5.673960468350577,5.673966583286527,5.673966583286527,5.673960468350577,5.67394823848973,5.673929893726092,5.673905434092813,5.673874859634107
5.67564238801304,5.675672978349586,5.675697450685197,5.675715804975625,5.675728041187681,5.67573415929924,5.67573415929924,5.675728041187681,5.675715804975625,5.675697450685197,5.675672978349586,5.67564238801304
5.677418596276293,5.677449202568811,5.6774736876692655,5.6774920515333624,5.677504294127883,5.677510415430678,5.677510415430678,5.677504294127883,5.6774920515333624,5.6774736876692655,5.677449202568811,5.677418596276293
5.679203492228585,5.679234114555289,5.6792586124831566,5.679276985967849,5.6792892349761175,5.679295359485794,5.679295359485794,5.6792892349761175,5.679276985967849,5.679258612483155,5.679234114555289,5.679203492228585
5.680997083700001,5.681027722139177,5.681052232957084,5.681070616109347,5.681082871562679,5.681088999294893,5.681088999294893,5.681082871562679,5.681070616109347,5.681052232957083,5.681027722139175,5.6809970837
5.6827993785458455,5.682830033175854,5.682854556946496,5.682872949813344,5.682885211743086,5.68289134271351,5.68289134271351,5.682885211743086,5.682872949813343,5.682854556946495,5.682830033175853,5.682799378545845
5.684610384646527,5.684641055545812,5.684665592331937,5.684683994960438,5.684696263397965,5.684702397622289,5.684702397622289,5.684696263397965,5.684683994960438,5.684665592331936,5.684641055545811,5.684610384646527
5.68643010990744,5.686460797154515,5.686485347018939,5.686503759456204,5.686516034432925,5.686522171926849,5.686522171926849,5.686516034432925,5.686503759456203,5.686485347018939,5.686460797154514,5.686430109907438
5.68825856225882,5.6882892659322835,5.688313828937883,5.688332251231066,5.6883445327784194,5.6883506735576645,5.6883506735576645,5.688344532778418,5.688332251231066,5.688313828937882,5.688289265932282,5.688258562258818
5.69009574965564,5.690126469834162,5.690151046043875,5.6901694782401835,5.690181766389636,5.690187910469938,5.6901879104699375,5.690181766389636,5.690169478240182,5.690151046043874,5.69012646983416,5.690095749655638
5.691941680077467,5.691972416839799,5.691997006316627,5.69201544846331,5.692027743246365,5.692033890643472,5.692033890643472,5.692027743246363,5.692015448463308,5.691997006316624,5.691972416839797,5.691941680077464
5.693796361528344,5.693827114953317,5.6938517177603245,5.693870169904678,5.693882471352869,5.693888622082548,5.6938886220825475,5.693882471352866,5.693870169904676,5.693851717760319,5.693827114953312,5.693796361528341
5.695659802036667,5.695690572203188,5.695715188403499,5.6957336505928735,5.695745958737758,5.695752112815794,5.695752112815793,5.695745958737757,5.695733650592868,5.695715188403494,5.695690572203182,5.695659802036661
5.697532009655048,5.697562796642103,5.697587426298911,5.697605898580695,5.697618213453875,5.697624370896061,5.697624370896061,5.697618213453871,5.69760589858069,5.697587426298904,5.697562796642095,5.697532009655041
5.699412992460198,5.6994437963468565,5.699468439523414,5.69948692194505,5.699499243578149,5.6995054044003,5.699505404400297,5.699499243578143,5.699486921945041,5.699468439523403,5.699443796346845,5.6994129924601875
5.701302758552796,5.701333579418204,5.70135823617783,5.701376728786806,5.701389057211483,5.701395221429429,5.701395221429426,5.701389057211475,5.701376728786793,5.701358236177815,5.701333579418188,5.701302758552782
5.703201316057367,5.703232153980752,5.703256824386826,5.703275327230679,5.703287662478626,5.703293830108211,5.703293830108208,5.703287662478615,5.703275327230662,5.703256824386805,5.7032321539807285,5.703201316057346
5.705108673122147,5.705139528182816,5.705164212298787,5.705182725425102,5.705195067528042,5.705201238585127,5.705201238585122,5.705195067528026,5.705182725425076,5.705164212298757,5.705139528182784,5.705108673122117
5.707024837918964,5.707055710196307,5.707080408085685,5.7070989315420935,5.707111280531783,5.707117455032247,5.7071174550322405,5.707111280531759,5.70709893154206,5.707080408085642,5.707055710196261,5.7070248379189215
5.708949818643107,5.708980708216593,5.7090054199429545,5.709023953777142,5.709036309685365,5.709042487645103,5.709042487645091,5.709036309685333,5.70902395377709,5.709005419942894,5.708980708216528,5.7089498186430445
5.710883623513199,5.7109145304623805,5.710939256089368,5.710957800349062,5.710970163207643,5.71097634464256,5.710976344642545,5.710970163207596,5.710957800348991,5.710939256089281,5.710914530462289,5.710883623513112
5.712826260771073,5.712857185175585,5.712881924766904,5.712900479499886,5.7129128493406744,5.7129190342667,5.712919034266676,5.71291284934061,5.712900479499786,5.712881924766782,5.712857185175456,5.712826260770951
5.714777738681644,5.714808680621201,5.7148334342406235,5.714851999494722,5.714864376349604,5.714870564782675,5.714870564782643,5.714864376349512,5.714851999494582,5.714833434240452,5.714808680621017,5.714777738681471
5.716738065532773,5.716769025087176,5.716793792798543,5.716812368621635,5.716824752522528,5.716830944478603,5.716830944478558,5.716824752522398,5.716812368621437,5.716793792798301,5.716769025086918,5.71673806553253
5.718707249635159,5.718738226884289,5.7187630087515045,5.718781595191518,5.718793986170368,5.718800181665419,5.718800181665356,5.718793986170185,5.718781595191237,5.718763008751161,5.718738226883925,5.718707249634815
5.7206852993221915,5.720716294346018,5.720741090433052,5.720759687537961,5.720772085626751,5.720778284676762,5.720778284676673,5.720772085626493,5.720759687537566,5.720741090432566,5.720716294345502,5.720685299321706
5.722672222949839,5.72270323582841,5.7227280461993,5.722746654017131,5.722759059247872,5.722765261868845,5.722765261868718,5.722759059247506,5.7227466540165715,5.722728046198614,5.72270323582768,5.722672222949153
5.724668028896512,5.724699059709964,5.724723884428815,5.724742503007636,5.7247549154123725,5.7247611216203165,5.72476112162014,5.7247549154118555,5.724742503006848,5.724723884427846,5.724699059708932,5.724668028895542
5.726672725562944,5.726703774391497,5.726728613522479,5.726747242910415,5.726759662521212,5.726765872332155,5.726765872331901,5.726759662520484,5.726747242909298,5.726728613521109,5.72670377439004,5.726672725561573
5.728686321372061,5.7287173882960225,5.728742241903371,5.7287608821485865,5.728773308997546,5.728779522427516,5.728779522427159,5.728773308996514,5.728760882147008,5.728742241901434,5.728717388293963,5.728686321370125
5.730708824768858,5.730739909868624,5.730764778016641,5.730783429167347,5.7307958632865885,5.730802080351626,5.73080208035112,5.730795863285135,5.7307834291651165,5.730764778013906,5.730739909865712,5.730708824766121
5.732740244220277,5.732771347576328,5.7327962303293845,5.732814892433835,5.732827333855504,5.732833554571643,5.732833554570929,5.732827333853447,5.732814892430684,5.73279623032552,5.732771347572217,5.732740244216413
5.734780588215086,5.734811709907998,5.734836607330522,5.734855280437009,5.734867729193261,5.7348739535765345,5.734873953575526,5.734867729190356,5.7348552804325585,5.734836607325063,5.734811709902187,5.734780588209627
5.736829865263754,5.736861005374189,5.73688591753068,5.736904601687529,5.736917057810528,5.736923285876951,5.736923285875526,5.736917057806425,5.73690460168124,5.736885917522967,5.7368610053659825,5.73682986525604
5.738888083898339,5.738919242507062,5.738944169462069,5.738962864717633,5.738975328239544,5.7389815600051,5.7389815600030865,5.738975328233745,5.738962864708751,5.738944169451172,5.738919242495464,5.738888083887442
5.740955252672377,5.740986429860243,5.741011371678383,5.741030078081033,5.741042549033994,5.74104878451462,5.741048784511773,5.741042549025803,5.741030078068482,5.741011371662988,5.7409864298438595,5.74095525265698
5.74303138016077,5.743062576008748,5.743087532754684,5.743106250352788,5.743118728768902,5.743124967980454,5.743124967976434,5.743118728757327,5.743106250335057,5.743087532732932,5.7430625759856,5.743031380139018
5.745116474959707,5.745147689548869,5.7451726612873095,5.745191390129226,5.745203876040514,5.745210118998738,5.745210118993058,5.745203876024162,5.745191390104174,5.7451726612565786,5.745147689516166,5.745116474928976
5.747210545686558,5.747241779098106,5.7472667658938,5.747285506027831,5.747297999466204,5.747304246186669,5.747304246178647,5.747297999443101,5.747285505992437,5.747266765850382,5.747241779051902,5.747210545643141
5.749313600979837,5.749344853295107,5.7493698552128185,5.749388606687184,5.749401107684366,5.749407358182402,5.749407358171065,5.749401107651728,5.749388606637178,5.749369855151478,5.749344853229831,5.749313600918499
5.751425649499151,5.751456920799635,5.751481937904133,5.751500700766902,5.751513209354352,5.75151946364492,5.751519463628906,5.751513209308239,5.751500700696255,5.751481937817472,5.751456920707412,5.7514256494124885
5.753546699925201,5.753577990292583,5.753603022648608,5.753621796947625,5.7536343131563985,5.753640571253957,5.7536405712313305,5.753634313091251,5.753621796847812,5.753603022526171,5.753577990162288,5.753546699802765
5.75567676095985,5.755708070476038,5.755733118148266,5.755751903931025,5.7557644277916085,5.755770689709877,5.755770689677911,5.755764427699565,5.755751903790009,5.755733117975284,5.755708070291956,5.755676760786872
5.757815841326246,5.757847170073433,5.757872233126413,5.757891030439904,5.757903561981951,5.757909827733615,5.757909827688452,5.757903561851913,5.757891030240673,5.757872232882024,5.75784716981336,5.75781584108186
5.759963949769064,5.75999529782981,5.76002037632789,5.760039185218355,5.760051724470342,5.760057994066601,5.760057994002798,5.7600517242866225,5.760039184936883,5.760020375982613,5.7599952974623765,5.759963949423793
5.762121095054897,5.762152462512244,5.76217755651945,5.762196377032068,5.762208924020779,5.762215197470747,5.762215197380603,5.76220892376122,5.762196376634399,5.7621775560316415,5.76215246199313,5.762121094567096
5.764287285972868,5.764318672910499,5.76434378249038,5.764362614668791,5.764375169418617,5.764381446728432,5.764381446601077,5.764375169051907,5.764362614106961,5.764343781801198,5.764318672177092,5.7642872852836975
5.76646253133553,5.766493937838,5.766519063053398,5.766537906939051,5.766550469470978,5.766556750642588,5.766556750462653,5.7665504689528895,5.7665379061452935,5.766519062079714,5.766493936801835,5.7664625303618635
5.768646839980208,5.7686782661332625,5.768703407045992,5.768722262677224,5.7687348330074215,5.768741118036819,5.7687411177826124,5.768734832275458,5.768722261555798,5.768703405670364,5.768678264669361,5.768646838604604
5.770840220770944,5.770871666661979,5.770896823332369,5.7709156907430925,5.770928268880894,5.770934557755689,5.77093455739654,5.770928267846775,5.77091568915873,5.770896821388869,5.770871664593763,5.770840218827478
5.773042682601286,5.773074148319983,5.773099320806244,5.773118200024096,5.773130785969187,5.773137078665098,5.773137078157693,5.7731307845081705,5.7731181977856965,5.773099318060452,5.77307414539799,5.773042679855539
5.775254234398297,5.775285720037541,5.775310908394848,5.7753297994385795,5.775342393176974,5.775348689652946,5.775348688936077,5.77534239111284,5.775329796276147,5.7753109045155675,5.775285715909323,5.7752542305190815
5.777474885128261,5.777506390785414,5.777531595064632,5.7775504979404175,5.777563099438821,5.777569399630066,5.77756939861727,5.7775630965225915,5.777550493472507,5.777531589583949,5.777506384953032,5.777474879647671
5.779704643804804,5.779736169583519,5.779761389829389,5.779780304525616,5.779792913723421,5.779799217531633,5.779799216100745,5.779792909603346,5.7797802982133115,5.7797613820862335,5.779736161343479,5.779704636061778
5.781943519500409,5.781975065513196,5.782000301761776,5.782019228241669,5.782031845039679,5.782038152319184,5.782038150297612,5.782031839218801,5.782019219323592,5.782000290822179,5.781975053871597,5.781943508560997
5.78419152136276,5.78422308773459,5.784248340009644,5.784267278200866,5.784279902445339,5.7842862129835275,5.7842862101274335,5.7842798942215525,5.784267265601326,5.784248324554087,5.784223071287237,5.784191505907461
5.786448658637848,5.786480245511274,5.786505513819163,5.786524463599099,5.786537095059229,5.7865434085489245,5.786543404513809,5.786537083440592,5.78652444579836,5.786505491983418,5.786480222274309,5.786448636802468
5.788714940702712,5.788746548245073,5.788771832567546,5.788790793742539,5.788803432078613,5.788809748079024,5.788809742378178,5.788803415663701,5.788790768593499,5.788771801717814,5.788746515415687,5.7887149098534945
5.79099037711171,5.791022005525339,5.791047305809332,5.791066278085324,5.791078922803764,5.791085240685315,5.79108523263111,5.791078899612634,5.791066242554543,5.791047262224559,5.791021959143694,5.790990333527667
5.793274977661973,5.793306627198593,5.793331943341833,5.793350926282906,5.79336357667272,5.79336989553912,5.79336988416007,5.793363543908088,5.7933508760847054,5.793331881764884,5.793306561670198,5.793274916086054
5.795568752485906,5.795600423466981,5.795625755297645,5.795644748267424,5.795657403310462,5.79566372188859,5.795663705812167,5.795657357020303,5.795644677346967,5.795625668301191,5.79560033088789,5.795568665490907
5.79787171218194,5.797903405027432,5.797928752275401,5.797947754354292,5.797960412598421,5.797966729082763,5.797966706369854,5.797960347199282,5.79794765415725,5.797928629366045,5.797903274230879,5.797871589274645
5.800183867999316,5.800215583268295,5.8002409455245445,5.800259955392805,5.800272614772753,5.8002789266056265,5.800278894516631,5.800272522376282,5.800259813833549,5.800240771877129,5.800215398477773,5.800183694354809
5.802505232099177,5.802536970547206,5.802562347206449,5.802581362978977,5.802594020563226,5.802600324124272,5.802600278788667,5.802593890024697,5.802581162982828,5.802562101875852,5.802536709473524,5.802504986772692
5.80483581792351,5.804867580583716,5.804892970763346,5.804911989756302,5.804924641389492,5.804930931557015,5.804930867506496,5.804924456963556,5.80491170720001,5.804892624158108,5.804867211736491,5.804835471324083
5.807175640716413,5.807207429014012,5.8072328314396096,5.8072518498407,5.807264489638455,5.8072707591696835,5.807270668678598,5.80726422907998,5.807251450642746,5.807232341752643,5.80720690790332,5.807175151037656
5.80952471826059,5.809556534174687,5.809581947018267,5.809600959420931,5.809613579056178,5.809619817711736,5.809619689865273,5.809613210937147,5.8096003954306985,5.809581255184096,5.809555797944668,5.8095240264380195
5.81188307191788,5.811914918210051,5.811940338861534,5.8119593376069005,5.811971925301637,5.811978118608699,5.811977937986446,5.8119714052205484,5.811958540796907,5.8119393614318025,5.811913878057124,5.811882094504539
5.814250728099316,5.814282608636551,5.8143080333809145,5.814327007628121,5.814339546729118,5.814345674234148,5.814345419050365,5.814338811955837,5.814325881888899,5.8143066524587,5.814281139097538,5.8142493472002625
5.816627720341993,5.8166596405529996,5.816685064114086,5.816703998526816,5.816716465493547,5.8167224982941885,5.8167221377707135,5.816715427404235,5.816702408074988,5.816683113132665,5.816657564370578,5.816625769393301
5.819014092243209,5.819046059763286,5.819071474659103,5.819090347549627,5.819102709111875,5.819108606370927,5.819108097026504,5.81910124250281,5.819088100551658,5.819068718289137,5.819043126501928,5.8190113359194875
5.821409901605839,5.821441927188669,5.821467322819835,5.821486103525754,5.8214983126680915,5.821504016690554,5.821503297100784,5.821496240662974,5.821482928963875,5.821463428579657,5.8214377830182205,5.821406007431011
5.82381522629539,5.823847325103436,5.823872686463122,5.823891331637356,5.823903321925691,5.8239087512085685,5.823907734608984,5.823900394665137,5.823886846631889,5.823867184603213,5.823841470096414,5.823809724527823
5.8262301725169765,5.826262365951,5.826287671795885,5.826306120153441,5.826317797716851,5.826322837141701,5.826321400993709,5.826313662283685,5.826299783812193,5.8262798986068045,5.826254093718587,5.826222399458383
5.8286548865164445,5.8286872048185945,5.828712425066454,5.828730589928627,5.828741822120952,5.828746309126451,5.828744280418697,5.82873598013649,5.828721638188915,5.828701442740719,5.828675517140466,5.828643904375104
5.831089571134796,5.831122057117477,5.831147149119272,5.831164907784607,5.831175507132078,5.831179212248848,5.831176346841745,5.831167255072621,5.83115226147377,5.83113163241904,5.831105543099964,5.831074054695146
5.833534509263669,5.833567223719926,5.833592126850764,5.8336093053149,5.833619006739363,5.833621606264478,5.833617559995069,5.833607352200775,5.833591440566102,5.833570202697965,5.833543888461554,5.8335125854791485
5.8359900971717735,5.836023126915714,5.83604775453635,5.83606410518628,5.836072533556083,5.8360735713881855,5.8360678599852855,5.836056078474924,5.836038871186455,5.836016774624143,5.835990147828106,5.835959117780136
5.838456892098377,5.838490362447543,5.838514589424744,5.838529757583604,5.838536381164496,5.838535216003763,5.838527160337636,5.838513160774861,5.838494121316783,5.8384708070042715,5.838443740646667,5.8384131104139385
5.840935680822023,5.840969776508539,5.840993418307912,5.841006889748574,5.841010952711693,5.841006686323901,5.840995339782715,5.840978218158345,5.840956581477557,5.840931526589122,5.840903832479668,5.84087379014449
5.843427579807921,5.843462584558195,5.843485357670319,5.843496370524185,5.843496793749365,5.843488176937809,5.843472234446995,5.84345073072526,5.843425399959772,5.8433978254917776,5.8433692126146175,5.843340049103963
5.845934183871558,5.845970569292037,5.845992002355679,5.845999386004751,5.845994619905051,5.845979938311342,5.8459576354164575,5.845930015399527,5.845899407193542,5.845868107834713,5.845838088393274,5.845810291443134
5.848457787070851,5.848496456374054,5.848515646465047,5.848517501253587,5.8485053115771315,5.848482271005129,5.84845130351848,5.848415238260452,5.8483770555613,5.8483400602221725,5.848307691621146,5.848282203809939
5.851001680168157,5.851044777606729,5.8510595808324375,5.8510526159306595,5.851029809107793,5.85099548556993,5.850953024336373,5.850905533490983,5.8508564714784,5.850810340759743,5.850773368925239,5.850752444383396
5.85357030079805,5.853624352941492,5.853628243231645,5.853606532436893,5.853568783256767,5.853519797722496,5.853462734641888,5.85340035974435,5.8533359159344105,5.853274422221884,5.853225958721797,5.853216486082371
5.852278568606629,5.856257054977162,5.8562254715732465,5.856179452182946,5.85612195860303,5.856055152247268,5.855980721568308,5.8559002196886585,5.855815375043646,5.855728438193362,5.855642522352505,5.851965960051135
