7.317658243270637,7.31771155680084,7.317776416561204,7.31771155680084,7.317658243270637
7.317604929740435,7.3177995108355525,7.317864371793133,7.3177995108355525,7.317604929740435
7.317776410463116,7.317970998632159,7.318035861947749,7.317970998632159,7.317776410463116
7.318031424678753,7.318226023404229,7.318290890238679,7.318226023404229,7.318031424678753
7.318369977384819,7.318564590149586,7.318629461663869,7.318564590149586,7.318369977384819
7.318792075363131,7.3189867056505244,7.319051583005767,7.3189867056505244,7.318792075363131
7.319297727180122,7.319492378474074,7.319557262831604,7.319492378474074,7.319297727180122
7.3198869431871865,7.320081618972345,7.320146511493731,7.320081618972345,7.3198869431871865
7.320559735521089,7.320754439282948,7.320819341130035,7.320754439282948,7.320559735521089
7.321316118104456,7.3215108533294675,7.321575765664425,7.3215108533294675,7.321316118104456
7.322156106646334,7.322350876822037,7.322415800807395,7.322350876822037,7.322156106646334
7.323079718642812,7.323274527257956,7.323339464056646,7.323274527257956,7.323079718642812
7.324086973377732,7.324281823922393,7.3243467746977915,7.324281823922393,7.324086973377732
7.325177891923453,7.325372787889163,7.32543775380513,7.325372787889163,7.325177891923453
7.326352497141706,7.3265474420215675,7.32661242424249,7.3265474420215675,7.326352497141706
7.3276108136845,7.327805810973315,7.327870810664143,7.327805810973315,7.3276108136845
7.328952867995113,7.329147921189506,7.329212939515798,7.329147921189506,7.328952867995113
7.330378688309155,7.33057380090769,7.33063883903565,7.33057380090769,7.330378688309155
7.3318883046556955,7.332083480159005,7.332148539255528,7.332083480159005,7.3318883046556955
7.333481748858471,7.333676990769375,7.333742072002085,7.333676990769375,7.333481748858471
7.33515905453716,7.3353543663607885,7.3354194708980796,7.3353543663607885,7.33515905453716
7.336920257108723,7.337115642352643,7.337180771363721,7.337115642352643,7.336920257108723
7.338765393788834,7.3389608559631725,7.339026010618095,7.3389608559631725,7.338765393788834
7.340694503593364,7.340890046210925,7.340955227680647,7.340890046210925,7.340694503593364
7.3427076273399505,7.342903253916347,7.342968463372754,7.342903253916347,7.3427076273399505
7.3448048076496315,7.345000521703402,7.345065760319359,7.345000521703402,7.3448048076496315
7.34698608894855,7.347181894001289,7.347247162950676,7.347181894001289,7.34698608894855
7.349251517469744,7.34944741704622,7.349512717503979,7.34944741704622,7.349251517469744
7.3516011412549975,7.3517971388832795,7.351862472025449,7.3517971388832795,7.3516011412549975
7.354035010156759,7.354231109368342,7.354296476372106,7.354231109368342,7.354035010156759
7.356553175840156,7.356749380170083,7.356814782213805,7.356749380170083,7.356553175840156
7.35915569178505,7.359352004772041,7.35941744303531,7.359352004772041,7.35915569178505
7.361842613288197,7.362039038474768,7.3621045141384425,7.362039038474768,7.361842613288197
7.364613997465458,7.364810538398047,7.364876052644291,7.364810538398047,7.364613997465458
7.36746990325409,7.367666563483187,7.367732117495512,7.367666563483187,7.36746990325409
7.370410391415111,7.370607174495379,7.370672769458692,7.370607174495379,7.370410391415111
7.37343552453574,7.373632434026142,7.37369807112678,7.373632434026142,7.37343552453574
7.376545367031907,7.376742406495831,7.376808086921607,7.376742406495831,7.376545367031907
7.379739985150838,7.379937158156222,7.38000288309647,7.379937158156222,7.379739985150838
7.383019446973714,7.383216757093177,7.383282527738781,7.383216757093177,7.383019446973714
7.386383822418401,7.386581273229363,7.386647090772819,7.386581273229363,7.386383822418401
7.389833183242263,7.390030778327077,7.390096643962518,7.390030778327077,7.389833183242263
7.393367603045037,7.39356534599111,7.393631260914357,7.39356534599111,7.393367603045037
7.396987157271785,7.397185051671715,7.397251017080318,7.397185051671715,7.396987157271785
7.400691923215938,7.400889972667629,7.400955989760907,7.400889972667629,7.400691923215938
7.404481980022381,7.4046801881291815,7.404746258108266,7.4046801881291815,7.404481980022381
7.408357408690643,7.408555779061466,7.408621903129348,7.408555779061466,7.408357408690643
7.412318292078147,7.412516828327604,7.412583007689172,7.412516828327604,7.412318292078147
7.416364714903541,7.416563420652067,7.416629656514149,7.416563420652067,7.416364714903541
7.4204967637501005,7.420695642624083,7.420761936195492,7.420695642624083,7.4204967637501005
7.4247145270692005,7.424913582701111,7.424979935192691,7.424913582701111,7.4247145270692005
7.429018095183885,7.429217331212403,7.429283743837063,7.429217331212403,7.429018095183885
7.433407560292478,7.4336069803626295,7.433673454335398,7.4336069803626295,7.433407560292478
7.437883016472306,7.438082624235587,7.438149160773645,7.438082624235587,7.437883016472306
7.442444559683474,7.4426443587979785,7.442710959120712,7.4426443587979785,7.442444559683474
7.447092287772715,7.447292281903275,7.447358947232307,7.447292281903275,7.447092287772715
7.4518263004773395,7.452026493295644,7.452093224854896,7.452026493295644,7.4518263004773395
7.456646699429238,7.456847094613976,7.45691389362969,7.456847094613976,7.456646699429238
7.461553588158968,7.461754189395952,7.461821057096752,7.461754189395952,7.461553588158968
7.466547072099919,7.466747883082219,7.466814820699149,7.466747883082219,7.466547072099919
7.471627258592561,7.47182828302064,7.471895291787202,7.47182828302064,7.471627258592561
7.476794256888754,7.476995498470595,7.477062579622807,7.476995498470595,7.476794256888754
7.4820481781561545,7.482249640607399,7.482316795383822,7.482249640607399,7.4820481781561545
7.487389135482678,7.487590822526757,7.487658052168555,7.487590822526757,7.487389135482678
7.492817243881064,7.493019159249333,7.49308646500031,7.493019159249333,7.492817243881064
7.498332620293506,7.498534767725375,7.498602150832017,7.498534767725375,7.498332620293506
7.503935383596342,7.504137766839419,7.5042052285509495,7.504137766839419,7.503935383596342
7.509625654604874,7.509828277415089,7.509895818983502,7.509828277415089,7.509625654604874
7.515403556078205,7.515606422219952,7.5156740449000665,7.515606422219952,7.515403556078205
7.521269212724205,7.52147232597048,7.521540031019978,7.52147232597048,7.521269212724205
7.527222751204523,7.527426115337056,7.5274939040165325,7.527426115337057,7.527222751204523
7.533264300139705,7.5334679189490945,7.533535792522104,7.533467918949098,7.533264300139705
7.539393990114368,7.539597867400221,7.539665827133323,7.539597867400235,7.539393990114368
7.545611953682471,7.545816093253528,7.545884140416341,7.545816093253582,7.545611953682471
7.5519183253726565,7.552122731046904,7.552190866912183,7.552122731047108,7.5519183253726565
7.5583132416936785,7.55851791729838,7.558586143142168,7.558517917299139,7.5583132416936785
7.564796841139911,7.565001790511333,7.565070107613421,7.565001790514168,7.564796841139911
7.571369264196937,7.571574491178975,7.571642900824456,7.571574491189552,7.571369264196936
7.578030653347211,7.578236161785859,7.578304665270852,7.578236161825336,7.578030653347208
7.584781153075819,7.584986946798156,7.585055545451002,7.584986946945485,7.58478115307581
7.591620909876293,7.591826992611698,7.591895687871933,7.591826993161545,7.591620909876261
7.598550072256482,7.598756447342243,7.5988252410551524,7.598756449394333,7.598550072256363
7.605568790744182,7.605775460026796,7.6058443555422475,7.605775467685426,7.605568790743737
7.612677217891054,7.612884177627389,7.612953183898618,7.612884206210242,7.612677217889394
7.619875508265753,7.620082733837217,7.6201518807059605,7.620082840511589,7.619875508259557
7.627163818382866,7.6273712073158535,7.627440602488777,7.627371605436437,7.6271638183597315
7.634542306253542,7.634749465968602,7.634819507255951,7.634750951798756,7.634542306167169
7.642011128716847,7.642216586736828,7.642288751798345,7.642222132019732,7.642011128394372
7.6495704257837405,7.649768695852372,7.649848475907128,7.6497893914632105,7.64957042457977
7.657220229090318,7.657390941507309,7.657498710359919,7.657468179822864,7.657220224595244
7.664959927300551,7.6650277278568035,7.66523884059178,7.665315989820879,7.664959910517936
7.6610359714134795,7.672472749348752,7.673064480701246,7.673548574991446,7.66107457381144
