5.396676191750089,5.396712044672498,5.396752639854328,5.396712044672498,5.396676191750089
5.39664033882768,5.396762125210037,5.396802721004384,5.396762125210037,5.39664033882768
5.396752636220178,5.396874426768987,5.396915023952168,5.396874426768987,5.396752636220178
5.3969271545374395,5.397048951581745,5.397089550930121,5.397048951581745,5.3969271545374395
5.397163897371329,5.397285703240405,5.397326305530411,5.397285703240405,5.397163897371329
5.397462869673462,5.397584686696895,5.39762529270507,5.397584686696895,5.397462869673462
5.3978240777554,5.397945908263172,5.397986518766189,5.397945908263172,5.3978240777554
5.398247529288892,5.3983693756114715,5.39840999138616,5.3983693756114715,5.398247529288892
5.398733233306178,5.398855097774591,5.398895719597974,5.398855097774591,5.398733233306178
5.399281200200324,5.399403085146254,5.399443713795568,5.399403085146254,5.399281200200324
5.399891441725638,5.400013349481499,5.400053985734228,5.400013349481499,5.399891441725638
5.400563970998113,5.400685903897145,5.400726548531042,5.400685903897145,5.400563970998113
5.401298802495943,5.401420762872282,5.401461416665406,5.401420762872282,5.401298802495943
5.4020959520600735,5.402217942248848,5.402258605979585,5.402217942248848,5.4020959520600735
5.402955436894815,5.403077459232228,5.403118133679323,5.403077459232228,5.402955436894815
5.403877275568512,5.403999332391923,5.404040018334506,5.403999332391923,5.403877275568512
5.404861488014251,5.404983581662264,5.405024279879882,5.404983581662264,5.404861488014251
5.405908095530639,5.406030228343186,5.406070939615825,5.406030228343186,5.405908095530639
5.4070171207826165,5.407139295101041,5.407180020209161,5.407139295101041,5.4070171207826165
5.408188587802338,5.408310805969484,5.4083515456940425,5.408310805969484,5.408188587802338
5.409422521990101,5.409544786350393,5.4095855414728735,5.409544786350393,5.409422521990101
5.410718950115315,5.410841263014847,5.410882034317294,5.410841263014847,5.410718950115315
5.412077900317546,5.4122002641041655,5.412241052369206,5.4122002641041655,5.412077900317546
5.4134994021075995,5.413621819130992,5.413662625141863,5.413621819130992,5.4134994021075995
5.414983486368656,5.415105958980432,5.415146783521014,5.415105958980432,5.414983486368656
5.4165301853574634,5.416652715911241,5.416693559766087,5.416652715911241,5.4165301853574634
5.418139532705584,5.41826212355708,5.418302987511437,5.41826212355708,5.418139532705584
5.41981156342069,5.4199342169278,5.419975101767644,5.4199342169278,5.41981156342069
5.421546313887918,5.421669032410804,5.421709938922869,5.421669032410804,5.421546313887918
5.4233438218712715,5.423466607772449,5.423507536744249,5.423466607772449,5.4233438218712715
5.425204126515074,5.425326982159499,5.425367934379361,5.425326982159499,5.425204126515074
5.427127268345486,5.427250196100635,5.427291172357734,5.427250196100635,5.427127268345486
5.42911328927207,5.429236291508034,5.429277292592406,5.429236291508034,5.42911328927207
5.4311622325894024,5.431285311678968,5.431326338381556,5.431285311678968,5.4311622325894024
5.433274142978749,5.4333973012974885,5.43343835441016,5.4333973012974885,5.433274142978749
5.435449066509789,5.435572306436146,5.435613386751724,5.435572306436146,5.435449066509789
5.437687050642398,5.43781037455777,5.437851482870066,5.43781037455777,5.437687050642398
5.439988144228474,5.440111554517306,5.440152691621146,5.440111554517306,5.439988144228474
5.4423523975138295,5.442475896563695,5.442517063254949,5.442475896563695,5.4423523975138295
5.4447798621401295,5.444903452341825,5.444944649417434,5.444903452341825,5.4447798621401295
5.447270591146888,5.4473942748945126,5.447435503152521,5.4473942748945126,5.447270591146888
5.449824638973518,5.4499484186645635,5.4499896789041475,5.4499484186645635,5.449824638973518
5.452442061461429,5.452565939496873,5.4526072325183685,5.452565939496873,5.452442061461429
5.455122915856197,5.455246894640583,5.455288221245514,5.455246894640583,5.455122915856197
5.457867260809763,5.457991342751292,5.458032703742404,5.457991342751292,5.457867260809763
5.460675156382711,5.460799343893329,5.460840740074618,5.460799343893329,5.460675156382711
5.463546664046584,5.463670959542071,5.463712391718805,5.463670959542071,5.463546664046584
5.4664818466862615,5.466606252586321,5.46664772156508,5.466606252586321,5.4664818466862615
5.469480768602394,5.469605287330742,5.469646793919438,5.469605287330742,5.469480768602394
5.472543495513886,5.472668129498334,5.4727096745062545,5.472668129498334,5.472543495513886
5.475670094560443,5.475794846232995,5.475836430470817,5.475794846232995,5.475670094560443
5.478860634305161,5.478985506102103,5.479027130381933,5.478985506102103,5.478860634305161
5.482115184737193,5.482240179099171,5.482281844234569,5.482240179099171,5.482115184737193
5.48543381727444,5.485558936646564,5.485600643452576,5.485558936646564,5.48543381727444
5.488816604766327,5.488941851598253,5.488983600891444,5.488941851598253,5.488816604766327
5.49226362149662,5.492388998242644,5.492430790841124,5.492388998242644,5.49226362149662
5.495774943186305,5.495900452305451,5.495942289028905,5.495900452305451,5.495774943186305
5.499350646996515,5.499476290952625,5.499518172622346,5.499476290952625,5.499350646996515
5.5029908115315225,5.503116592793349,5.503158520232265,5.503116592793349,5.5029908115315225
5.506695516841779,5.506821437883079,5.506863411915785,5.506821437883079,5.506695516841779
5.510464844427026,5.510590907726643,5.510632929179437,5.510590907726643,5.510464844427026
5.514298877239444,5.514425085281413,5.514467154982315,5.514425085281413,5.514298877239444
5.5181976996868745,5.5183240549605035,5.518366173739295,5.5183240549605035,5.5181976996868745
5.522161397636089,5.522287902636056,5.522330071324305,5.522287902636056,5.522161397636089
5.526190058416117,5.52631671564256,5.526358935073659,5.52631671564256,5.526190058416117
5.5302837708216375,5.530410582780246,5.530452853789439,5.530410582780246,5.5302837708216375
5.534442625116421,5.534569594318534,5.534611917742942,5.534569594318534,5.534442625116421
5.538666713036825,5.538793841999523,5.5388362186781865,5.538793841999523,5.538666713036825
5.542956127795371,5.543083419041563,5.543125849815463,5.543083419041564,5.542956127795371
5.547310964084347,5.547438420142871,5.547480905854965,5.547438420142872,5.547310964084347
5.551731318079486,5.551858941485204,5.5519014829804565,5.5518589414852055,5.551731318079486
5.55621728744371,5.556345080737593,5.556387678863011,5.5563450807376,5.55621728744371
5.560768971330913,5.560896937060138,5.560939592664804,5.560896937060168,5.560768971330913
5.56538647038982,5.565514611107849,5.565557325042967,5.565514611107959,5.56538647038982
5.570069886767895,5.57019820503451,5.570240978153498,5.570198205034918,5.570069886767895
5.5748193241153094,5.57494782249649,5.57499065565523,5.5749478224980145,5.5748193241153094
5.579634887588977,5.5797635686561815,5.579806462713869,5.579763568661868,5.579634887588977
5.584516683856645,5.584645550183851,5.584688506006074,5.5846455502050745,5.584516683856644
5.589464821101031,5.589593875253469,5.589636893723612,5.589593875332684,5.589464821101028
5.594479409024034,5.594608653515854,5.594651735577555,5.594608653811489,5.594479409024019
5.5995605588509525,5.599689995987001,5.599733142802494,5.599689997090348,5.599560558850896
5.604708383334512,5.6048380146198795,5.60488122816055,5.604838018737681,5.604708383334301
5.609922996757471,5.610052820695186,5.610096105943893,5.610052836063259,5.60992299675668
5.615204514926478,5.615334518807495,5.615377891968287,5.615334576162754,5.615204514923524
5.620553055114168,5.620683184431668,5.620726703514037,5.620683398487504,5.620553055103137
5.625968735697543,5.626098780319353,5.626142658960058,5.626099579198164,5.625968735656363
5.631451674019223,5.631580845246248,5.631625875629048,5.631583826745698,5.631451673865474
5.637001973865566,5.6371273368986525,5.6371764572059035,5.637138464167139,5.637001973291529
5.642619652334448,5.642730339777511,5.642794420383853,5.642771867910193,5.642619650191215
5.648304213092429,5.648360200420185,5.648479267302191,5.648515187766501,5.648304205090398
5.654052157338156,5.653907214710642,5.654227493497113,5.654485643744454,5.654052127461412
5.65111850850688,5.658969223064435,5.660018063090771,5.661127980906078,5.6511959723308935
