1.5870368566315307,1.587037383574543,1.5870390460449944,1.5870402928995682,1.587041124136777,1.5870415397556294,1.5870415397556294,1.587041124136777,1.5870402928995682,1.5870390460449944,1.587037383574543,1.5870368566315307
1.5870363296885184,1.5870384077704571,1.5870400702389826,1.587041317092112,1.5870421483283579,1.587042563946729,1.587042563946729,1.5870421483283579,1.587041317092112,1.5870400702389826,1.5870384077704571,1.5870363296885184
1.5870390460368047,1.5870411241434605,1.5870427866317605,1.5870440334997202,1.5870448647458535,1.5870452803691675,1.5870452803691675,1.5870448647458535,1.5870440334997202,1.5870427866317605,1.5870411241434605,1.5870390460368047
1.587043454633529,1.5870455327920272,1.5870471953218006,1.587048442220866,1.587049273487736,1.5870496891214185,1.5870496891214185,1.587049273487736,1.587048442220866,1.5870471953218006,1.5870455327920272,1.587043454633529
1.5870495557252846,1.5870516339627492,1.587053296555696,1.5870545435021415,1.587055374800598,1.5870557904500744,1.5870557904500744,1.587055374800598,1.5870545435021415,1.587053296555696,1.5870516339627492,1.5870495557252846
1.587057349706773,1.587059428050328,1.5870610907281473,1.587062337738247,1.5870631690791401,1.5870635847498344,1.5870635847498344,1.5870631690791401,1.587062337738247,1.5870610907281473,1.587059428050328,1.587057349706773
1.5870668371207888,1.5870689155975573,1.587070578381947,1.5870718254719753,1.5870726568661537,1.587073072563491,1.587073072563491,1.5870726568661537,1.5870718254719753,1.587070578381947,1.5870689155975573,1.5870668371207888
1.5870780186581948,1.5870800972952983,1.5870817602079565,1.5870830073941862,1.5870838388524988,1.5870842545819035,1.5870842545819035,1.5870838388524988,1.5870830073941862,1.5870817602079565,1.5870800972952983,1.5870780186581948
1.5870908951578913,1.5870929739824506,1.5870946370450736,1.5870958843437768,1.5870967158770726,1.587097131643968,1.587097131643968,1.5870967158770726,1.5870958843437768,1.5870946370450736,1.5870929739824506,1.5870908951578913
1.5871054676067804,1.5871075466459141,1.587109209880197,1.5871104573076458,1.5871112889267711,1.5871117047365824,1.5871117047365824,1.5871112889267711,1.5871104573076458,1.587109209880197,1.5871075466459141,1.5871054676067804
1.5871217371397206,1.5871238164205457,1.5871254798481826,1.5871267274206466,1.5871275591364493,1.5871279749945986,1.5871279749945986,1.5871275591364493,1.5871267274206466,1.5871254798481826,1.5871238164205457,1.5871217371397206
1.5871397050394773,1.5871417845891092,1.5871434482317914,1.5871446959655395,1.5871455277888653,1.5871459437007764,1.5871459437007764,1.5871455277888653,1.5871446959655395,1.5871434482317914,1.5871417845891092,1.5871397050394773
1.587159372736665,1.5871614525822157,1.5871631164616338,1.587164364372934,1.5871651963146278,1.5871656122857227,1.5871656122857227,1.5871651963146278,1.587164364372934,1.5871631164616338,1.5871614525822157,1.587159372736665
1.5871807418096846,1.5871828219782635,1.5871844861161049,1.587185734221223,1.5871865662921287,1.5871869823278297,1.5871869823278297,1.5871865662921287,1.587185734221223,1.5871844861161049,1.5871828219782635,1.5871807418096846
1.5872038139846494,1.5872058945033642,1.5872075589213144,1.5872088072365145,1.587209639447475,1.5872100555532034,1.5872100555532034,1.587209639447475,1.5872088072365145,1.5872075589213144,1.5872058945033642,1.5872038139846494
1.5872285911353128,1.5872306720312668,1.587232336751009,1.5872335852925532,1.5872344176544098,1.5872348338355868,1.5872348338355868,1.5872344176544098,1.5872335852925532,1.587232336751009,1.5872306720312668,1.5872285911353128
1.5872550752829802,1.5872571565832736,1.5872588216264876,1.587260070410636,1.5872609029342297,1.5872613191962746,1.5872613191962746,1.5872609029342297,1.587260070410636,1.5872588216264876,1.5872571565832736,1.5872550752829802
1.5872832685964198,1.587285350328149,1.5872870157165124,1.5872882647595237,1.5872890974556917,1.5872895138040246,1.5872895138040246,1.5872890974556917,1.5872882647595237,1.5872870157165124,1.587285350328149,1.5872832685964198
1.587313173391766,1.5873152555820238,1.5873169213372103,1.587318170655339,1.5873190035349198,1.5873194199749583,1.5873194199749583,1.5873190035349198,1.587318170655339,1.5873169213372103,1.5873152555820238,1.587313173391766
1.587344792132414,1.587346874808288,1.5873485409519685,1.5873497905614684,1.587350623635296,1.5873510401724586,1.5873510401724586,1.587350623635296,1.5873497905614684,1.5873485409519685,1.587346874808288,1.587344792132414
1.5873781274289094,1.5873802106174835,1.587381877171325,1.5873831270884458,1.5873839603673547,1.5873843770070577,1.5873843770070577,1.5873839603673547,1.5873831270884458,1.587381877171325,1.5873802106174835,1.5873781274289094
1.587413182038831,1.5874152657671843,1.58741693275285,1.5874181829938392,1.5874190164886606,1.5874194332363198,1.5874194332363198,1.5874190164886606,1.5874181829938392,1.58741693275285,1.5874152657671843,1.587413182038831
1.5874499588666668,1.5874520431618737,1.5874537106010227,1.5874549611821247,1.5874557949036883,1.5874562117647186,1.5874562117647186,1.5874557949036883,1.5874549611821247,1.5874537106010227,1.5874520431618737,1.5874499588666668
1.5874884609636846,1.5874905458528126,1.5874922137670997,1.5874934647045562,1.5874942986636893,1.5874947156435049,1.5874947156435049,1.5874942986636893,1.5874934647045562,1.5874922137670997,1.5874905458528126,1.5874884609636846
1.5875286915277902,1.5875307770379037,1.5875324454489794,1.5875336967590274,1.587534530966556,1.587534948070569,1.587534948070569,1.587534530966556,1.5875336967590274,1.5875324454489794,1.5875307770379037,1.5875286915277902
1.5875706539033898,1.587572740061545,1.5875744089910553,1.58757566068993,1.587576495156676,1.5875769123902983,1.5875769123902983,1.587576495156676,1.58757566068993,1.5875744089910553,1.587572740061545,1.5875706539033898
1.5876143515812333,1.5876164384144817,1.5876181078840677,1.5876193599879995,1.587620194724784,1.587620612093425,1.587620612093425,1.587620194724784,1.5876193599879995,1.5876181078840677,1.5876164384144817,1.5876143515812333
1.5876597881982608,1.5876618757336471,1.5876635457649446,1.5876647982901608,1.5876656333078016,1.5876660508168712,1.5876660508168712,1.5876656333078016,1.5876647982901608,1.5876635457649446,1.5876618757336471,1.5876597881982608
1.5877069675374373,1.5877090558020002,1.5877107264166397,1.587711979379363,1.5877128146886759,1.5877132323435814,1.5877132323435814,1.5877128146886759,1.587711979379363,1.5877107264166397,1.5877090558020002,1.5877069675374373
1.5877558935275826,1.587757982548353,1.5877596537679601,1.5877609071844094,1.5877617427962067,1.5877621606023544,1.5877621606023544,1.5877617427962067,1.5877609071844094,1.5877596537679601,1.587757982548353,1.5877558935275826
1.5878065702431932,1.587808660047196,1.5878103318933892,1.5878115857797797,1.5878124217048708,1.5878128396676658,1.5878128396676658,1.5878124217048708,1.5878115857797797,1.5878103318933892,1.587808660047196,1.5878065702431932
1.5878590019042587,1.5878610925185104,1.5878627650129047,1.5878640193854456,1.587864855634638,1.5878652737594834,1.5878652737594834,1.587864855634638,1.5878640193854456,1.5878627650129047,1.5878610925185104,1.5878590019042587
1.5879131928760732,1.5879152843275832,1.5879169574917849,1.587918212366683,1.5879190489507797,1.5879194672430779,1.5879194672430779,1.5879190489507797,1.587918212366683,1.5879169574917849,1.5879152843275832,1.5879131928760732
1.5879691476690352,1.587971239984805,1.587972913840416,1.5879741692338714,1.5879750061636733,1.5879754246288242,1.5879754246288242,1.5879750061636733,1.5879741692338714,1.587972913840416,1.587971239984805,1.5879691476690352
1.5880268709384466,1.5880289641454697,1.5880306387140841,1.588031894642293,1.588032731928598,1.5880331505720002,1.5880331505720002,1.588032731928598,1.588031894642293,1.5880306387140841,1.5880289641454697,1.5880268709384466
1.5880863674843015,1.588088461609562,1.5880901369127682,1.588091393391922,1.5880922310455237,1.5880926498725745,1.5880926498725745,1.5880922310455237,1.588091393391922,1.5880901369127682,1.588088461609562,1.5880863674843015
1.5881476422510679,1.588149737321543,1.5881514133809227,1.5881526704272062,1.5881535084588956,1.5881539274749898,1.5881539274749898,1.5881535084588956,1.5881526704272062,1.5881514133809227,1.588149737321543,1.5881476422510679
1.5882107003274686,1.5882127963701254,1.5882144732072512,1.5882157308368463,1.5882165692574095,1.5882169884679413,1.5882169884679413,1.5882165692574095,1.5882157308368463,1.5882144732072512,1.5882127963701254,1.5882107003274686
1.5882755469462464,1.5882776439880433,1.5882793216244826,1.588280579853563,1.5882814186737846,1.588281838084145,1.588281838084145,1.5882814186737846,1.588280579853563,1.5882793216244826,1.5882776439880433,1.5882755469462464
1.5883421874839312,1.5883442855518166,1.5883459640091286,1.5883472228538646,1.5883480620845227,1.5883484817001023,1.5883484817001023,1.5883480620845227,1.5883472228538646,1.5883459640091286,1.5883442855518166,1.5883421874839312
1.588410627460595,1.5884127265815082,1.588414405881244,1.5884156653577985,1.5884165050096701,1.588416924835856,1.588416924835856,1.5884165050096701,1.5884156653577985,1.588414405881244,1.5884127265815082,1.588410627460595
1.5884808725396034,1.5884829727404737,1.588484652904177,1.5884859130287081,1.588486753112564,1.5884871731547423,1.5884871731547423,1.588486753112564,1.5884859130287081,1.588484652904177,1.5884829727404737,1.5884808725396034
1.5885529285273592,1.588555029835106,1.588556710884312,1.5885579716729707,1.588558812199579,1.5885592324631341,1.5885592324631341,1.588558812199579,1.5885579716729707,1.588556710884312,1.588555029835106,1.5885529285273592
1.5886268013730411,1.5886289038145724,1.5886305857708076,1.58863184723974,1.5886326882198643,1.588633108710177,1.588633108710177,1.5886326882198643,1.58863184723974,1.5886305857708076,1.5886289038145724,1.5886268013730411
1.588702497168331,1.5887046007705459,1.5887062836553294,1.5887075458206734,1.588708387265073,1.5887088079875236,1.5887088079875236,1.588708387265073,1.5887075458206734,1.5887062836553294,1.5887046007705459,1.588702497168331
1.5887800221471442,1.5887821269369289,1.58878381077177,1.5887850736496587,1.5887859155690882,1.5887863365290542,1.5887863365290542,1.5887859155690882,1.5887850736496587,1.58878381077177,1.5887821269369289,1.5887800221471442
1.5888593826853419,1.5888614886895729,1.5888631734959728,1.5888644371025313,1.5888652795077414,1.5888657007105977,1.5888657007105977,1.5888652795077414,1.5888644371025313,1.5888631734959728,1.5888614886895729,1.5888593826853419
1.588940585300447,1.5889426925459889,1.5889443783454391,1.5889456426967867,1.5889464855985227,1.5889469070496425,1.5889469070496425,1.5889464855985227,1.5889456426967867,1.5889443783454391,1.5889426925459889,1.588940585300447
1.5890236366513468,1.589025745165052,1.589027431979035,1.589028697091283,1.5890295405002872,1.5890299622050406,1.5890299622050406,1.5890295405002872,1.589028697091283,1.589027431979035,1.589025745165052,1.5890236366513468
1.589108543537992,1.5891106533467017,1.58911234119669,1.589113607085944,1.5891144510129518,1.5891148729767077,1.5891148729767077,1.5891144510129518,1.589113607085944,1.58911234119669,1.5891106533467017,1.589108543537992
1.5891953129010894,1.589197424031633,1.5891991129390903,1.5892003796214467,1.5892012240771904,1.5892016463053142,1.5892016463053142,1.5892012240771904,1.5892003796214467,1.5891991129390903,1.589197424031633,1.5891953129010894
1.589283951821789,1.5892860643009825,1.589287754287362,1.589289021778911,1.589289866774117,1.5892902892719725,1.5892902892719725,1.589289866774117,1.589289021778911,1.589287754287362,1.5892860643009825,1.589283951821789
1.5893744675213606,1.5893765813760083,1.5893782724627532,1.589379540779577,1.5893803863249676,1.589380809097915,1.589380809097915,1.5893803863249676,1.589379540779577,1.5893782724627532,1.5893765813760083,1.5893744675213606
1.5894668673608703,1.589468982617763,1.5894706748263054,1.5894719439844798,1.5894727900907701,1.5894732131441685,1.5894732131441685,1.5894727900907701,1.5894719439844798,1.5894706748263054,1.589468982617763,1.5894668673608703
1.5895611588408438,1.5895632755267592,1.5895649688785225,1.589566238894113,1.5895670855720156,1.5895675089112191,1.5895675089112191,1.5895670855720156,1.589566238894113,1.5895649688785225,1.5895632755267592,1.5895611588408438
1.5896573496009292,1.5896594677426323,1.5896611622590275,1.5896624331480937,1.5896632804083137,1.5896637040386765,1.5896637040386765,1.5896632804083137,1.5896624331480937,1.5896611622590275,1.5896594677426323,1.5896573496009292
1.5897554474195503,1.5897575670437922,1.5897592627462207,1.589760534524813,1.5897613823780512,1.589761806304923,1.589761806304923,1.5897613823780512,1.589760534524813,1.5897592627462207,1.5897575670437922,1.5897554474195503
1.5898554602135555,1.5898575813470732,1.5898592782569247,1.5898605509410855,1.5898613993980364,1.589861823626765,1.589861823626765,1.5898613993980364,1.5898605509410855,1.5898592782569247,1.5898575813470732,1.5898554602135555
1.5899573960378568,1.5899595187073734,1.5899612168460266,1.5899624904517902,1.5899633395231432,1.5899637640590734,1.5899637640590734,1.5899633395231432,1.5899624904517902,1.5899612168460266,1.5899595187073734,1.5899573960378568
1.5900612630850675,1.590063387317292,1.590065086706114,1.590066361249505,1.5900672109459444,1.5900676357944175,1.5900676357944175,1.5900672109459444,1.590066361249505,1.590065086706114,1.590063387317292,1.5900612630850675
1.5901670696851293,1.5901691955067558,1.5901708961671022,1.590172171664138,1.5901730219963408,1.5901734471626958,1.5901734471626958,1.5901730219963408,1.590172171664138,1.5901708961671022,1.5901691955067558,1.5901670696851293
1.5902748243049358,1.5902769517426445,1.5902786536958589,1.590279930162547,1.5902807811411854,1.590281206630759,1.590281206630759,1.5902807811411854,1.590279930162547,1.5902786536958589,1.5902769517426445,1.5902748243049358
1.5903845355479493,1.5903866646284048,1.590388367895819,1.5903896453481585,1.590390496983899,1.5903909228020232,1.5903909228020232,1.590390496983899,1.5903896453481585,1.590388367895819,1.5903866646284048,1.5903845355479493
1.590496212153811,1.5904983429036625,1.590500047506596,1.590501325960577,1.5905021782640785,1.5905026044160837,1.5905026044160837,1.5905021782640785,1.590501325960577,1.590500047506596,1.5904983429036625,1.590496212153811
1.5906098629979437,1.5906119954438256,1.5906137014035857,1.5906149808751882,1.5906158338571048,1.5906162603483178,1.5906162603483178,1.5906158338571048,1.5906149808751882,1.5906137014035857,1.5906119954438256,1.5906098629979437
1.590725497091151,1.5907276312596814,1.5907293385975634,1.5907306191027584,1.590731472773738,1.5907318996094824,1.5907318996094824,1.590731472773738,1.5907306191027584,1.5907293385975634,1.5907276312596814,1.590725497091151
1.5908431235792093,1.5908452594969908,1.5908469682342767,1.590848249789026,1.5908491041597088,1.5908495313453055,1.5908495313453055,1.5908491041597088,1.590848249789026,1.5908469682342767,1.5908452594969908,1.5908431235792093
1.5909627517424523,1.5909648894360715,1.5909665995940299,1.5909678822142856,1.5909687372953072,1.590969164836073,1.590969164836073,1.5909687372953072,1.5909678822142856,1.5909665995940299,1.5909648894360715,1.5909627517424523
1.5910843909953505,1.5910865304913777,1.5910882420912655,1.5910895257929696,1.5910903815949575,1.5910908094962068,1.5910908094962068,1.5910903815949575,1.5910895257929696,1.5910882420912655,1.5910865304913777,1.5910843909953505
1.591208050886087,1.5912101922110753,1.5912119052741351,1.5912131900732203,1.5912140466067959,1.5912144748738395,1.5912144748738395,1.5912140466067959,1.5912131900732203,1.5912119052741351,1.5912101922110753,1.591208050886087
1.5913337410961208,1.5913358842766079,1.5913375988240692,1.591338884736457,1.5913397420122357,1.591340170650381,1.591340170650381,1.5913397420122357,1.591338884736457,1.5913375988240692,1.5913358842766079,1.5913337410961208
1.5914614714397526,1.5914636165022575,1.5914653325553365,1.5914666195969394,1.5914674776255284,1.5914679066400796,1.5914679066400796,1.5914674776255284,1.5914666195969394,1.5914653325553365,1.5914636165022575,1.5914614714397526
1.5915912518636754,1.5915933988347015,1.5915951164146003,1.5915964046013196,1.591597263393321,1.5915976927895783,1.5915976927895783,1.591597263393321,1.5915964046013196,1.5915951164146003,1.5915933988347015,1.5915912518636754
1.5917230924465278,1.5917252413525607,1.5917269604804676,1.5917282498281953,1.5917291093942025,1.591729539177463,1.591729539177463,1.5917291093942025,1.5917282498281953,1.5917269604804676,1.5917252413525607,1.5917230924465278
1.5918570033984358,1.5918591542659428,1.5918608749630325,1.5918621654876486,1.5918630258382496,1.591863456013807,1.591863456013807,1.5918630258382496,1.5918621654876486,1.5918608749630325,1.5918591542659428,1.5918570033984358
1.5919929950605496,1.5919951479159806,1.591996870203413,1.5919981619207881,1.5919990230665624,1.5919994536397069,1.5919994536397069,1.5919990230665624,1.5919981619207881,1.591996870203413,1.5919951479159806,1.5919929950605496
1.5921310779045756,1.5921332327743634,1.5921349566732839,1.5921362495992768,1.5921371115507974,1.5921375425268152,1.5921375425268152,1.5921371115507974,1.5921362495992768,1.5921349566732839,1.5921332327743634,1.5921310779045756
1.5922712625323028,1.5922734194428603,1.5922751449744004,1.5922764391248598,1.5922773018926923,1.5922777332768663,1.5922777332768663,1.5922773018926923,1.5922764391248598,1.5922751449744004,1.5922734194428603,1.5922712625323028
1.59241355967512,1.5924157186528434,1.592417445838119,1.5924187412288826,1.592419604823585,1.5924200366211942,1.5924200366211942,1.592419604823585,1.5924187412288826,1.592417445838119,1.5924157186528434,1.59241355967512
1.5925579801935332,1.592560141264799,1.592561870124912,1.5925631667718054,1.592564031203929,1.5925644634202492,1.5925644634202492,1.592564031203929,1.5925631667718054,1.592561870124912,1.592560141264799,1.5925579801935332
1.5927045350766709,1.592706698267837,1.5927084288238742,1.5927097267427126,1.5927105920228004,1.5927110246631027,1.5927110246631027,1.5927105920228004,1.5927097267427126,1.5927084288238742,1.592706698267837,1.5927045350766709
1.592853235441787,1.592855400779193,1.5928571330522252,1.5928584322588122,1.5928592983974,1.5928597314669528,1.5928597314669528,1.5928592983974,1.5928584322588122,1.5928571330522252,1.592855400779193,1.592853235441787
1.5930040925337585,1.593006260043724,1.5930079940548074,1.5930092945649352,1.5930101615725507,1.5930105950766182,1.5930105950766182,1.5930101615725507,1.5930092945649352,1.5930079940548074,1.593006260043724,1.5930040925337585
1.5931571177245742,1.5931592874334002,1.5931610232035753,1.5931623250330238,1.593163192920188,1.5931636268640297,1.5931636268640297,1.593163192920188,1.5931623250330238,1.5931610232035753,1.5931592874334002,1.5931571177245742
1.5933123225128216,1.5933144944467883,1.5933162319970806,1.5933175351616184,1.5933184039388437,1.5933188383277164,1.5933188383277164,1.5933184039388437,1.5933175351616184,1.5933162319970806,1.5933144944467883,1.5933123225128216
1.5934697185231652,1.5934718927085347,1.5934736320599523,1.5934749365753373,1.5934758062531276,1.5934762410922831,1.5934762410922831,1.5934758062531276,1.5934749365753373,1.5934736320599523,1.5934718927085347,1.5934697185231652
1.5936293175058203,1.593631493968834,1.593633235142371,1.593634541024347,1.5936354116131999,1.5936358469078868,1.5936358469078868,1.5936354116131999,1.593634541024347,1.593633235142371,1.593631493968834,1.5936293175058203
1.5937911313360227,1.5937933101029014,1.5937950531195346,1.5937963603838354,1.5937972318942388,1.5937976676497012,1.5937976676497012,1.5937972318942388,1.5937963603838354,1.5937950531195346,1.5937933101029014,1.5937911313360227
1.593955172013488,1.5939573531104334,1.593959097991124,1.5939604066534696,1.5939612790959048,1.593961715317383,1.593961715317383,1.5939612790959048,1.5939604066534696,1.593959097991124,1.5939573531104334,1.593955172013488
1.5941214516618725,1.5941236351150652,1.5941253818807573,1.5941266919568573,1.5941275653417957,1.594128002034526,1.594128002034526,1.5941275653417957,1.5941266919568573,1.5941253818807573,1.5941236351150652,1.5941214516618725
1.5942899825282213,1.5942921683638216,1.594293917035444,1.5942952285409935,1.5942961028788996,1.5942965400481146,1.5942965400481146,1.5942961028788996,1.5942952285409935,1.594293917035444,1.5942921683638216,1.5942899825282213
1.5944607769824168,1.594462965226564,1.594464715825028,1.5944660287757113,1.594466904077041,1.5944673417279678,1.5944673417279678,1.594466904077041,1.5944660287757113,1.594464715825028,1.594462965226564,1.5944607769824168
1.594633847516618,1.5946360381954305,1.594637790741631,1.594639105153119,1.5946399814283196,1.5946404195661827,1.5946404195661827,1.5946399814283196,1.594639105153119,1.594637790741631,1.5946360381954305,1.594633847516618
1.5948092067446953,1.5948113998842706,1.5948131543990856,1.5948144702870373,1.5948153475465479,1.5948157861765662,1.5948157861765662,1.5948153475465479,1.5948144702870373,1.5948131543990856,1.5948113998842706,1.5948092067446953
1.5949868674016618,1.594989063028076,1.5949908195323665,1.5949921369124274,1.5949930151666791,1.594993454294068,1.594993454294068,1.5949930151666791,1.5949921369124274,1.5949908195323665,1.594989063028076,1.5949868674016618
1.5951668423430958,1.5951690404824042,1.5951707989970143,1.5951721178848173,1.5951729971442314,1.5951734367742025,1.5951734367742025,1.5951729971442314,1.5951721178848173,1.5951707989970143,1.5951690404824042,1.5951668423430958
1.595349144544562,1.5953513452227974,1.595353105768554,1.5953544261797195,1.5953553064547097,1.5953557465924688,1.5953557465924688,1.5953553064547097,1.5953544261797195,1.595353105768554,1.5953513452227974,1.595349144544562
1.595533787101023,1.5955359903441977,1.59553775294191,1.5955390748920448,1.5955399561930164,1.5955403968437663,1.5955403968437663,1.5955399561930164,1.5955390748920448,1.59553775294191,1.5955359903441977,1.595533787101023
1.5957207832262503,1.595722989060354,1.595724753730814,1.5957260772355124,1.595726959572861,1.5957274007417999,1.5957274007417999,1.595726959572861,1.5957260772355124,1.595724753730814,1.595722989060354,1.5957207832262503
1.5959101462522265,1.5959123547032266,1.5959141214672088,1.595915446542052,1.595916329926164,1.5959167716184857,1.5959167716184857,1.595916329926164,1.595915446542052,1.5959141214672088,1.5959123547032266,1.5959101462522265
1.5961018896285422,1.5961041007223855,1.5961058696006465,1.5961071962612015,1.5961080807024568,1.5961085229233496,1.5961085229233496,1.5961080807024568,1.5961071962612015,1.5961058696006465,1.5961041007223855,1.5961018896285422
1.5962960269217923,1.5962982406844017,1.596300011697681,1.5963013399595027,1.59630222546827,1.5963026682229198,1.5963026682229198,1.59630222546827,1.5963013399595027,1.596300011697681,1.5962982406844017,1.5962960269217923
1.5964925718149614,1.5964947882722391,1.5964965614412576,1.5964978913198862,1.5964987779065267,1.596499221200113,1.596499221200113,1.5964987779065267,1.5964978913198862,1.5964965614412576,1.5964947882722391,1.5964925718149614
1.5966915381068083,1.5966937572846325,1.5966955326300938,1.596696864141057,1.596697751815922,1.5966981956536213,1.5966981956536213,1.596697751815922,1.596696864141057,1.5966955326300938,1.5966937572846325,1.5966915381068083
1.5968929397112428,1.5968951616354707,1.5968969391780594,1.5968982723368714,1.5968991611103034,1.5968996054972868,1.5968996054972868,1.5968991611103034,1.5968982723368714,1.5968969391780594,1.5968951616354707,1.5968929397112428
1.5970967906567,1.5970990153531648,1.5971007951135485,1.5971021299357095,1.5971030198180425,1.5971034647594764,1.5971034647594764,1.5971030198180425,1.5971021299357095,1.5971007951135485,1.5970990153531648,1.5970967906567
1.597303105085508,1.5973053325800208,1.597307114578848,1.5973084510798445,1.5973093420814026,1.5973097875824498,1.5973097875824498,1.5973093420814026,1.5973084510798445,1.597307114578848,1.5973053325800208,1.597303105085508
1.597511897253251,1.5975141275715994,1.5975159118295004,1.597517250024806,1.5975181421559048,1.5975185882217224,1.5975185882217224,1.5975181421559048,1.597517250024806,1.5975159118295004,1.5975141275715994,1.597511897253251
1.5977231815281265,1.5977254146960762,1.5977272012336639,1.5977285411387367,1.5977294344096822,1.5977298810454241,1.5977298810454241,1.5977294344096822,1.5977285411387367,1.5977272012336639,1.5977254146960762,1.5977231815281265
1.5979369723903025,1.5979392084335953,1.5979409972714624,1.5979423389017489,1.5979432333228378,1.597943680533652,1.597943680533652,1.5979432333228378,1.5979423389017489,1.5979409972714624,1.5979392084335953,1.5979369723903025
1.5981532844312631,1.5981555233756177,1.5981573145343397,1.5981586579052705,1.5981595534867905,1.598160001277821,1.598160001277821,1.5981595534867905,1.5981586579052705,1.5981573145343397,1.5981555233756177,1.5981532844312631
1.5983721323531532,1.598374374224265,1.5983761677243988,1.5983775128513915,1.5983784096036215,1.5983788579800065,1.5983788579800065,1.5983784096036215,1.5983775128513915,1.5983761677243988,1.598374374224265,1.5983721323531532
1.5985935309681203,1.598595775791662,1.5985975716537446,1.5985989185522025,1.5985998164854107,1.5986002654522857,1.5986002654522857,1.5985998164854107,1.5985989185522025,1.5985975716537446,1.598595775791662,1.5985935309681203
1.5988174951976466,1.598819742999266,1.5988215412438174,1.5988228899291301,1.5988237890535761,1.5988242386160707,1.5988242386160707,1.5988237890535761,1.5988228899291301,1.5988215412438174,1.598819742999266,1.5988174951976466
1.5990440400718808,1.599046290877204,1.5990480915247238,1.5990494420122665,1.599050342338201,1.5990507925014399,1.5990507925014399,1.599050342338201,1.5990494420122665,1.5990480915247238,1.599046290877204,1.5990440400718808
1.5992731807289646,1.5992754345635931,1.5992772376345634,1.5992785899396968,1.5992794914773603,1.599279942246464,1.599279942246464,1.5992794914773603,1.5992785899396968,1.5992772376345634,1.5992754345635931,1.5992731807289646
1.599504932414354,1.5995071893038653,1.599508994818748,1.5995103489568194,1.599511251716443,1.5995117030965278,1.5995117030965278,1.599511251716443,1.5995103489568194,1.599508994818748,1.5995071893038653,1.599504932414354
1.599739310480133,1.5997415704500821,1.5997433784293211,1.5997447344156632,1.5997456384074689,1.5997460904036451,1.5997460904036451,1.5997456384074689,1.5997447344156632,1.5997433784293211,1.5997415704500821,1.599739310480133
1.5999763303843322,1.5999785934602495,1.599980403924269,1.5999817617742003,1.5999826670084007,1.5999831196257748,1.5999831196257748,1.5999826670084007,1.5999817617742003,1.599980403924269,1.5999785934602495,1.5999763303843322
1.6002160076902328,1.6002182738976252,1.6002200868668308,1.6002214465956555,1.600222353082453,1.6002228063261261,1.6002228063261261,1.600222353082453,1.6002214465956555,1.6002200868668308,1.6002182738976252,1.6002160076902328
1.600458358065671,1.6004606274300217,1.6004624429248002,1.600463804547808,1.600464712297396,1.6004651661724651,1.6004651661724651,1.600464712297396,1.600463804547808,1.6004624429248002,1.6004606274300217,1.600458358065671
1.6007033972823415,1.6007056698291082,1.6007074878698266,1.6007088514022936,1.600709760424856,1.6007102149364127,1.6007102149364127,1.600709760424856,1.6007088514022936,1.6007074878698266,1.6007056698291082,1.6007033972823415
1.6009511412150863,1.6009534169697055,1.6009552375767122,1.6009566030338989,1.6009575133396097,1.6009579684927413,1.6009579684927413,1.6009575133396097,1.6009566030338989,1.6009552375767122,1.6009534169697055,1.6009511412150863
1.6012016058411942,1.6012038848290766,1.6012057080227005,1.601207075419854,1.601207987018878,1.6012084428186664,1.6012084428186664,1.601207987018878,1.601207075419854,1.6012057080227005,1.6012038848290766,1.6012016058411942
1.6014548072396826,1.6014570894862157,1.6014589152867666,1.6014602846391193,1.6014611975416113,1.6014616539931346,1.6014616539931346,1.6014611975416113,1.6014602846391193,1.6014589152867666,1.6014570894862157,1.6014548072396826
1.6017107615905841,1.6017130471211307,1.6017148755488995,1.6017162468716697,1.6017171610877752,1.6017176181961057,1.6017176181961057,1.6017171610877752,1.6017162468716697,1.6017148755488995,1.6017130471211307,1.6017107615905841
1.601969485174224,1.601971774014124,1.6019736050893822,1.6019749783977733,1.6019758939376278,1.6019763517078336,1.6019763517078336,1.6019758939376278,1.6019749783977733,1.6019736050893822,1.601971774014124,1.601969485174224
1.6022309943704989,1.6022332865450666,1.602235120288066,1.6022364955972677,1.6022374124709977,1.6022378709081415,1.6022378709081415,1.6022374124709977,1.6022364955972677,1.602235120288066,1.6022332865450666,1.6022309943704989
1.6024953056581437,1.6024976011926713,1.6024994376236454,1.6025008149488316,1.6025017331665539,1.6025021922756943,1.6025021922756943,1.6025017331665539,1.6025008149488316,1.6024994376236454,1.6024976011926713,1.6024953056581437
1.6027624356140058,1.6027647345337594,1.6027665736729222,1.6027679530292542,1.6027688726010756,1.602769332387266,1.602769332387266,1.6027688726010756,1.6027679530292542,1.6027665736729222,1.6027647345337594,1.6027624356140058
1.603032400912304,1.6030347032425278,1.6030365451100739,1.6030379265126968,1.603038847448715,1.6030393079170042,1.6030393079170042,1.603038847448715,1.6030379265126968,1.6030365451100739,1.6030347032425278,1.603032400912304
1.6033052183238932,1.6033075240898058,1.6033093687059103,1.6033107521699572,1.603311674480259,1.6033121356356912,1.6033121356356912,1.603311674480259,1.6033107521699572,1.6033093687059103,1.6033075240898058,1.6033052183238932
1.6035809047155185,1.6035832139423152,1.6035850613271347,1.6035864468677223,1.6035873705623864,1.6035878324100006,1.6035878324100006,1.6035873705623864,1.6035864468677223,1.6035850613271347,1.6035832139423152,1.6035809047155185
1.60385947704907,1.6038617897619227,1.6038636399355943,1.603865027567825,1.6038659526569208,1.603866415201751,1.603866415201751,1.6038659526569208,1.603865027567825,1.6038636399355943,1.6038617897619227,1.60385947704907
1.6041409523808337,1.6041432686048893,1.6041451215875313,1.604146511326494,1.60414743782008,1.6041479010671562,1.6041479010671562,1.60414743782008,1.604146511326494,1.6041451215875313,1.6041432686048893,1.6041409523808337
1.6044253478607358,1.6044276676211182,1.6044295234328292,1.6044309152935987,1.6044318432017244,1.604432307156071,1.604432307156071,1.6044318432017244,1.6044309152935987,1.6044295234328292,1.6044276676211182,1.6044253478607358
1.6047126807315881,1.6047150040533973,1.6047168627142572,1.6047182567118936,1.6047191860445988,1.6047196507112362,1.6047196507112362,1.6047191860445988,1.6047182567118936,1.6047168627142572,1.6047150040533973,1.6047126807315881
1.6050029683283265,1.6050052952366383,1.6050071567667086,1.6050085529162565,1.6050094836835727,1.6050099490675156,1.6050099490675156,1.6050094836835727,1.6050085529162565,1.6050071567667086,1.6050052952366383,1.6050029683283265
1.6052962280772478,1.6052985585971145,1.6053004230164367,1.6053018213329289,1.605302753544876,1.6053032196511356,1.6053032196511356,1.605302753544876,1.6053018213329289,1.6053004230164367,1.6052985585971145,1.6052962280772478
1.6055924774952435,1.6055948116516938,1.6055966789802913,1.6055980794787446,1.6055990131453348,1.6055994799789164,1.6055994799789164,1.6055990131453348,1.6055980794787446,1.6055966789802913,1.6055948116516938,1.6055924774952435
1.6058917341890295,1.6058940720070687,1.605895942264946,1.6058973449603635,1.605898280091599,1.6058987476575042,1.6058987476575042,1.605898280091599,1.6058973449603635,1.605895942264946,1.6058940720070687,1.6058917341890295
1.6061940158543744,1.6061963573589841,1.606198230566126,1.6061996354734975,1.606200572079371,1.6062010403825957,1.6062010403825957,1.606200572079371,1.6061996354734975,1.606198230566126,1.6061963573589841,1.6061940158543744
1.6064993402753218,1.6065016854914607,1.6065035616678345,1.6065049688021344,1.6065059068926297,1.6065063759381657,1.6065063759381657,1.6065059068926297,1.6065049688021344,1.6065035616678345,1.6065016854914607,1.6064993402753218
1.6068077253234134,1.606810074276016,1.6068119534415695,1.6068133628177597,1.6068143024028503,1.6068147721956851,1.6068147721956851,1.6068143024028503,1.6068133628177597,1.6068119534415695,1.606810074276016,1.6068077253234134
1.6071191889569059,1.6071215416708844,1.6071234238455474,1.6071248354785745,1.607125776568226,1.6071262471133418,1.6071262471133418,1.607125776568226,1.6071248354785745,1.6071234238455474,1.6071215416708844,1.6071191889569059
1.607433749219987,1.6074361057202302,1.6074379909239136,1.6074394048287115,1.6074403474328793,1.6074408187352538,1.6074408187352538,1.6074403474328793,1.6074394048287115,1.6074379909239136,1.6074361057202302,1.607433749219987
1.6077514242419892,1.6077537845533627,1.6077556728059592,1.607757088997447,1.6077580331260777,1.6077585051906844,1.6077585051906844,1.6077580331260777,1.607757088997447,1.6077556728059592,1.6077537845533627,1.6077514242419892
1.6080722322365977,1.608074596383944,1.6080764877053284,1.6080779061984125,1.6080788518614428,1.60807932469325,1.60807932469325,1.6080788518614428,1.6080779061984125,1.6080764877053284,1.608074596383944,1.6080722322365977
1.6083961915010592,1.6083985595091992,1.6084004539192274,1.6084018747287998,1.6084028219361581,1.6084032955401306,1.6084032955401306,1.6084028219361581,1.6084018747287998,1.6084004539192274,1.6083985595091992,1.6083961915010592
1.608723320415387,1.6087256923091175,1.6087275898276276,1.6087290129685676,1.608729961730173,1.6087304361112698,1.6087304361112698,1.608729961730173,1.6087290129685676,1.6087275898276276,1.6087256923091175,1.608723320415387
1.609053637441562,1.609056013245659,1.6090579138924714,1.6090593393796433,1.6090602897054063,1.6090607648685826,1.6090607648685826,1.6090602897054063,1.6090593393796433,1.6090579138924714,1.609056013245659,1.609053637441562
1.6093871611227348,1.6093895408619503,1.6093914446568678,1.6093928725051234,1.609393824404945,1.6093943003551514,1.6093943003551514,1.609393824404945,1.6093928725051234,1.6093914446568678,1.6093895408619503,1.6093871611227348
1.60972391008242,1.6097262937814851,1.6097282007442917,1.60972963096847,1.6097305844522434,1.6097310611944258,1.6097310611944258,1.6097305844522434,1.60972963096847,1.6097282007442917,1.6097262937814851,1.60972391008242
1.610063903023695,1.610066290707318,1.6100682008577811,1.6100696334727074,1.6100705885503153,1.6100710660894162,1.6100710660894162,1.6100705885503153,1.6100696334727074,1.6100682008577811,1.610066290707318,1.610063903023695
1.6104071587283904,1.6104095504212583,1.610411463779127,1.610412898799614,1.6104138554809313,1.6104143338218881,1.6104143338218881,1.6104138554809313,1.610412898799614,1.610411463779127,1.6104095504212583,1.6104071587283904
1.610753696056282,1.61075609178306,1.6107580083680673,1.6107594458089136,1.610760404103807,1.6107608832515523,1.6107608832515523,1.610760404103807,1.6107594458089136,1.6107580083680673,1.61075609178306,1.610753696056282
1.6111035339442799,1.6111059337296119,1.611107853561472,1.6111092934374647,1.611110253355791,1.6111107333152543,1.6111107333152543,1.611110253355791,1.6111092934374647,1.611107853561472,1.6111059337296119,1.6111035339442799
1.6114566914056137,1.6114590952741217,1.6114610183725337,1.6114624606984453,1.6114634222500552,1.6114639030261602,1.6114639030261602,1.6114634222500552,1.6114624606984453,1.6114610183725337,1.6114590952741217,1.6114566914056137
1.6118131875290194,1.6118155955053048,1.611817521889949,1.611818966680542,1.6118199298752742,1.6118204114729424,1.6118204114729424,1.6118199298752742,1.611818966680542,1.611817521889949,1.6118155955053048,1.6118131875290194
1.6121730414779194,1.6121754535865633,1.6121773832771051,1.6121788305471263,1.6121797953948152,1.6121802778189613,1.6121802778189613,1.6121797953948152,1.6121788305471263,1.6121773832771051,1.6121754535865633,1.6121730414779194
1.6125362724896077,1.6125386887551696,1.6125406217712561,1.612542071535443,1.6125430380459114,1.6125435213014485,1.6125435213014485,1.6125430380459114,1.612542071535443,1.6125406217712561,1.6125386887551696,1.6125362724896077
1.6129028998744248,1.6129053203214443,1.6129072566827078,1.6129087089557834,1.6129096771388474,1.6129101612306833,1.6129101612306833,1.6129096771388474,1.6129087089557834,1.6129072566827078,1.6129053203214443,1.6129028998744248
1.6132729430149382,1.6132753676679343,1.6132773073939903,1.613278762190667,1.6132797320561343,1.613280216989173,1.613280216989173,1.6132797320561343,1.613278762190667,1.6132773073939903,1.6132753676679343,1.6132729430149382
1.6136464213651178,1.6136488502485897,1.6136507933590376,1.6136522506940147,1.6136532222516857,1.613653708030827,1.613653708030827,1.6136532222516857,1.6136522506940147,1.6136507933590376,1.6136488502485897,1.6136464213651178
1.6140233544495097,1.6140257875879371,1.6140277341023608,1.6140291939903262,1.6140301672499926,1.6140306538801323,1.6140306538801323,1.6140301672499926,1.6140291939903262,1.6140277341023608,1.6140257875879371,1.6140233544495097
1.6144037618624099,1.6144061992802528,1.6144081492182205,1.6144096116738504,1.6144105866452962,1.6144110741313271,1.6144110741313271,1.6144105866452962,1.6144096116738504,1.6144081492182205,1.6144061992802528,1.6144037618624099
1.6147876632670357,1.6147901049887352,1.6147920583697994,1.6147935234077588,1.6147945001007609,1.6147949884475707,1.6147949884475707,1.6147945001007609,1.6147935234077588,1.6147920583697994,1.6147901049887352,1.6147876632670357
1.6151750783946963,1.615177524444674,1.6151794812883726,1.615180948923315,1.615181927347642,1.6151824165601154,1.6151824165601154,1.615181927347642,1.615180948923315,1.6151794812883726,1.615177524444674,1.6151750783946963
1.6155660270439614,1.615568477446621,1.6155704377724769,1.6155719080190436,1.6155728881844573,1.615573378267475,1.615573378267475,1.6155728881844573,1.6155719080190436,1.6155704377724769,1.615568477446621,1.6155660270439614
1.6159605290798296,1.6159629838595553,1.6159649476870768,1.6159664205598996,1.615967402476154,1.615967893434593,1.615967893434593,1.615967402476154,1.6159664205598996,1.6159649476870768,1.6159629838595553,1.6159605290798296
1.6163586044328941,1.6163610636140535,1.6163630309627337,1.6163645064764327,1.6163654901532745,1.6163659819920084,1.6163659819920084,1.6163654901532745,1.6163645064764327,1.6163630309627337,1.6163610636140535,1.6163586044328941
1.61676027309851,1.616762736705452,1.6167647075947704,1.6167661857639553,1.6167671712111247,1.616767663935023,1.616767663935023,1.6167671712111247,1.6167661857639553,1.6167647075947704,1.616762736705452,1.61676027309851
1.6171655551359583,1.6171680231930141,1.6171699976424363,1.6171714784817066,1.6171724657089357,1.6171729593228652,1.6171729593228652,1.6171724657089357,1.6171714784817066,1.6171699976424363,1.6171680231930141,1.6171655551359583
1.6175744706676094,1.6175769431990936,1.6175789212280711,1.6175804047520153,1.6175813937690309,1.6175818882778543,1.6175818882778543,1.6175813937690309,1.6175804047520153,1.6175789212280711,1.6175769431990936,1.6175744706676094
1.617987039878087,1.617989516908297,1.6179914985362678,1.6179929847594647,1.6179939755759856,1.617994470984563,1.617994470984563,1.6179939755759856,1.6179929847594647,1.6179914985362678,1.617989516908297,1.617987039878087
1.618403283013429,1.6184057645666463,1.6184077498130358,1.618409238750054,1.6184102313757929,1.61841072768898,1.61841072768898,1.6184102313757929,1.618409238750054,1.6184077498130358,1.6184057645666463,1.618403283013429
1.618823220380252,1.618825706480741,1.6188276953649612,1.6188291870303597,1.6188301814750226,1.6188306786976732,1.6188306786976732,1.6188301814750226,1.6188291870303597,1.6188276953649612,1.618825706480741,1.618823220380252
1.6192468723449085,1.6192493630169187,1.6192513555583687,1.6192528499666976,1.6192538462399841,1.619254344376948,1.619254344376948,1.6192538462399841,1.6192528499666976,1.6192513555583687,1.6192493630169187,1.6192468723449085
1.6196742593326505,1.6196767546004152,1.6196787508184824,1.619680247984282,1.6196812460958863,1.6196817451520096,1.6196817451520096,1.6196812460958863,1.619680247984282,1.6196787508184824,1.6196767546004152,1.6196742593326505
1.6201054018267889,1.6201079017145266,1.6201099016285858,1.6201114015663873,1.6201124015259967,1.6201129015061237,1.6201129015061237,1.6201124015259967,1.6201114015663873,1.6201099016285858,1.6201079017145266,1.6201054018267889
1.620540320367852,1.6205428248997662,1.6205448285291808,1.6205463312535069,1.6205473330708031,1.6205478339797745,1.6205478339797745,1.6205473330708031,1.6205463312535069,1.6205448285291808,1.6205428248997662,1.620540320367852
1.620979035552746,1.6209815447530267,1.6209835521171483,1.6209850576425127,1.6209860613271714,1.6209865631698255,1.6209865631698255,1.6209860613271714,1.6209850576425127,1.6209835521171483,1.6209815447530267,1.620979035552746
1.6214215680339144,1.6214240819267371,1.6214260930449058,1.621427601385814,1.621428606947506,1.621429109728678,1.621429109728678,1.621428606947506,1.621427601385814,1.6214260930449058,1.6214240819267371,1.6214215680339144
1.6218679385184958,1.621870457128022,1.6218724720195685,1.6218739831905176,1.6218749906389076,1.6218754943634297,1.6218754943634297,1.6218749906389076,1.6218739831905176,1.6218724720195685,1.621870457128022,1.6218679385184958
1.6223181677674845,1.6223206911178631,1.6223227098021056,1.622324223817586,1.6223252331623335,1.6223257378350358,1.6223257378350358,1.6223252331623335,1.622324223817586,1.6223227098021056,1.6223206911178631,1.6223181677674845
1.6227722765948875,1.6227748047102546,1.6227768272065026,1.622778344080995,1.622779355331755,1.6227798609574648,1.6227798609574648,1.622779355331755,1.622778344080995,1.6227768272065026,1.6227748047102546,1.6227722765948875
1.6232302858668854,1.623232818771365,1.6232348450989171,1.6232363648468966,1.623237378013319,1.6232378845968607,1.6232378845968607,1.623237378013319,1.6232363648468966,1.6232348450989171,1.623232818771365,1.6232302858668854
1.6236922165009904,1.6236947542186937,1.62369678439684,1.6236983070327737,1.6236993221245026,1.6236998296706995,1.6236998296706995,1.6236993221245026,1.6236983070327737,1.62369678439684,1.6236947542186937,1.6236922165009904
1.6241580894652052,1.6241606320202329,1.6241626660682535,1.6241641916066019,1.6241652086332787,1.62416571714695,1.62416571714695,1.6241652086332787,1.6241641916066019,1.6241626660682535,1.6241606320202329,1.6241580894652052
1.6246279257771845,1.6246304731936254,1.6246325111307924,1.6246340395860095,1.6246350585572689,1.6246355680432334,1.6246355680432334,1.6246350585572689,1.6246340395860095,1.6246325111307924,1.6246304731936254,1.6246279257771845
1.6251017465033926,1.625104298805326,1.625106340650902,1.625107872037435,1.6251088929629096,1.6251094034259828,1.6251094034259828,1.6251088929629096,1.625107872037435,1.625106340650902,1.625104298805326,1.6251017465033926
1.6255795727582656,1.6255821299697597,1.6255841757430005,1.6255857100752908,1.625586732964608,1.6255872444096038,1.6255872444096038,1.625586732964608,1.6255857100752908,1.6255841757430005,1.6255821299697597,1.6255795727582656
1.6260614257033716,1.626063987848486,1.6260660375686387,1.626067574861122,1.6260685997239055,1.6260691121556359,1.6260691121556359,1.6260685997239055,1.626067574861122,1.6260660375686387,1.626063987848486,1.6260614257033716
1.6265473265465729,1.6265498936493568,1.626551947335661,1.626553487602768,1.6265545144486382,1.6265550278719132,1.6265550278719132,1.6265545144486382,1.626553487602768,1.626551947335661,1.6265498936493568,1.6265473265465729
1.6270372965411857,1.627039868625681,1.6270419262973708,1.6270434695535256,1.6270444983920993,1.627045012811727,1.627045012811727,1.6270444983920993,1.6270434695535256,1.6270419262973708,1.627039868625681,1.6270372965411857
1.6275313569851475,1.627533934075387,1.6275359957516877,1.6275375420113114,1.6275385728522014,1.6275390882729894,1.6275390882729894,1.6275385728522014,1.6275375420113114,1.6275359957516877,1.627533934075387,1.6275313569851475
1.6280295292201752,1.6280321113401843,1.6280341770403177,1.6280357263178247,1.6280367591706422,1.6280372755973946,1.6280372755973946,1.6280367591706422,1.6280357263178247,1.6280341770403177,1.6280321113401843,1.6280295292201752
1.628531834630935,1.6285344218047315,1.6285364915479115,1.6285380438577137,1.6285390787320655,1.628539596169587,1.628539596169587,1.6285390787320655,1.6285380438577137,1.6285364915479115,1.6285344218047315,1.628531834630935
1.6290382946442028,1.6290408868957988,1.6290429607012353,1.6290445160577391,1.6290455529632308,1.6290460714163233,1.6290460714163233,1.6290455529632308,1.6290445160577391,1.6290429607012353,1.6290408868957988,1.6290382946442028
1.6295489307280353,1.629551528081436,1.629553605968333,1.6295551643859425,1.629556203332176,1.6295567228056407,1.6295567228056407,1.629556203332176,1.6295551643859425,1.629553605968333,1.629551528081436,1.6295489307280353
1.6300637643909344,1.6300663668701394,1.6300684488576977,1.630070010350813,1.6300710513473882,1.6300715718460252,1.6300715718460252,1.6300710513473882,1.630070010350813,1.6300684488576977,1.6300663668701394,1.6300637643909344
1.6305828171810164,1.630585424810021,1.6305875109174361,1.630589075500454,1.6305901185569698,1.630590640085578,1.630590640085578,1.6305901185569698,1.630589075500454,1.6305875109174361,1.630585424810021,1.6305828171810164
1.631106110685184,1.6311087234879778,1.631110813734442,1.6311123814217576,1.6311134265478096,1.631113949111188,1.631113949111188,1.6311134265478096,1.6311123814217576,1.631110813734442,1.6311087234879778,1.631106110685184
1.631633666528294,1.6316362845288637,1.6316383789335667,1.6316399497395715,1.6316409969447547,1.6316415205477002,1.6316415205477002,1.6316409969447547,1.6316399497395715,1.6316383789335667,1.6316362845288637,1.631633666528294
1.632165506372333,1.6321681295946613,1.6321702281767894,1.6321718021158738,1.6321728514097817,1.632173376057091,1.632173376057091,1.6321728514097817,1.6321718021158738,1.6321702281767894,1.6321681295946613,1.632165506372333
1.63270165191559,1.6327042803836571,1.6327063831623947,1.632707960248947,1.6327090116411713,1.6327095373376408,1.6327095373376408,1.6327090116411713,1.632707960248947,1.6327063831623947,1.6327042803836571,1.63270165191559
1.633242124891831,1.6332447586296153,1.633246865624145,1.6332484458725518,1.6332494993726847,1.6332500261231098,1.6332500261231098,1.6332494993726847,1.6332484458725518,1.633246865624145,1.6332447586296153,1.633242124891831
1.6337869470694788,1.6337895861009561,1.6337916973304591,1.633793280755107,1.6337943363727387,1.6337948641819149,1.6337948641819149,1.6337943363727387,1.633793280755107,1.6337916973304591,1.6337895861009561,1.6337869470694788
1.634336140250789,1.6343387845999349,1.6343409000835916,1.6343424866988654,1.6343435444435865,1.634344073316309,1.634344073316309,1.6343435444435865,1.6343424866988654,1.6343409000835916,1.6343387845999349,1.634336140250789
1.6348897262710314,1.6348923759618208,1.6348944957188107,1.634896085539096,1.634897145420497,1.6348976753615605,1.6348976753615605,1.634897145420497,1.634896085539096,1.6348944957188107,1.6348923759618208,1.6348897262710314
1.6354477269976728,1.6354503820540802,1.635452506103584,1.6354540991432662,1.6354551611709367,1.6354556921851369,1.6354556921851369,1.6354551611709367,1.6354540991432662,1.635452506103584,1.6354503820540802,1.6354477269976728
1.6360101643295601,1.6360128247755612,1.6360149531367598,1.6360165494102237,1.6360176135937552,1.636018145685887,1.636018145685887,1.6360176135937552,1.6360165494102237,1.6360149531367598,1.6360128247755612,1.6360101643295601
1.6365770601961065,1.6365797260556785,1.6365818587477536,1.6365834582693868,1.6365845246183692,1.6365850577932284,1.6365850577932284,1.6365845246183692,1.6365834582693868,1.6365818587477536,1.6365797260556785,1.6365770601961065
1.6371484365564795,1.6371511078536016,1.6371532448957369,1.637154847679927,1.6371559162039526,1.6371564504663352,1.6371564504663352,1.6371559162039526,1.637154847679927,1.6371532448957369,1.6371511078536016,1.6371484365564795
1.6377243153987913,1.6377269921574458,1.6377291335688267,1.6377307396299625,1.6377318103386247,1.637732345693327,1.637732345693327,1.6377318103386247,1.6377307396299625,1.6377291335688267,1.6377269921574458,1.6377243153987913
1.6383047187392905,1.6383074009834617,1.638309546783277,1.6383111561357502,1.6383122290386432,1.6383127654904626,1.6383127654904626,1.6383122290386432,1.6383111561357502,1.638309546783277,1.6383074009834617,1.6383047187392905
1.6388896686215553,1.6388923563752333,1.6388945065826739,1.6388961192408784,1.6388971943475978,1.6388977319013325,1.6388977319013325,1.6388971943475978,1.6388961192408784,1.6388945065826739,1.6388923563752333,1.6388896686215553
1.6394791871156924,1.6394818804028704,1.639484035037132,1.6394856510154647,1.6394867283356085,1.6394872669960565,1.6394872669960565,1.6394867283356085,1.6394856510154647,1.639484035037132,1.6394818804028704,1.6394791871156924
1.6400732963175335,1.6400759951622108,1.6400781542424927,1.6400797735553527,1.6400808530985205,1.6400813928704825,1.6400813928704825,1.6400808530985205,1.6400797735553527,1.6400781542424927,1.6400759951622108,1.6400732963175335
1.640672018347837,1.6406747227740186,1.6406768863195254,1.640678508981316,1.6406795907571103,1.6406801316453878,1.6406801316453876,1.6406795907571103,1.640678508981316,1.6406768863195254,1.6406747227740186,1.640672018347837
1.6412753753514928,1.6412780853831905,1.6412802534131314,1.6412818794382604,1.6412829634562862,1.641283505465681,1.641283505465681,1.641282963456286,1.6412818794382604,1.6412802534131312,1.6412780853831905,1.6412753753514928
1.641883389496727,1.6418861051579596,1.6418882776915502,1.6418899070944293,1.6418909933642942,1.6418915364996107,1.6418915364996105,1.6418909933642942,1.6418899070944288,1.64188827769155,1.6418861051579592,1.6418833894967266
1.6424960829743105,1.6424988042891053,1.6425009813455675,1.642502614140613,1.6425037026719285,1.6425042469379716,1.6425042469379716,1.6425037026719282,1.6425026141406127,1.642500981345567,1.6424988042891047,1.6424960829743096
1.643113477996771,1.6431162049891643,1.643118386587727,1.6431200227893608,1.6431211135917412,1.6431216589933189,1.6431216589933184,1.643121113591741,1.6431200227893599,1.6431183865877261,1.6431162049891632,1.64311347799677
1.6437355967976073,1.6437383294916437,1.6437405156515434,1.643742155274193,1.6437432483572567,1.6437437948991778,1.6437437948991775,1.643743248357256,1.6437421552741922,1.6437405156515421,1.6437383294916421,1.643735596797606
1.6443624616305035,1.6443652000502387,1.6443673907907204,1.644369033848819,1.6443701292221888,1.6443706769092645,1.644370676909264,1.6443701292221877,1.6443690338488177,1.6443673907907184,1.6443652000502367,1.6443624616305017
1.6449940947685517,1.6449968389380523,1.6449990342783685,1.645000680786357,1.6450017784596591,1.6450023272967031,1.6450023272967025,1.6450017784596578,1.6450006807863549,1.644999034278366,1.6449968389380496,1.6449940947685493
1.645630518503472,1.6456332684468153,1.6456354684062293,1.6456371183785543,1.6456382183614204,1.645638768353248,1.6456387683532476,1.6456382183614187,1.6456371183785516,1.645635468406226,1.6456332684468118,1.6456305185034688
1.6462717551448385,1.646274510886115,1.646276715483899,1.6462783689350151,1.6462794712370814,1.6462800223885112,1.6462800223885103,1.646279471237079,1.646278368935011,1.6462767154838942,1.64627451088611,1.6462717551448336
1.6469178270193063,1.6469205885826201,1.646922797838057,1.6469244547824262,1.6469255594133347,1.646926111729187,1.6469261117291858,1.646925559413331,1.6469244547824209,1.6469227978380503,1.6469205885826133,1.6469178270193
1.6475687564698458,1.6475715238793134,1.6475737378116975,1.6475753982637902,1.6475765052331877,1.647577058718286,1.6475770587182843,1.6475765052331828,1.6475753982637824,1.6475737378116877,1.6475715238793036,1.6475687564698367
1.6482245658549728,1.6482273391347264,1.6482295577633626,1.6482312217376585,1.6482323310551976,1.6482328857143687,1.6482328857143664,1.6482323310551905,1.6482312217376478,1.648229557763349,1.6482273391347122,1.6482245658549595
1.6488852775479885,1.648888056722175,1.6488902800663818,1.6488919475773696,1.648893059252709,1.648893615090782,1.6488936150907785,1.6488930592526994,1.6488919475773538,1.6488902800663632,1.648888056722155,1.6488852775479694
1.6495509139362199,1.6495536990290032,1.6495559271081106,1.6495575981702877,1.6495587122130937,1.6495592692349006,1.6495592692348957,1.6495587122130795,1.6495575981702664,1.649555927108084,1.6495536990289745,1.6495509139361935
1.6502214974202625,1.650224288455822,1.6502265212891754,1.6502281959170502,1.6502293123369935,1.6502298705473706,1.6502298705473635,1.6502293123369738,1.6502281959170193,1.6502265212891376,1.6502242884557823,1.650221497420225
1.6508970504132283,1.6508998474157626,1.6509020850227194,1.6509037632308103,1.6509048820375702,1.6509054414413562,1.6509054414413464,1.6509048820375423,1.6509037632307675,1.6509020850226666,1.6508998474157064,1.6508970504131757
1.6515775953399967,1.6515803983337216,1.651582640733655,1.651584322536492,1.6515854437397541,1.651586004341791,1.651586004341777,1.6515854437397144,1.6515843225364308,1.6515826407335803,1.6515803983336421,1.6515775953399217
1.6522631546364666,1.652265963645618,1.652268210857916,1.6522698962700393,1.6522710198794974,1.6522715816846305,1.6522715816846114,1.652271019879441,1.6522698962699534,1.6522682108578106,1.652265963645506,1.6522631546363613
1.652953750748816,1.6529565657976495,1.6529588178417165,1.652960506877679,1.6529616329030328,1.652962195916112,1.6529621959160843,1.6529616329029535,1.652960506877557,1.6529588178415675,1.6529565657974907,1.6529537507486667
1.6536494061327613,1.653652227245554,1.6536544841408105,1.6536561768151756,1.6536573052661343,1.6536578694920112,1.6536578694919726,1.653657305266022,1.653656176815004,1.6536544841406,1.6536522272453296,1.6536494061325506
1.654350143252823,1.654352970453873,1.654355232219757,1.6543569285471018,1.6543580594333802,1.6543586248769109,1.6543586248768558,1.6543580594332221,1.654356928546859,1.654355232219459,1.6543529704535562,1.6543501432525254
1.655055984581593,1.6550588178952217,1.6550610845511882,1.6550627845461017,1.655063917877424,1.6550644845434652,1.6550644845433877,1.6550639178771995,1.6550627845457588,1.6550610845507672,1.6550588178947743,1.6550559845811725
1.655766952599008,1.6557697920495602,1.6557720636150821,1.6557737672921662,1.6557749030782618,1.655775470971675,1.6557754709715649,1.6557749030779456,1.6557737672916812,1.6557720636144873,1.6557697920489274,1.6557669525984133
1.656483069791623,1.656485915403469,1.6564881918980379,1.6564898992719066,1.6564910375225137,1.6564916066481585,1.6564916066480038,1.6564910375220663,1.656489899271222,1.6564881918971979,1.6564859154025746,1.6564830697907829
1.6572043586518956,1.65720721044943,1.6572094918925575,1.657211202977837,1.6572123437026973,1.6572129140654364,1.6572129140652168,1.6572123437020658,1.6572112029768689,1.6572094918913702,1.6572072104481665,1.6572043586507081
1.6579308416774663,1.657933699685112,1.6579359860963274,1.6579377009076555,1.6579388441165168,1.6579394157212077,1.657939415720898,1.6579388441156242,1.657937700906288,1.65793598609465,1.6579336996833267,1.657930841675789
1.6586625413704494,1.6586654056126573,1.6586676970115102,1.658669415563535,1.6586705612661468,1.6586711341176439,1.6586711341172062,1.6586705612648858,1.658669415561603,1.6586676970091403,1.6586654056101355,1.6586625413680798
1.659399480236728,1.6594023507379785,1.659404647144037,1.659406369451416,1.659407517657526,1.6594080917606746,1.659408091760056,1.6594075176557448,1.6594063694486865,1.659404647140689,1.6594023507344153,1.6593994802333798
1.6601416807852498,1.6601445575700557,1.6601468590029076,1.660148585080303,1.6601497357996553,1.6601503111592848,1.6601503111584106,1.6601497357971384,1.660148585076447,1.6601468589981774,1.6601445575650222,1.6601416807805198
1.6608891655273363,1.660892048620245,1.6608943550994943,1.6608960849615717,1.6608972382038965,1.6608978148248141,1.6608978148235793,1.6608972382003409,1.660896084956124,1.6608943550928115,1.6608920486131336,1.6608891655206537
1.6616419569759917,1.6616448464015874,1.6616471579468564,1.6616488916082761,1.6616500473832836,1.6616506252702612,1.6616506252685161,1.6616500473782598,1.6616488916005794,1.6616471579374146,1.6616448463915399,1.6616419569665501
1.6624000776452252,1.6624029734281338,1.662405290059057,1.6624070275344682,1.6624081858518334,1.6624087650095907,1.662408765007126,1.6624081858447355,1.662407027523594,1.6624052900457178,1.6624029734139385,1.6624000776318857
1.66316355004938,1.6631664522142746,1.6631687739504972,1.663170515254524,1.6631716761238675,1.6631722565570501,1.6631722565535672,1.6631716761138398,1.663170515239161,1.6631687739316514,1.6631664521942193,1.6631635500305344
1.6639323967024775,1.6639353052740835,1.663937632135256,1.6639393772824809,1.6639405407133419,1.6639411224264857,1.6639411224215654,1.6639405406991747,1.6639393772607751,1.66393763210863,1.663935305245749,1.663932396675852
1.6647066401175727,1.66470955512068,1.6647118871264486,1.6647136361313868,1.6647148021331863,1.664715385130671,1.6647153851237197,1.6647148021131706,1.664713636100721,1.6647118870888313,1.664709555080649,1.6647066400799562
1.665486302806137,1.6654892242656116,1.6654915614356072,1.6654933143126724,1.6654944828946565,1.6654950671806392,1.6654950671708177,1.6654944828663782,1.6654933142693473,1.6654915613824612,1.6654892242090553,1.6654863027529914
1.6662714072774618,1.666274335218265,1.6662766775720868,1.6662784343355401,1.6662796055067044,1.666280191085022,1.6662801910711469,1.6662796054667521,1.6662784342743302,1.6662766774970015,1.6662743351383613,1.6662714072023774
1.6670619760381034,1.6670649104853172,1.667067258042508,1.6670690187063884,1.6670701924753666,1.6670707793494057,1.6670707793298025,1.667070192418922,1.6670690186199097,1.6670672579364267,1.6670649103724284,1.6670619759320227
1.6678580315913771,1.6678609725702411,1.6678633253502533,1.667865089928275,1.6678662663031885,1.6678668544756925,1.667866854447997,1.6678662662234425,1.6678650898060974,1.6678633252003803,1.6678609724107503,1.667858031441506
1.6686595964369255,1.6686625439728844,1.6686649019950304,1.6686666705004436,1.6686678494886789,1.6686684389614825,1.6686684389223538,1.6686678493760128,1.6686666703278292,1.6686649017832882,1.6686625437475537,1.668659596225185
1.6694666930703737,1.669469647189152,1.6694720104725365,1.6694737829179234,1.6694749645258278,1.6694755552994762,1.669475555244195,1.6694749643666515,1.6694737826740518,1.669472010173384,1.6694696468708021,1.6694666927712243
1.6702793439831347,1.6702823047108337,1.6702846732742533,1.6702864496712473,1.6702876339036898,1.670288225976907,1.6702882258988043,1.670287633678804,1.670286449326702,1.670284672851607,1.6702823042610648,1.6702793435604926
1.6710975716623926,1.6711005390256322,1.6711029128874384,1.6711046932463196,1.671105880106078,1.6711064734750074,1.6711064733646637,1.6711058797883562,1.6711046927595423,1.6711029122903192,1.6711005383901933,1.671097571065279
1.6719213985913604,1.6719243726174766,1.6719267517953789,1.6719285361245073,1.6719297256113959,1.6719303202685363,1.6719303201126412,1.6719297251625147,1.6719285354367823,1.6719267509517612,1.6719243717197207,1.671921397747751
1.672750847249909,1.672753827967234,1.672756212478021,1.6727580007830358,1.6727591928926766,1.672759788825371,1.6727597886051206,1.6727591922584915,1.672757999811409,1.6727562112861474,1.6727538266988733,1.6727508460580467
1.6735859401157263,1.6735889275539835,1.6735913174131296,1.6735931096958137,1.6735943044179002,1.6735949016062068,1.6735949012950342,1.6735943035219156,1.6735931083230877,1.6735913157292357,1.6735889257620276,1.6735859384318488
1.67442669966622,1.674429693857081,1.6744320890781932,1.6744338853348721,1.674435082650714,1.6744356810643928,1.6744356806247647,1.6744350813848556,1.6744338833954675,1.6744320866991669,1.6744296913253838,1.6744266972872166
1.6752731483814733,1.6752761493593447,1.675278549953373,1.6752803501726534,1.675281550051708,1.6752821496459696,1.6752821490248573,1.6752815482632881,1.6752803474326385,1.6752785465922555,1.6752761457825314,1.6752731450203877
1.6761253087486767,1.676128316551813,1.6761307225259447,1.6761325266855138,1.6761337290804894,1.6761343297899816,1.676134328912467,1.6761337265537872,1.6761325228143875,1.6761307177773164,1.676128311498447,1.6761253040000939
1.6769832032686598,1.676986217940732,1.6769886292968206,1.6769904373589322,1.6769916421988629,1.676992243929183,1.6769922426894186,1.6769916386291073,1.6769904318897568,1.6769886225879005,1.6769862108012745,1.6769831965598034
1.6778468544653697,1.6778498760576839,1.677852292790035,1.6778541046951236,1.677855311875593,1.6778559144912866,1.6778559127397328,1.6778553068321982,1.677854096968206,1.6778522833115899,1.677849865970971,1.6778468449870159
1.6787162848995243,1.6787193134741552,1.6787217355663937,1.67872355122406,1.678724760593382,1.678725363900998,1.678725361426381,1.6787247534680119,1.678723540307376,1.6787217221751303,1.6787192992235234,1.6787162715083894
1.679591517188156,1.6795945528223715,1.6795969802430193,1.6795987995192887,1.6796000108589906,1.679600614583133,1.6796006110869641,1.6796000007921803,1.6795987840960631,1.6795969613236779,1.679594532688904,1.679591498268996
1.6804725740324729,1.680475616824988,1.6804780495212146,1.6804798722205394,1.6804810852177838,1.6804816889672831,1.6804816840278527,1.6804810709952707,1.6804798504304166,1.6804780227917362,1.6804755883801776,1.6804725473032514
1.6813594782574792,1.6813625283372864,1.6813649662260781,1.6813667920659128,1.68136800627454,1.6813686094946576,1.6813686025161696,1.6813679861807982,1.6813667612805596,1.6813649284623424,1.6813624881501084,1.6813594404941061
1.68225225286819,1.6822553104070372,1.6822577533627259,1.6822595819376063,1.6822607967230947,1.6822613986280026,1.6822613887687088,1.68226076833441,1.6822595384436805,1.6822577000096561,1.6822552536300979,1.6822521995156328
1.6831509211293045,1.6831539863593177,1.68315643419596,1.6831582649267616,1.6831594793884805,1.683160078865869,1.6831600649365381,1.6831594392805984,1.6831582034780097,1.6831563588180876,1.68315390614416,1.683150845752156
1.6840555066779996,1.6840585799165777,1.6840610323630678,1.6840628644253317,1.6840640772867062,1.6840646727630237,1.684064653083495,1.6840640206217992,1.6840627776097812,1.6840609258682822,1.684058466587616,1.6840554001842378
1.6849660336835215,1.6849691153684963,1.6849715720334102,1.684973404256104,1.6849746137094708,1.6849752029595542,1.6849751751560764,1.684974533652599,1.6849732816020293,1.6849714215762663,1.6849689552559417,1.684965883227824
1.6858825270728623,1.6858856178121542,1.685888078134106,1.6858899088566386,1.6858911123441136,1.6858916922222624,1.6858916529411743,1.6858909992387945,1.6858897355694615,1.685887865566398,1.6858853916031575,1.685882314507199
1.6868050128497876,1.6868081134915225,1.6868105766690569,1.6868124035393643,1.6868135974433536,1.6868141635034672,1.6868141080066796,1.6868134376468022,1.6868121587171285,1.6868102763507704,1.6868077939006394,1.686804712534391
1.687733518545674,1.6877366302771744,1.6877390951697944,1.6877409148592524,1.6877420940654138,1.687742640024457,1.6877425616179584,1.6877418683029721,1.6877405689714338,1.6877386708763855,1.6877361787551597,1.687733094256349
1.6886680738564763,1.688671198343977,1.6886736633324497,1.6886754711334495,1.6886766284136554,1.6886771453939164,1.6886770346203686,1.6886763094539363,1.6886749824590064,1.6886730638853926,1.688670560427896,1.6886674744151917
1.6896087115424268,1.6896118511282074,1.6896143139174624,1.6896161031755423,1.6896172283169113,1.6896177037760174,1.689617547274092,1.6896167776873117,1.68961541277059,1.6896134670109915,1.6896109498719227,1.689607864644114
1.6905554686985185,1.6905586266789128,1.6905610840200787,1.6905628453329231,1.6905639239088637,1.6905643401291917,1.6905641190221472,1.6905632872554233,1.6905618699211233,1.6905598874994148,1.6905573533713678,1.6905542721893856
1.6915083885480413,1.6915115695652685,1.6915140168639,1.6915157369521427,1.6915167485890468,1.6915170805457564,1.6915167681650942,1.6915158491214222,1.6915143588804589,1.6915123264027192,1.6915097706165503,1.6915066981031575
1.6924675229735577,1.692470733567571,1.6924731643318887,1.6924748244483803,1.69247574038255,1.6924759527359086,1.6924755114061352,1.6924744696145737,1.6924728774972517,1.6924707760220983,1.6924681919797808,1.692465134686802
1.6934329360868803,1.693436185471871,1.6934385905363745,1.6934401642272987,1.6934409438643214,1.6934409867193096,1.6934403632174793,1.6934391485363347,1.6934374135651735,1.6934352162886521,1.6934325946567559,1.6934295618717137
1.6944047092615788,1.6944080104175532,1.6944103768516157,1.6944118268086708,1.6944124128832856,1.694412215816733,1.6944113349630805,1.694409876496762,1.6944079406770345,1.694405609635522,1.6944029371947524,1.6943999420915
1.6953829482219478,1.695386319427971,1.6953886290028324,1.6953899026423804,1.695390214419223,1.6953896780782374,1.6953884336951375,1.6953866311772088,1.6953844123664914,1.6953818937233367,1.6953791517196661,1.6953762130074903
1.6963677930198837,1.6963712600074266,1.696373487043179,1.696374510302908,1.6963744340420146,1.6963734183508326,1.6963716605264891,1.6963693721064859,1.6963667538326013,1.6963639711010763,1.6963611328649848,1.6963582771697086
1.6973594320621725,1.6973630310446497,1.6973651393811742,1.697365808015072,1.6973651836296204,1.697363491289327,1.6973610084798707,1.69735803340583,1.6973548502592637,1.6973516944705298,1.6973487219387742,1.6973459872814698
1.698358121813868,1.6983619037750692,1.6983638424842609,1.6983640098171588,1.6983626122441686,1.6983599657648478,1.6983564597567085,1.6983525138239006,1.6983485303589774,1.698344845596772,1.698341684133527,1.698339125110067
1.699364214459518,1.6993682513195587,1.6993699485403133,1.6993694081080986,1.6993669213467384,1.699362931343188,1.6993579825195193,1.6993526633192102,1.6993475432828835,1.6993431049319343,1.6993396753773347,1.6993373711108435
1.700378196759412,1.7003825905545171,1.7003839443142579,1.700382404796835,1.7003783857549288,1.7003725077925211,1.7003655276919294,1.700358265662351,1.7003515265109073,1.7003460074384886,1.700342193280763,1.700340260250923
1.7014007447947108,1.7014056423407342,1.701406505893758,1.7014035535385503,1.7013973816013386,1.7013888588783597,1.701379027266386,1.7013690175722527,1.7013599620766433,1.7013528774214357,1.7013485024259865,1.7013471168420744
1.702432801627856,1.7024384210781798,1.7024385763504362,1.7024336148261834,1.7024244211788337,1.7024122117695328,1.7023983978037645,1.7023845081263176,1.7023721196081576,1.7023627305195213,1.7023575149111427,1.7023569565330061
1.7034756885544624,1.7034823773749852,1.7034814769930513,1.7034736216139876,1.7034601898657706,1.703442882522314,1.7034235573079906,1.7034042107241976,1.7033869908647636,1.703374123252405,1.7033675832546689,1.7033683358583864
1.7045312641603896,1.7045396566640418,1.7045370664268664,1.7045249385420773,1.7045055678740533,1.7044813048112137,1.7044544717770433,1.704427520121366,1.704403243332116,1.704384921776484,1.7043760923713769,1.7043791209982475
1.7056021314605176,1.7056136728849554,1.705607947697367,1.7055892524038505,1.7055615923608674,1.7055280510690296,1.7054912587681619,1.7054539084536127,1.7054192942762794,1.7053919817890129,1.7053784970557544,1.7053861676903628
1.7066917432521378,1.7067107303148858,1.7066975736571908,1.706668305535613,1.7066292725199343,1.7065838226393715,1.7065343779434459,1.706483334682753,1.706433817436515,1.706390987850281,1.7063655201192027,1.7063851605757603
1.7061497954150526,1.7078457264957894,1.7078091060700227,1.7077629184484775,1.7077091642919084,1.7076493836097832,1.7075848900894786,1.7075170291179744,1.7074474469762728,1.7073784259375984,1.7073132287781643,1.705878917695295
