3.8975555156042163,3.897579538576726,3.897603512582585,3.897579538576726,3.8975555156042163
3.897531492631707,3.8976034149107117,3.8976273891800286,3.8976034149107117,3.897531492631707
3.8976035104635405,3.897675435125767,3.897699410189499,3.897675435125767,3.8976035104635405
3.8977236721772046,3.897795600815587,3.8978195772047206,3.897795600815587,3.8977236721772046
3.8978919804299115,3.8979639146375384,3.897987892883112,3.8979639146375384,3.8978919804299115
3.898108438942587,3.898180380312762,3.8982043609458827,3.898180380312762,3.898108438942587
3.89837305250001,3.898445002626316,3.8984689861781847,3.898445002626316,3.89837305250001
3.898685826951003,3.8987577874273622,3.898781774429292,3.8987577874273622,3.898685826951003
3.899046769208658,3.8991187416293904,3.8991427326128294,3.8991187416293904,3.899046769208658
3.8994558872505984,3.8995278732104883,3.899551868707038,3.8995278732104883,3.8994558872505984
3.8999131901192934,3.8999851912136494,3.9000091917550863,3.8999851912136494,3.8999131901192934
3.9004186879224054,3.9004907057471216,3.9005147118654167,3.9004907057471216,3.9004186879224054
3.90097239183318,3.9010444279847976,3.901068440212139,3.9010444279847976,3.90097239183318
3.90157431409088,3.901646370166651,3.901670389035462,3.901646370166651,3.90157431409088
3.9022244680012577,3.9022965455992042,3.902320571642167,3.9022965455992042,3.9022244680012577
3.902922867937072,3.9029949686560497,3.903019002406122,3.9029949686560497,3.902922867937072
3.9036695293386385,3.903741654778399,3.903765696768838,3.903741654778399,3.9036695293386385
3.9044644687144343,3.9045366204756857,3.9045606712400684,3.9045366204756857,3.9044644687144343
3.9053077036417325,3.9053798833262015,3.9054039433984435,3.9053798833262015,3.9053077036417325
3.90619925276728,3.9062714619777763,3.906295531892154,3.9062714619777763,3.90619925276728
3.907139135808026,3.9072113761485,3.90723545643967,3.9072113761485,3.907139135808026
3.908127373551877,3.908199646627487,3.90822373783051,3.908199646627487,3.908127373551877
3.909163987858508,3.9092362952756785,3.909260397926036,3.9092362952756785,3.909163987858508
3.910249001660203,3.9103213450266887,3.910345459660306,3.9103213450266887,3.910249001660203
3.911382438962745,3.9114548198876937,3.911478947040959,3.9114548198876937,3.911382438962745
3.912564324846345,3.9126367449403583,3.9126608851501476,3.9126367449403583,3.912564324846345
3.9137946854666135,3.9138671463418104,3.9138913001455027,3.9138671463418104,3.9137946854666135
3.9150735480555694,3.915146051325649,3.9151702192611513,3.915146051325649,3.9150735480555694
3.916400940922699,3.9164734882030015,3.916497670808767,3.9164734882030015,3.916400940922699
3.917776893456046,3.9178494863636177,3.9178736841786694,3.9178494863636177,3.917776893456046
3.919201436123355,3.9192740762770093,3.919298289840958,3.9192740762770093,3.919201436123355
3.920674600473246,3.9207472894936286,3.9207715193466957,3.9207472894936286,3.920674600473246
3.922196419136441,3.9222691586460874,3.922293405329128,3.9222691586460874,3.922196419136441
3.9237669258270227,3.923839717450428,3.9238639815049448,3.923839717450428,3.9237669258270227
3.925386155343742,3.925459000707419,3.925483282675591,3.925459000707419,3.925386155343742
3.9270541435713646,3.9271270443039117,3.927151344728612,3.9271270443039117,3.9270541435713646
3.928770927482065,3.9288438852142242,3.9288682046390395,3.9288438852142242,3.928770927482065
3.9305365451368517,3.930609561501575,3.9306339004708315,3.930609561501575,3.9305365451368517
3.9323510356870477,3.93242411231956,3.932448471378338,3.93242411231956,3.9323510356870477
3.934214439375802,3.934287577913665,3.9343119576078265,3.934287577913665,3.934214439375802
3.936126797539652,3.936199999622828,3.936224400499033,3.936199999622828,3.936126797539652
3.9380881526101255,3.9381614198810393,3.938185842486772,3.9381614198810393,3.9380881526101255
3.9400985481153814,3.940171882218988,3.940196327102573,3.940171882218988,3.9400985481153814
3.9421580286819005,3.942231431265746,3.9422558989763714,3.942231431265746,3.9421580286819005
3.9442666400362114,3.9443401127504982,3.944364603838239,3.9443401127504982,3.9442666400362114
3.946424429006667,3.946497973504318,3.946522488520156,3.946497973504318,3.946424429006667
3.9486314435252567,3.948705061461979,3.948729600957823,3.948705061461979,3.9486314435252567
3.9508877326294636,3.950961425663815,3.950985990192526,3.950961425663815,3.9508877326294636
3.9531933464641704,3.9532671162576225,3.9532917063730304,3.9532671162576225,3.9531933464641704
3.9555483362836004,3.9556221845006028,3.9556468007575325,3.9556221845006028,3.9555483362836004
3.957952754453305,3.9580266827613526,3.958051325715642,3.9580266827613526,3.957952754453305
3.960406654452197,3.960480664521893,3.9605053347304175,3.960480664521893,3.960406654452197
3.962910090874624,3.9629841843797458,3.9630088824004384,3.9629841843797458,3.962910090874624
3.965463119432485,3.965537298050049,3.965562024441923,3.965537298050049,3.965463119432485
3.9680657969573936,3.968140062367724,3.9681648176908935,3.968140062367724,3.9680657969573936
3.970718181402885,3.9707925352896734,3.9708173201053767,3.9707925352896734,3.970718181402885
3.9734203318466603,3.973494775897038,3.9735195907676593,3.973494775897038,3.9734203318466603
3.976172308492887,3.976246844397485,3.976271689886576,3.976246844397485,3.976172308492887
3.9789741726745262,3.979048802127547,3.9790736787998497,3.979048802127547,3.9789741726745262
3.9818259868557253,3.981900711555006,3.981925619976472,3.981900711555006,3.9818259868557253
3.9847278146342346,3.984802636281313,3.9848275770191304,3.984802636281313,3.9847278146342346
3.987679720743882,3.9877546410440647,3.9877796146666755,3.9877546410440647,3.987679720743882
3.990681771057085,3.9907567917195146,3.990781798796641,3.9907567917195146,3.990681771057085
3.9937340325874113,3.993809155325133,3.9938341964277964,3.993809155325133,3.9937340325874113
3.9968365734921836,3.9969118000222106,3.996936875722757,3.9969118000222106,3.9968365734921836
3.9999894630751243,4.000064795118508,4.000089905990629,4.000064795118508,3.9999894630751243
4.003192771789055,4.003268211070949,4.003293357689704,4.003268211070949,4.003192771789055
4.006446571238628,4.006522119488364,4.006547302430201,4.006522119488364,4.006446571238628
4.009750934183119,4.009826593134261,4.009851812977047,4.009826593134261,4.009750934183119
4.013105934539247,4.013181705929674,4.013206963252706,4.013181705929674,4.013105934539247
4.016511647384057,4.016587532956021,4.01661282834006,4.016587532956023,4.016511647384057
4.019968148957837,4.020044150458036,4.020069484485322,4.02004415045804,4.019968148957837
4.02347551666708,4.023551635846724,4.023577009101009,4.023551635846742,4.02347551666708
4.02703382908751,4.027110067702374,4.027135480768951,4.027110067702443,4.02703382908751
4.030643165967123,4.030719525777588,4.03074497924335,4.030719525777847,4.030643165967123
4.034303608229302,4.03438009100028,4.034405585453883,4.03438009100125,4.034303608229302
4.038015237975966,4.038091845476449,4.03811738150886,4.038091845480068,4.038015237975965
4.041778138490763,4.04185487249196,4.041880450698413,4.041854872505464,4.041778138490763
4.045592394242324,4.045669256510486,4.045694877497741,4.045669256560882,4.045592394242322
4.049458090887539,4.0495350831570285,4.0495607475704105,4.0495350833451145,4.049458090887531
4.053375315274902,4.053452439147481,4.053478147771667,4.053452439849432,4.05337531527487
4.05734415544786,4.0574214120166605,4.057447166151796,4.057421414636412,4.057344155447743
4.0613647006480305,4.061442089094223,4.06146789195928,4.061442098871398,4.061364700647592
4.065437041317346,4.065514553673882,4.065540415642777,4.06551459016327,4.065437041315707
4.069561269093429,4.0696388707102376,4.069664828845854,4.069639006892249,4.0695612690873055
4.073737476764296,4.073815033446799,4.073841224359284,4.073815541691583,4.073737476741435
4.077965757982138,4.078042764324207,4.07806969582586,4.0780446611441965,4.077965757896779
4.082246205558779,4.08232077256654,4.082350336002403,4.082327851687094,4.082246205240062
4.086578901442994,4.086643987060811,4.086683226612326,4.086670407041828,4.08657890025295
4.090963858023609,4.0909932504587605,4.09106837918391,4.091091852452589,4.090963853580141
4.095400675020144,4.095296980563044,4.09550539021091,4.095664973001819,4.0954006584287495
4.093144605164538,4.099288809718572,4.099991431254944,4.100662194075011,4.09319388956993
