7.3067097076317005,7.306762870595374,7.306827575046119,7.306762870595374,7.3067097076317005
7.306656544668027,7.306850659830472,7.3069153654753585,7.306850659830472,7.306656544668027
7.306827568968768,7.307021691181862,7.307086399176994,7.307021691181862,7.306827568968768
7.307081835118266,7.307275967850463,7.307340679352012,7.307275967850463,7.307081835118266
7.307419348094784,7.307613494814896,7.307678210979153,7.307613494814896,7.307419348094784
7.307840114654383,7.308034278831689,7.308099000815094,7.308034278831689,7.307840114654383
7.3083441433311584,7.308538328435535,7.308603057394734,7.308538328435535,7.3083441433311584
7.3089314444376114,7.309125653939649,7.3091903910315175,7.309125653939649,7.3089314444376114
7.309602030065034,7.309796267436158,7.309861013817859,7.309796267436158,7.309602030065034
7.310355914084006,7.310550182796601,7.3106149396256095,7.310550182796601,7.310355914084006
7.311193112144937,7.311387415672467,7.3114521841066225,7.311387415672467,7.311193112144937
7.312113641678691,7.312307983495821,7.312372764693364,7.312307983495821,7.312113641678691
7.313117521897286,7.313311905480004,7.313376700599608,7.313311905480004,7.313117521897286
7.314204773794644,7.314399202620383,7.3144640128212135,7.314399202620383,7.314204773794644
7.315375420147438,7.315569897695195,7.315634724136935,7.315569897695195,7.315375420147438
7.316629485515994,7.316824015266455,7.316888859109348,7.316824015266455,7.316629485515994
7.317966996245258,7.318161581680919,7.318226444085816,7.318161581680919,7.317966996245258
7.319387980465856,7.319582625071147,7.319647507199542,7.319582625071147,7.319387980465856
7.320892468095207,7.3210871753566105,7.3211520783706785,7.3210871753566105,7.320892468095207
7.322480490838704,7.322675264244882,7.322740189307529,7.322675264244882,7.322480490838704
7.324152082190993,7.3243469252329,7.3244118735077945,7.3243469252329,7.324152082190993
7.32590727743728,7.326102193608299,7.326167166259919,7.326102193608299,7.32590727743728
7.3277461136547535,7.327941106450808,7.328006104644476,7.327941106450808,7.3277461136547535
7.329668629714049,7.329863702633728,7.329928727535659,7.329863702633728,7.329668629714049
7.3316748662807925,7.331870022825476,7.331935075602816,7.331870022825476,7.3316748662807925
7.333764865817225,7.333960109491205,7.334025191312064,7.333960109491205,7.333764865817225
7.335938672583881,7.336134006894484,7.336199118927992,7.336134006894484,7.335938672583881
7.338196332641353,7.338391761099067,7.338456904515402,7.338391761099067,7.338196332641353
7.340537893852124,7.340733419970718,7.340798595941154,7.340733419970718,7.340537893852124
7.34296340588247,7.343159033179117,7.343224242876061,7.343159033179117,7.34296340588247
7.345472920204429,7.345668652199834,7.3457338967968715,7.345668652199834,7.345472920204429
7.348066490097857,7.348262330316376,7.348327610988309,7.348262330316376,7.348066490097857
7.350744170652536,7.350940122622307,7.351005440545199,7.350940122622307,7.350744170652536
7.353506018770383,7.3537020860234374,7.35376744237465,7.3537020860234374,7.353506018770383
7.356352093167689,7.356548279240092,7.35661367519833,7.356548279240092,7.356352093167689
7.3592824543774755,7.35947876280944,7.359544199554792,7.35947876280944,7.3592824543774755
7.362297164751892,7.362493599087905,7.362559077801886,7.362493599087905,7.362297164751892
7.365396288464699,7.365592852253652,7.365658374119241,7.365592852253652,7.365396288464699
7.368579891513824,7.368776588309132,7.368842154510818,7.368776588309132,7.368579891513824
7.371848041723986,7.372044875083715,7.372110486807539,7.372044875083715,7.371848041723986
7.375200808749394,7.375397782236389,7.375463440669982,7.375397782236389,7.375200808749394
7.378638264076521,7.378835381258531,7.37890108759116,7.378835381258531,7.378638264076521
7.382160481026953,7.382357745476754,7.382423500899361,7.382357745476754,7.382160481026953
7.385767534760304,7.3859649500558255,7.386030755761075,7.3859649500558255,7.385767534760304
7.389459502277206,7.3896570720016665,7.389722929183978,7.3896570720016665,7.389459502277206
7.393236462422384,7.393434190164407,7.393500100020007,7.393434190164407,7.393236462422384
7.397098495887792,7.397296385241538,7.397362348968498,7.397296385241538,7.397098495887792
7.401045685215826,7.401243739781122,7.401309758579401,7.401243739781122,7.401045685215826
7.4050781148026195,7.405276338185081,7.4053424132565695,7.405276338185081,7.4050781148026195
7.409195870901393,7.4093942667125585,7.409460399261121,7.4093942667125585,7.409195870901393
7.413399041625911,7.413597613483365,7.413663804714879,7.413597613483365,7.413399041625911
7.417687716953973,7.417886468481479,7.4179527196038855,7.417886468481479,7.417687716953973
7.42206198873102,7.422260923558645,7.422327235781983,7.422260923558645,7.42206198873102
7.4265219506737825,7.42672107243803,7.426787446974485,7.42672107243803,7.4265219506737825
7.431067698374024,7.4312670107179635,7.431333448781911,7.4312670107179635,7.431067698374024
7.4356993293023566,7.435898835875749,7.435965338683793,7.435898835875749,7.4356993293023566
7.440416942812121,7.440616647271557,7.440683216042578,7.440616647271557,7.440416942812121
7.445220640143361,7.4454205461523815,7.4454871821075805,7.4454205461523815,7.445220640143361
7.450110524426857,7.4503106356560895,7.450377340019026,7.4503106356560895,7.450110524426857
7.45508670068824,7.455287020815535,7.455353794812176,7.455287020815535,7.45508670068824
7.460149275852195,7.460349808562746,7.4604166534215075,7.460349808562746,7.460149275852195
7.465298358746717,7.465499107733202,7.465566024684996,7.465499107733202,7.465298358746717
7.470534060107473,7.47073502907018,7.470802019348456,7.47073502907018,7.470534060107473
7.475856492582205,7.476057685229176,7.476124750069961,7.476057685229176,7.475856492582205
7.481265770735254,7.481467190782401,7.481534331424354,7.481467190782401,7.481265770735254
7.486762011052118,7.48696366222337,7.487030879907819,7.48696366222337,7.486762011052118
7.492345331944123,7.492547217971552,7.4926145139425415,7.492547217971552,7.492345331944123
7.498015853753142,7.498217978377109,7.498285353881441,7.498217978377109,7.498015853753142
7.503773698756422,7.503976065725697,7.5040435220129815,7.503976065725697,7.503773698756422
7.509618991171466,7.50982160424337,7.509889142566066,7.5098216042433705,7.509618991171466
7.515551857161002,7.515754720101543,7.515822341715007,7.515754720101545,7.515551857161002
7.521572424838034,7.521775541422041,7.52184324758457,7.521775541422048,7.521572424838034
7.527680824270968,7.5278841982822255,7.527951990255106,7.527884198282248,7.527680824270968
7.533877187488818,7.534080822720188,7.534148701767757,7.534080822720273,7.533877187488818
7.540161648486497,7.540365548740012,7.540433516129745,7.540365548740326,7.540161648486497
7.546534343230174,7.54673851231701,7.546806569319736,7.546738512318182,7.546534343230174
7.552995409662733,7.553199851402712,7.55326799929329,7.553199851407086,7.552995409662732
7.559544987709288,7.55974970592868,7.559817945988383,7.559749705945009,7.5595449877092875
7.566183219282801,7.566388217805707,7.566456551331027,7.566388217866651,7.566183219282798
7.57291024828976,7.573115530905603,7.573183959240944,7.57311553113305,7.572910248289747
7.579726220635944,7.579931790977755,7.580000315637321,7.579931791826614,7.579726220635895
7.586631284232156,7.586837145322077,7.58690576844454,7.586837148490112,7.586631284231972
7.593625588999506,7.593831741552787,7.59390046759737,7.593831753376242,7.593625588998821
7.60070928687143,7.600915722970081,7.600984565042735,7.60091576709652,7.600709286868869
7.60788253177592,7.6080892112793,7.608158214720927,7.608089375964047,7.60788253176636
7.615145479500516,7.615352242132511,7.615421572426862,7.615352856754189,7.615145479464823
7.622498286867754,7.62270452484956,7.6227747949715585,7.622706818685623,7.622498286734491
7.629941106869794,7.630144547424472,7.6302180352647255,7.630153108274329,7.6299411063722555
7.637474060170644,7.637666246614959,7.637751413623318,7.63769819665356,7.637474058313073
7.645097068567952,7.645246640491874,7.645374850513934,7.645365881570747,7.645097061632639
7.6528088827740515,7.652800022374248,7.653087091669144,7.653245043275759,7.652808856880681
7.648888650857948,7.660009051234972,7.660880025996711,7.661669918495961,7.648948245542852
