1.5835382866344818,1.58353866944868,1.5835402597963841,1.5835414525587501,1.583542247734417,1.583542645322477,1.583542645322477,1.583542247734417,1.5835414525587501,1.5835402597963841,1.58353866944868,1.5835382866344818
1.5835379038202837,1.583539891750589,1.5835414820975549,1.5835426748593673,1.5835434700346651,1.5835438676225408,1.5835438676225408,1.5835434700346651,1.5835426748593673,1.5835414820975549,1.583539891750589,1.5835379038202837
1.5835402597904462,1.5835422477420895,1.583543838106126,1.5835450308807417,1.5835458260645745,1.5835462236567182,1.5835462236567182,1.5835458260645745,1.5835450308807417,1.583543838106126,1.5835422477420895,1.5835402597904462
1.5835437495127545,1.5835457375079973,1.5835473279069134,1.5835485207076885,1.5835493159089615,1.5835497135098249,1.5835497135098249,1.5835493159089615,1.5835485207076885,1.5835473279069134,1.5835457375079973,1.5835437495127545
1.583548373201584,1.5835503612626882,1.5835519517142935,1.583553144554586,1.5835539397822034,1.5835543373962393,1.5835543373962393,1.5835539397822034,1.583553144554586,1.5835519517142935,1.5835503612626882,1.583548373201584
1.5835541312008696,1.5835561193500984,1.5835577098722045,1.5835589027653718,1.5835596980282398,1.5835600956599003,1.5835600956599003,1.5835596980282398,1.5835589027653718,1.5835577098722045,1.5835561193500984,1.5835541312008696
1.5835610239841063,1.5835630122437254,1.5835646028541432,1.583565795813545,1.5835665911205692,1.5835669887743085,1.5835669887743085,1.5835665911205692,1.583565795813545,1.5835646028541432,1.5835630122437254,1.5835610239841063
1.5835690521543453,1.583571040546622,1.5835726312631662,1.5835738243021626,1.5835746196622504,1.583575017342521,1.583575017342521,1.5835746196622504,1.5835738243021626,1.5835726312631662,1.583571040546622,1.5835690521543453
1.5835782164441938,1.5835802049913978,1.5835817958318845,1.5835829889638386,1.583583784385897,1.583584182097154,1.583584182097154,1.583583784385897,1.5835829889638386,1.5835817958318845,1.5835802049913978,1.5835782164441938
1.5835885177158096,1.5835905064402147,1.5835920974224629,1.5835932906607377,1.583594086153678,1.5835944839003746,1.5835944839003746,1.583594086153678,1.5835932906607377,1.5835920974224629,1.5835905064402147,1.5835885177158096
1.5835999569609007,1.5836019458847843,1.5836035370266153,1.583604730384578,1.5836055259573092,1.5836059237439022,1.5836059237439022,1.5836055259573092,1.583604730384578,1.5836035370266153,1.5836019458847843,1.5835999569609007
1.5836125353007184,1.5836145244463617,1.583616115765601,1.5836173092566197,1.583618104918056,1.5836185027490006,1.5836185027490006,1.583618104918056,1.5836173092566197,1.583616115765601,1.5836145244463617,1.5836125353007184
1.5836262539860553,1.5836282433757436,1.5836298348902198,1.5836310285276665,1.5836318242867211,1.5836322221664758,1.5836322221664758,1.5836318242867211,1.5836310285276665,1.5836298348902198,1.5836282433757436,1.5836262539860553
1.583641114397236,1.583643104053261,1.5836446957808068,1.5836458895780559,1.5836466854436464,1.5836470833766683,1.5836470833766683,1.5836466854436464,1.5836458895780559,1.5836446957808068,1.583643104053261,1.583641114397236
1.5836571180441157,1.5836591079887732,1.5836606999472258,1.5836618939176559,1.5836626898986996,1.583663087889449,1.583663087889449,1.5836626898986996,1.5836618939176559,1.5836606999472258,1.5836591079887732,1.5836571180441157
1.5836742665660688,1.5836762568216622,1.5836778490288639,1.5836790431858558,1.5836798392912748,1.5836802373442116,1.5836802373442116,1.5836798392912748,1.5836790431858558,1.5836778490288639,1.5836762568216622,1.5836742665660688
1.5836925617319872,1.583694552320825,1.5836961447946227,1.5836973391515625,1.58369813539028,1.583698533509866,1.583698533509866,1.58369813539028,1.5836973391515625,1.5836961447946227,1.583694552320825,1.5836925617319872
1.583712005440266,1.583713996384664,1.5837155891429113,1.583716783713188,1.5837175800941308,1.5837179782848294,1.5837179782848294,1.5837175800941308,1.583716783713188,1.5837155891429113,1.583713996384664,1.583712005440266
1.5837325997188,1.583734591041082,1.5837361841016366,1.583737378898645,1.583738175430742,1.5837385736970182,1.5837385736970182,1.583738175430742,1.583737378898645,1.5837361841016366,1.583734591041082,1.5837325997188
1.583754346724972,1.583756338447469,1.583757931828197,1.5837591268653348,1.583759923557519,1.5837603219038385,1.5837603219038385,1.583759923557519,1.5837591268653348,1.583757931828197,1.583756338447469,1.583754346724972
1.5837772487456432,1.5837792408906948,1.5837808346094668,1.583782029900139,1.583782826761346,1.5837832251921768,1.5837832251921768,1.583782826761346,1.583782029900139,1.5837808346094668,1.5837792408906948,1.5837772487456432
1.5838013081971418,1.5838033007870962,1.5838048948617918,1.583806090419407,1.5838068874585762,1.5838072859783883,1.5838072859783883,1.5838068874585762,1.583806090419407,1.5838048948617918,1.5838033007870962,1.5838013081971418
1.5838265276252539,1.583828520682469,1.5838301151309737,1.5838313109689466,1.583832108195021,1.5838325068082861,1.5838325068082861,1.583832108195021,1.5838313109689466,1.5838301151309737,1.583828520682469,1.5838265276252539
1.5838529097052088,1.5838549032520515,1.5838564980922594,1.5838576942240103,1.5838584916459373,1.5838588903571285,1.5838588903571285,1.5838584916459373,1.5838576942240103,1.5838564980922594,1.5838549032520515,1.5838529097052088
1.5838804572416672,1.583882451300515,1.5838840465503283,1.5838852429892838,1.5838860406160138,1.5838864394296068,1.5838864394296068,1.5838860406160138,1.5838852429892838,1.5838840465503283,1.583882451300515,1.5838804572416672
1.583909173168708,1.583911167761949,1.583912763439278,1.5839139601988708,1.5839147580393598,1.583915156959832,1.583915156959832,1.5839147580393598,1.5839139601988708,1.583912763439278,1.583911167761949,1.583909173168708
1.5839390605498134,1.5839410556998468,1.5839426518226103,1.5839438489162803,1.5839446469794871,1.5839450460113187,1.5839450460113187,1.5839446469794871,1.5839438489162803,1.5839426518226103,1.5839410556998468,1.5839390605498134
1.5839701225778535,1.5839721183070896,1.5839737148932171,1.5839749123344098,1.5839757106292995,1.5839761097769722,1.5839761097769722,1.5839757106292995,1.5839749123344098,1.5839737148932171,1.5839721183070896,1.5839701225778535
1.584002362575072,1.5840043589059332,1.5840059559733617,1.5840071537755316,1.5840079523110726,1.5840083515790715,1.5840083515790715,1.5840079523110726,1.5840071537755316,1.5840059559733617,1.5840043589059332,1.584002362575072
1.5840357839930663,1.5840377809479875,1.5840393785146656,1.584040576691273,1.5840413754764398,1.584041774869251,1.584041774869251,1.5840413754764398,1.584040576691273,1.5840393785146656,1.5840377809479875,1.5840357839930663
1.5840703904127735,1.5840723880142022,1.5840739860980877,1.5840751846626016,1.5840759837063727,1.5840763832284868,1.5840763832284868,1.5840759837063727,1.5840751846626016,1.5840739860980877,1.5840723880142022,1.5840703904127735
1.5841061855444494,1.5841081838148467,1.5841097824339085,1.5841109813998056,1.5841117807111655,1.5841121803670744,1.5841121803670744,1.5841117807111655,1.5841109813998056,1.5841097824339085,1.5841081838148467,1.5841061855444494
1.5841431732276507,1.5841451721894912,1.5841467713617092,1.5841479707424737,1.5841487703304131,1.5841491701246113,1.5841491701246113,1.5841487703304131,1.5841479707424737,1.5841467713617092,1.5841451721894912,1.5841431732276507
1.5841813574312145,1.584183357106987,1.5841849568503519,1.5841861566594777,1.5841869565329914,1.584187356469977,1.584187356469977,1.5841869565329914,1.5841861566594777,1.5841849568503519,1.584183357106987,1.5841813574312145
1.5842207422532368,1.5842227426654447,1.5842243429979588,1.584225543248948,1.5842263434170374,1.5842267435013113,1.5842267435013113,1.5842263434170374,1.584225543248948,1.5842243429979588,1.5842227426654447,1.5842207422532368
1.5842613319210512,1.584263333092212,1.5842649340318906,1.5842661347382538,1.5842669352099266,1.584267335445992,1.584267335445992,1.5842669352099266,1.5842661347382538,1.5842649340318906,1.584263333092212,1.5842613319210512
1.584303130791205,1.5843051327438529,1.584306734308723,1.5843079354839804,1.5843087362682495,1.5843091366606137,1.5843091366606137,1.5843087362682495,1.5843079354839804,1.584306734308723,1.5843051327438529,1.584303130791205
1.5843461433494372,1.5843481461061215,1.584349748314222,1.5843509499719035,1.5843517510777896,1.584352151630962,1.584352151630962,1.5843517510777896,1.5843509499719035,1.584349748314222,1.5843481461061215,1.5843461433494372
1.5843903742106513,1.5843923777939377,1.584393980663322,1.5843951828169671,1.5843959842534958,1.5843963849719898,1.5843963849719898,1.5843959842534958,1.5843951828169671,1.584393980663322,1.5843923777939377,1.5843903742106513
1.584435828118892,1.5844378325513626,1.584439436100096,1.5844406387632544,1.584441440539459,1.584441841427791,1.584441841427791,1.584441440539459,1.5844406387632544,1.584439436100096,1.5844378325513626,1.584435828118892
1.584482509947316,1.5844845152515705,1.584486119497733,1.5844873226839642,1.5844881248088845,1.5844885258715744,1.5844885258715744,1.5844881248088845,1.5844873226839642,1.584486119497733,1.5844845152515705,1.584482509947316
1.5845304246981664,1.5845324308968216,1.584534035858506,1.5845352395813803,1.584536042064063,1.5845364433056344,1.5845364433056344,1.584536042064063,1.5845352395813803,1.584534035858506,1.5845324308968216,1.5845304246981664
1.5845795775027407,1.5845815846184317,1.5845831903137468,1.5845843945868447,1.5845851974363439,1.5845855988613238,1.5845855988613238,1.5845851974363439,1.5845843945868447,1.5845831903137468,1.5845815846184317,1.5845795775027407
1.5846299736213647,1.584631981676744,1.584633588123812,1.5846347929607258,1.5846355961861025,1.5846359977990214,1.5846359977990214,1.5846355961861025,1.5846347929607258,1.584633588123812,1.584631981676744,1.5846299736213647
1.5846816184433574,1.5846836274610974,1.5846852346780558,1.5846864400923883,1.584687243702712,1.5846876455081043,1.5846876455081043,1.584687243702712,1.5846864400923883,1.5846852346780558,1.5846836274610974,1.5846816184433574
1.5847345174870022,1.584736527489793,1.5847381354947947,1.5847393415001607,1.5847401455045071,1.584740547506911,1.584740547506911,1.5847401455045071,1.5847393415001607,1.5847381354947947,1.584736527489793,1.5847345174870022
1.5847886763995096,1.5847906874100626,1.5847922962212757,1.5847935028313014,1.5847943072387551,1.5847947094427126,1.5847947094427126,1.5847943072387551,1.5847935028313014,1.5847922962212757,1.5847906874100626,1.5847886763995096
1.5848441009569878,1.5848461129980325,1.5848477226336408,1.5848489298619648,1.584849734681617,1.5848501370916748,1.5848501370916748,1.584849734681617,1.5848489298619648,1.5848477226336408,1.5848461129980325,1.5848441009569878
1.5849007970644002,1.5849028101586873,1.5849044206368919,1.584905628497164,1.5849064337381165,1.5849068363588235,1.5849068363588235,1.5849064337381165,1.584905628497164,1.5849044206368919,1.5849028101586873,1.5849007970644002
1.5849587707555346,1.5849607849258347,1.584962396264852,1.5849636047707356,1.5849644104420957,1.5849648132780072,1.5849648132780072,1.5849644104420957,1.5849636047707356,1.584962396264852,1.5849607849258347,1.5849587707555346
1.5850180281929596,1.5850200434620654,1.5850216556801298,1.5850228648452989,1.5850236709561845,1.5850240740118584,1.5850240740118584,1.5850236709561845,1.5850228648452989,1.5850216556801298,1.5850200434620654,1.5850180281929596
1.5850785756679888,1.5850805920587137,1.5850822051740754,1.5850834150122195,1.5850842215717549,1.5850846248517545,1.5850846248517545,1.5850842215717549,1.5850834150122195,1.5850822051740754,1.5850805920587137,1.5850785756679888
1.5851404196006371,1.5851424371358163,1.585144051166744,1.5851452616915638,1.5851460687088839,1.5851464722177757,1.5851464722177757,1.5851460687088839,1.5851452616915638,1.585144051166744,1.5851424371358163,1.5851404196006371
1.5852035665395805,1.5852055852420712,1.5852072002068507,1.5852084114320608,1.5852092189163083,1.585209622658664,1.585209622658664,1.5852092189163083,1.5852084114320608,1.5852072002068507,1.5852055852420712,1.5852035665395805
1.5852680231621092,1.5852700430547917,1.5852716589717268,1.585272870911055,1.5852736788713822,1.585274082851778,1.585274082851778,1.5852736788713822,1.585272870911055,1.5852716589717268,1.5852700430547917,1.5852680231621092
1.5853337962740857,1.5853358173798626,1.5853374342672755,1.585338646934464,1.5853394553800317,1.5853398596030486,1.5853398596030486,1.5853394553800317,1.585338646934464,1.5853374342672755,1.5853358173798626,1.5853337962740857
1.5854008928098957,1.5854029151516926,1.585404533027925,1.585405746436729,1.585406555376708,1.5854069598469305,1.5854069598469305,1.585406555376708,1.585405746436729,1.585404533027925,1.5854029151516926,1.5854008928098957
1.5854693198324012,1.5854713434331682,1.5854729623165789,1.5854741764807687,1.5854749859243387,1.5854753906463568,1.5854753906463568,1.5854749859243387,1.5854741764807687,1.5854729623165789,1.5854713434331682,1.5854693198324012
1.5855390845328907,1.5855411094156011,1.5855427293245694,1.5855439442579287,1.585544754214279,1.585545159192688,1.585545159192688,1.585544754214279,1.5855439442579287,1.5855427293245694,1.5855411094156011,1.5855390845328907
1.5856101942310274,1.5856122204186787,1.585613841371602,1.58561505708793,1.58561586756626,1.5856162728056586,1.5856162728056586,1.58561586756626,1.58561505708793,1.585613841371602,1.5856122204186787,1.5856101942310274
1.5856826563747959,1.5856846838904106,1.5856863059057074,1.5856875224188167,1.5856883334283354,1.5856887389333285,1.5856887389333285,1.5856883334283354,1.5856875224188167,1.5856863059057074,1.5856846838904106,1.5856826563747959
1.5857564785404492,1.5857585074070744,1.5857601305031825,1.5857613478269015,1.5857621593768279,1.5857625651520248,1.5857625651520248,1.5857621593768279,1.5857613478269015,1.5857601305031825,1.5857585074070744,1.5857564785404492
1.5858316684324518,1.5858336986731598,1.5858353228685371,1.5858365410167097,1.5858373531162724,1.5858377591662878,1.5858377591662878,1.5858373531162724,1.5858365410167097,1.5858353228685371,1.5858336986731598,1.5858316684324518
1.5859082338834212,1.58591026552131,1.585911890834435,1.58591310982092,1.5859139224793584,1.5859143288088124,1.5859143288088124,1.5859139224793584,1.58591310982092,1.585911890834435,1.58591026552131,1.5859082338834212
1.5859861828540693,1.5859882159122634,1.5859898423616352,1.585991062200307,1.5859918754268714,1.585992282040388,1.585992282040388,1.5859918754268714,1.585991062200307,1.5859898423616352,1.5859882159122634,1.5859861828540693
1.5860655234331422,1.586067557934791,1.5860691855389297,1.5860704062436788,1.5860712200476283,1.586071626949838,1.586071626949838,1.5860712200476283,1.5860704062436788,1.5860691855389297,1.586067557934791,1.5860655234331422
1.5861462638373545,1.5861482998056347,1.5861499285830818,1.5861511501678138,1.5861519645584194,1.5861523717539576,1.5861523717539576,1.5861519645584194,1.5861511501678138,1.5861499285830818,1.5861482998056347,1.5861462638373545
1.586228412411326,1.586230449869441,1.5862320798387595,1.586233302317397,1.58623411730394,1.586234524797447,1.586234524797447,1.58623411730394,1.586233302317397,1.5862320798387595,1.586230449869441,1.586228412411326
1.5863119776275152,1.586314016598696,1.58631564777847,1.586316871164951,1.5863176867567241,1.5863180945528466,1.5863180945528466,1.5863176867567241,1.586316871164951,1.58631564777847,1.586314016598696,1.5863119776275152
1.58639696808615,1.5863990085936543,1.5864006410024905,1.58640186531077,1.5864026815170764,1.5864030896204655,1.5864030896204655,1.5864026815170764,1.58640186531077,1.5864006410024905,1.5863990085936543,1.58639696808615
1.5864833925151571,1.586485434582271,1.5864870682387977,1.586488293482847,1.5864891103130012,1.5864895187283146,1.5864895187283146,1.5864891103130012,1.586488293482847,1.5864870682387977,1.586485434582271,1.5864833925151571
1.5865712597700903,1.586573303420127,1.586574938342996,1.5865761645368033,1.5865769820001305,1.5865773907320309,1.5865773907320309,1.5865769820001305,1.5865761645368033,1.586574938342996,1.586573303420127,1.5865712597700903
1.5866605788340546,1.5866626240903567,1.5866642602982408,1.5866654874558122,1.5866663055616492,1.5866667146148048,1.5866667146148048,1.5866663055616492,1.5866654874558122,1.5866642602982408,1.5866626240903567,1.5866605788340546
1.5867513588176316,1.5867534057035693,1.5867550432151651,1.5867562713505228,1.5867570901082177,1.5867574994873028,1.5867574994873028,1.5867570901082177,1.5867562713505228,1.5867550432151651,1.5867534057035693,1.5867513588176316
1.5868436089587983,1.5868456574977707,1.5868472963317988,1.5868485254589817,1.586849344877895,1.5868497545875893,1.5868497545875893,1.586849344877895,1.5868485254589817,1.5868472963317988,1.5868456574977707,1.5868436089587983
1.5869373386228485,1.5869393888382848,1.5869410290134869,1.5869422591465527,1.5869430792360557,1.586943489281045,1.586943489281045,1.5869430792360557,1.5869422591465527,1.5869410290134869,1.5869393888382848,1.5869373386228485
1.587032557302309,1.5870346092176666,1.5870362507528093,1.5870374819058328,1.5870383026753088,1.5870387130602845,1.5870387130602845,1.5870383026753088,1.5870374819058328,1.5870362507528093,1.5870346092176666,1.587032557302309
1.587129274616854,1.5871313282556203,1.587132971169494,1.5871342033565676,1.587135024815411,1.5871354355450715,1.5871354355450715,1.587135024815411,1.5871342033565676,1.587132971169494,1.5871313282556203,1.587129274616854
1.5872275003132181,1.5872295556989107,1.5872312000103288,1.5872324332455634,1.5872332554031818,1.5872336664822297,1.5872336664822297,1.5872332554031818,1.5872324332455634,1.5872312000103288,1.5872295556989107,1.5872275003132181
1.5873272442651074,1.5873293014212737,1.5873309471490746,1.587332181446598,1.5873330043124105,1.5873334157455556,1.5873334157455556,1.5873330043124105,1.587332181446598,1.5873309471490746,1.5873293014212737,1.5873272442651074
1.5874285164731061,1.5874305754233238,1.5874322225863695,1.587433457960329,1.5874342815437663,1.5874346933357242,1.5874346933357242,1.5874342815437663,1.587433457960329,1.5874322225863695,1.5874305754233238,1.5874285164731061
1.5875313270645832,1.5875333878324607,1.5875350364496383,1.5875362729141984,1.5875370972247045,1.5875375093801969,1.5875375093801969,1.5875370972247045,1.5875362729141984,1.5875350364496383,1.5875333878324607,1.5875313270645832
1.5876356862935956,1.587637748902772,1.5876393989929924,1.587640636562338,1.5876414616093673,1.5876418741331224,1.5876418741331224,1.5876414616093673,1.587640636562338,1.5876393989929924,1.587637748902772,1.5876356862935956
1.587741604540788,1.5877436690149338,1.5877453205971337,1.5877465592854652,1.5877473850784878,1.587747797975239,1.587747797975239,1.5877473850784878,1.5877465592854652,1.5877453205971337,1.5877436690149338,1.587741604540788
1.5878490923132929,1.587851158676109,1.5878528117692494,1.587854051590789,1.587854878139284,1.5878552914137727,1.5878552914137727,1.587854878139284,1.587854051590789,1.5878528117692494,1.587851158676109,1.5878490923132929
1.5879581602446247,1.5879602285198449,1.587961883142912,1.5879631241118992,1.5879639514253607,1.5879643650823323,1.5879643650823323,1.5879639514253607,1.5879631241118992,1.587961883142912,1.5879602285198449,1.5879581602446247
1.5880688190945746,1.5880708893059627,1.5880725454779687,1.5880737876086628,1.5880746156965961,1.5880750297408044,1.5880750297408044,1.5880746156965961,1.5880737876086628,1.5880725454779687,1.5880708893059627,1.5880688190945746
1.5881810797490998,1.5881831519204526,1.588184809660435,1.588186052967113,1.5881868818390374,1.588187296275241,1.588187296275241,1.5881868818390374,1.588186052967113,1.588184809660435,1.5881831519204526,1.5881810797490998
1.5882949532202129,1.5882970273753592,1.58829868670238,1.58829993119934,1.5883007608647866,1.5883011756977519,1.5883011756977519,1.5883007608647866,1.58829993119934,1.58829868670238,1.5882970273753592,1.5882949532202129
1.5884104506458654,1.588412526808666,1.5884141877418148,1.5884154334433727,1.5884162639118857,1.588416679146385,1.588416679146385,1.5884162639118857,1.5884154334433727,1.5884141877418148,1.588412526808666,1.5884104506458654
1.5885275832898325,1.5885296614841806,1.5885313240425714,1.5885325709630633,1.5885334022442008,1.5885338178850121,1.5885338178850121,1.5885334022442008,1.5885325709630633,1.5885313240425714,1.5885296614841806,1.5885275832898325
1.5886463625415908,1.588648442791412,1.5886501069941863,1.5886513551479684,1.5886521872513,1.5886526033032091,1.5886526033032091,1.5886521872513,1.5886513551479684,1.5886501069941863,1.588648442791412,1.5886463625415908
1.5887667999161974,1.5887688822454509,1.5887705481117749,1.588771797513222,1.5887726304483318,1.5887730469161303,1.5887730469161303,1.5887726304483318,1.588771797513222,1.5887705481117749,1.5887688822454509,1.5887667999161974
1.5888889070541616,1.588890991486839,1.5888926590359065,1.5888939096994141,1.5888947434758989,1.5888951603643848,1.5888951603643848,1.5888947434758989,1.5888939096994141,1.5888926590359065,1.588890991486839,1.5888889070541616
1.5890126957213189,1.5890147822814447,1.589016451532476,1.589017703472459,1.5890185380999284,1.5890189554139071,1.5890189554139071,1.5890185380999284,1.589017703472459,1.589016451532476,1.5890147822814447,1.5890126957213189
1.5891381778086973,1.5891402665203302,1.5891419374925713,1.5891431907234645,1.589144026211542,1.5891444439558253,1.5891444439558253,1.589144026211542,1.5891431907234645,1.5891419374925713,1.5891402665203302,1.5891381778086973
1.5892653653323836,1.5892674562196145,1.5892691289323393,1.5892703834685977,1.5892712198269199,1.589271638006326,1.589271638006326,1.5892712198269199,1.5892703834685977,1.5892691289323393,1.5892674562196145,1.5892653653323836
1.5893942704333852,1.5893963635203394,1.5893980379928476,1.5893992938489465,1.5894001310871637,1.5894005497065173,1.5894005497065173,1.5894001310871637,1.5893992938489465,1.5893980379928476,1.5893963635203394,1.5893942704333852
1.589524905377489,1.589527000688326,1.5895286769399448,1.5895299341303795,1.5895307722581549,1.5895311913222887,1.5895311913222887,1.5895307722581549,1.5895299341303795,1.5895286769399448,1.589527000688326,1.589524905377489
1.5896572825551192,1.5896593801140315,1.5896610581641153,1.5896623167034012,1.5896631557304128,1.5896635752441641,1.5896635752441641,1.5896631557304128,1.5896623167034012,1.5896610581641153,1.5896593801140315,1.5896572825551192
1.5897914144811882,1.5897935143124022,1.5897951941803325,1.589796454083006,1.5897972940189442,1.5897977139871595,1.5897977139871595,1.5897972940189442,1.589796454083006,1.5897951941803325,1.5897935143124022,1.5897914144811882
1.5899273137949481,1.5899294159227246,1.5899310976279097,1.589932358908528,1.5899331997630965,1.5899336201906276,1.5899336201906276,1.5899331997630965,1.589932358908528,1.5899310976279097,1.5899294159227246,1.5899273137949481
1.5900649932598347,1.5900670977084692,1.5900687812703458,1.5900700439434852,1.590070885726403,1.5900713066181091,1.5900713066181091,1.590070885726403,1.5900700439434852,1.5900687812703458,1.5900670977084692,1.5900649932598347
1.5902044657633152,1.5902065725571368,1.590208257995168,1.5902095220754264,1.5902103647964247,1.5902107861571717,1.5902107861571717,1.5902103647964247,1.5902095220754264,1.590208257995168,1.5902065725571368,1.5902044657633152
1.5903457443167228,1.5903478534800954,1.5903495408137724,1.5903508063157683,1.5903516499845933,1.5903520718192539,1.5903520718192539,1.5903516499845933,1.5903508063157683,1.5903495408137724,1.5903478534800954,1.5903457443167228
1.5904888420550967,1.5904909536124188,1.590492642861261,1.5904939097996331,1.590494754426044,1.590495176739498,1.590495176739498,1.590494754426044,1.5904939097996331,1.590492642861261,1.5904909536124188,1.5904888420550967
1.590633772237015,1.5906358862127195,1.5906375773962722,1.5906388457856815,1.5906396913794512,1.5906401141765854,1.5906401141765854,1.5906396913794512,1.5906388457856815,1.5906375773962722,1.5906358862127195,1.590633772237015
1.5907805482444217,1.5907826646629764,1.590784357800815,1.5907856276559413,1.5907864742268574,1.590786897512565,1.590786897512565,1.5907864742268574,1.5907856276559413,1.590784357800815,1.5907826646629764,1.5907805482444217
1.5909291835824568,1.5909313024683644,1.5909329975800905,1.5909342689156356,1.5909351164734988,1.5909355402526808,1.5909355402526808,1.5909351164734988,1.5909342689156356,1.5909329975800905,1.5909313024683644,1.5909291835824568
1.591079691879276,1.5910818132570734,1.591083510362317,1.5910847831930037,1.5910856317476294,1.5910860560251927,1.5910860560251927,1.5910856317476294,1.5910847831930037,1.591083510362317,1.5910818132570734,1.591079691879276
1.5912320868858698,1.5912342107801298,1.5912359098985491,1.59123718423912,1.5912380338003373,1.591238458581197,1.591238458581197,1.5912380338003373,1.59123718423912,1.5912359098985491,1.5912342107801298,1.5912320868858698
1.5913863824758805,1.5913885089112105,1.5913902100624913,1.5913914859277116,1.5913923365053633,1.5913927617944406,1.5913927617944406,1.5913923365053633,1.5913914859277116,1.5913902100624913,1.5913885089112105,1.5913863824758805
1.5915425926454128,1.5915447216464553,1.5915464248503113,1.5915477022549664,1.5915485538589098,1.591548979661133,1.591548979661133,1.5915485538589098,1.5915477022549664,1.5915464248503113,1.5915447216464553,1.5915425926454128
1.591700731512842,1.591702863104274,1.5917045683804476,1.5917058473393446,1.59170669997945,1.5917071262997553,1.5917071262997553,1.59170669997945,1.5917058473393446,1.5917045683804476,1.591702863104274,1.591700731512842
1.591860813318617,1.5918629475251516,1.5918646548934134,1.5918659354213793,1.5918667891075329,1.5918672159508622,1.5918672159508622,1.5918667891075329,1.5918659354213793,1.5918646548934134,1.5918629475251516,1.591860813318617
1.5920228524250628,1.5920249892714482,1.5920266987515965,1.5920279808634805,1.5920288356055812,1.5920292629768844,1.5920292629768844,1.5920288356055812,1.5920279808634805,1.5920266987515965,1.5920249892714482,1.5920228524250628
1.592186863316177,1.5921890028271959,1.5921907144390566,1.5921919981497292,1.5921928539576897,1.592193281861924,1.592193281861924,1.5921928539576897,1.5921919981497292,1.5921907144390566,1.5921890028271959,1.592186863316177
1.5923528605974187,1.5923550027978899,1.5923567165613188,1.59235800188567,1.5923588587694186,1.592359287211547,1.592359287211547,1.5923588587694186,1.59235800188567,1.5923567165613188,1.5923550027978899,1.5923528605974187
1.5925208589955022,1.5925230039102793,1.5925247198451584,1.5925260067981017,1.5925268647675797,1.5925272937525738,1.5925272937525738,1.5925268647675797,1.5925260067981017,1.5925247198451584,1.5925230039102793,1.5925208589955022
1.5926908733581782,1.5926930210121504,1.5926947391383919,1.5926960277348599,1.5926968868000233,1.59269731633286,1.59269731633286,1.5926968868000233,1.5926960277348599,1.5926947391383919,1.5926930210121504,1.5926908733581782
1.5928629186540166,1.5928650690721082,1.5928667894096513,1.592868079664599,1.592868939835417,1.5928693699210819,1.5928693699210819,1.592868939835417,1.592868079664599,1.5928667894096513,1.5928650690721082,1.5928629186540166
1.5930370099721811,1.5930391631793517,1.5930408857481642,1.5930421776765677,1.5930430389630246,1.5930434696065092,1.5930434696065092,1.5930430389630246,1.5930421776765677,1.5930408857481642,1.5930391631793517,1.5930370099721811
1.593213162522204,1.5932153185434483,1.5932170433635262,1.5932183369803825,1.593219199392476,1.59321963059878,1.59321963059878,1.593219199392476,1.5932183369803825,1.5932170433635262,1.5932153185434483,1.593213162522204
1.5933913916337512,1.5933935504941004,1.593395277585468,1.593396572905795,1.5933974364535386,1.593397868227667,1.593397868227667,1.5933974364535386,1.593396572905795,1.593395277585468,1.5933935504941004,1.5933913916337512
1.5935717127563915,1.5935738744809105,1.59357560386362,1.5935769009024585,1.5935777655958767,1.5935781979428438,1.5935781979428438,1.5935777655958767,1.5935769009024585,1.59357560386362,1.5935738744809105,1.5935717127563915
1.5937541414593506,1.5937563060731403,1.5937580377672738,1.593759336539683,1.5937602023888175,1.5937606353136429,1.5937606353136429,1.5937602023888175,1.593759336539683,1.5937580377672738,1.5937563060731403,1.5937541414593506
1.5939386934312716,1.5939408609594685,1.5939425949851338,1.5939438955061962,1.5939447625211007,1.593945196028812,1.593945196028812,1.5939447625211007,1.5939438955061962,1.5939425949851338,1.5939408609594685,1.5939386934312716
1.594125384479963,1.5941275549477385,1.5941292913250733,1.5941305936098913,1.594131461800635,1.594131895896267,1.594131895896267,1.594131461800635,1.5941305936098913,1.5941292913250733,1.5941275549477385,1.594125384479963
1.5943142305321476,1.5943164039647082,1.5943181427138782,1.5943194467775763,1.594320316154242,1.5943207508428348,1.5943207508428348,1.594320316154242,1.5943194467775763,1.5943181427138782,1.5943164039647082,1.5943142305321476
1.5945052476332044,1.5945074240557924,1.5945091651969903,1.5945104710547133,1.5945113416273977,1.5945117769140007,1.5945117769140007,1.5945113416273977,1.5945104710547133,1.5945091651969903,1.5945074240557924,1.5945052476332044
1.5946984519469067,1.594700631384798,1.594702374938246,1.5947036826051608,1.5947045543839744,1.5947049902736428,1.5947049902736428,1.5947045543839744,1.5947036826051608,1.594702374938246,1.594700631384798,1.5946984519469067
1.5948938597551547,1.5948960422336622,1.5948977882196098,1.594899097710903,1.5948999707059712,1.5949004072037671,1.5949004072037671,1.5948999707059712,1.594899097710903,1.5948977882196098,1.5948960422336622,1.5948938597551547
1.5950914874577073,1.5950936730021774,1.595095421440902,1.5950967327717824,1.5950976069932437,1.5950980441042368,1.5950980441042368,1.5950976069932437,1.5950967327717824,1.595095421440902,1.5950936730021774,1.5950914874577073
1.5952913515719032,1.595293540207718,1.5952952911195255,1.5952966043052221,1.5952974797632298,1.5952979174924964,1.5952979174924964,1.5952974797632298,1.5952966043052221,1.5952952911195255,1.595293540207718,1.5952913515719032
1.5954934687323834,1.5954956604849602,1.595497413890184,1.5954987289459468,1.5954996056506674,1.5955000440032912,1.5955000440032912,1.5954996056506674,1.5954987289459468,1.595497413890184,1.5954956604849602,1.5954934687323834
1.5956978556908057,1.5957000505855956,1.595701806504597,1.5957031234456975,1.5957040014073118,1.595704440388383,1.595704440388383,1.5957040014073118,1.5957031234456975,1.595701806504597,1.5957000505855956,1.5956978556908057
1.5959045293155547,1.5959067273780438,1.5959084858312127,1.5959098046729425,1.5959106839016446,1.5959111235162609,1.5959111235162609,1.5959106839016446,1.5959098046729425,1.5959084858312127,1.5959067273780438,1.5959045293155547
1.5961135065914482,1.596115707847158,1.5961174688549105,1.596118789612582,1.5961196701185814,1.5961201103718463,1.5961201103718463,1.5961196701185814,1.596118789612582,1.5961174688549105,1.596115707847158,1.5961135065914482
1.596324804619438,1.5963270090939237,1.5963287726767041,1.5963300953656516,1.5963309771591696,1.596331418056195,1.596331418056195,1.5963309771591696,1.5963300953656516,1.5963287726767041,1.5963270090939237,1.596324804619438
1.5965384406163066,1.5965406483351585,1.596542414513439,1.5965437391490158,1.5965446222402893,1.5965450637861924,1.5965450637861924,1.5965446222402893,1.5965437391490158,1.596542414513439,1.5965406483351585,1.5965384406163066
1.5967544319143576,1.5967566429031999,1.5967584116974805,1.596759738295062,1.5967606226943403,1.5967610648942467,1.5967610648942467,1.5967606226943403,1.596759738295062,1.5967584116974805,1.5967566429031999,1.5967544319143576
1.5969727959611046,1.5969750102455962,1.5969767816764038,1.5969781102513845,1.5969789959689313,1.5969794388279728,1.5969794388279728,1.5969789959689313,1.5969781102513845,1.5969767816764038,1.5969750102455962,1.5969727959611046
1.5971935503189507,1.5971957679247837,1.5971975420126725,1.5971988725804689,1.5971997596265612,1.5972002031498762,1.5972002031498762,1.5971997596265612,1.5971988725804689,1.5971975420126725,1.5971957679247837,1.5971935503189507
1.5974167126648653,1.5974189336177667,1.597420710383318,1.5974220429593657,1.597422931344295,1.5974233755370284,1.5974233755370284,1.597422931344295,1.5974220429593657,1.597420710383318,1.5974189336177667,1.5974167126648653
1.5976423007900564,1.597644525115787,1.5976463045796094,1.5976476391793653,1.5976485289134352,1.59764897378074,1.59764897378074,1.5976485289134352,1.5976476391793653,1.5976463045796094,1.597644525115787,1.5976423007900564
1.597870332599637,1.5978725603239914,1.5978743425067212,1.5978756791456616,1.5978765702391904,1.5978770157862248,1.5978770157862248,1.5978765702391904,1.5978756791456616,1.5978743425067212,1.5978725603239914,1.597870332599637
1.5981008261122882,1.5981030572610941,1.598104842183393,1.5981061808770156,1.5981070733403342,1.598107519572265,1.598107519572265,1.5981070733403342,1.5981061808770156,1.598104842183393,1.5981030572610941,1.5981008261122882
1.5983337994599125,1.5983360340590325,1.5983378217415902,1.5983391625054115,1.5983400563488652,1.598340503270864,1.598340503270864,1.5983400563488652,1.5983391625054115,1.5983378217415902,1.5983360340590325,1.5983337994599125
1.5985692708872894,1.5985715089626173,1.5985732994261501,1.5985746422757077,1.5985755375096544,1.5985759851269004,1.5985759851269004,1.5985755375096544,1.5985746422757077,1.5985732994261501,1.5985715089626173,1.5985692708872894
1.598807258751717,1.5988095003291818,1.5988112935944323,1.598812638545283,1.598813535180094,1.5988139834977728,1.5988139834977728,1.598813535180094,1.598812638545283,1.5988112935944323,1.5988095003291818,1.598807258751717
1.5990477815226571,1.5990500266282202,1.5990518227159578,1.599053169783678,1.5990540678297382,1.5990545168530421,1.5990545168530421,1.5990540678297382,1.599053169783678,1.5990518227159578,1.5990500266282202,1.5990477815226571
1.5992908577813687,1.599293106441024,1.599294905372044,1.5992962545722311,1.5992971540399379,1.599297603774066,1.599297603774066,1.5992971540399379,1.5992962545722311,1.599294905372044,1.599293106441024,1.5992908577813687
1.5995365062205387,1.5995387584603136,1.5995405602554373,1.5995419116037075,1.599542812503472,1.5995432629536297,1.5995432629536297,1.599542812503472,1.5995419116037075,1.5995405602554373,1.5995387584603136,1.5995365062205387
1.599784745643908,1.599787001489862,1.5997888061699375,1.5997901596819268,1.5997910620241726,1.5997915131955722,1.5997915131955722,1.5997910620241726,1.5997901596819268,1.5997888061699375,1.599787001489862,1.599784745643908
1.6000355949658902,1.6000378544441154,1.6000396620300168,1.60004101772138,1.6000419215165453,1.6000423734144043,1.6000423734144043,1.6000419215165453,1.60004101772138,1.6000396620300168,1.6000378544441154,1.6000355949658902
1.600289073211188,1.6002913363478086,1.6002931468604351,1.6002945047468478,1.6002954100053808,1.600295862634925,1.600295862634925,1.6002954100053808,1.6002945047468478,1.6002931468604351,1.6002913363478086,1.600289073211188
1.6005451995143996,1.600547466335572,1.6005492797958492,1.6005506398930045,1.600551546625369,1.6005519999918292,1.6005519999918292,1.600551546625369,1.6005506398930045,1.6005492797958492,1.600547466335572,1.6005451995143996
1.6008039931196245,1.6008062636515374,1.6008080800804156,1.6008094424040273,1.6008103506206983,1.6008108047293128,1.6008108047293128,1.6008103506206983,1.6008094424040273,1.6008080800804156,1.6008062636515374,1.6008039931196245
1.6010654733800618,1.6010677476489348,1.6010695670673905,1.6010709316331906,1.6010718413446563,1.6010722962006687,1.6010722962006687,1.6010718413446563,1.6010709316331906,1.6010695670673905,1.6010677476489348,1.6010654733800618
1.601329659757601,1.6013319377896862,1.60133376021872,1.6013351270424596,1.6013360382592208,1.601336493867882,1.601336493867882,1.6013360382592208,1.6013351270424596,1.60133376021872,1.6013319377896862,1.601329659757601
1.601596571822411,1.601598853643991,1.6016006791046302,1.601602048202079,1.601602960934649,1.601603417301215,1.601603417301215,1.601602960934649,1.601602048202079,1.6016006791046302,1.601598853643991,1.601596571822411
1.6018662292525212,1.6018685148899103,1.601870343403206,1.6018717147901522,1.6018726290490568,1.601873086178791,1.601873086178791,1.6018726290490568,1.6018717147901522,1.601870343403206,1.6018685148899103,1.6018662292525212
1.602138651833398,1.6021409413129406,1.6021427728999689,1.6021441465922206,1.6021450623879971,1.6021455202861685,1.6021455202861685,1.6021450623879971,1.6021441465922206,1.6021427728999689,1.6021409413129406,1.602138651833398
1.6024138594575137,1.6024161528055862,1.602417987487448,1.6024193635008297,1.6024202808440293,1.6024207395159131,1.6024207395159131,1.6024202808440293,1.6024193635008297,1.602417987487448,1.6024161528055862,1.6024138594575137
1.602691872123914,1.6026941693669223,1.602696007164742,1.6026973855150985,1.602698304416284,1.602698763867161,1.602698763867161,1.602698304416284,1.6026973855150985,1.602696007164742,1.6026941693669223,1.602691872123914
1.6029727099377749,1.6029750111021552,1.6029768520370828,1.6029782327402755,1.6029791532100213,1.6029796134451795,1.6029796134451795,1.6029791532100213,1.6029782327402755,1.6029768520370828,1.6029750111021552,1.6029727099377749
1.6032563931099564,1.603258698222176,1.6032605423153847,1.6032619253872935,1.6032628474361865,1.603263308460919,1.603263308460919,1.6032628474361865,1.6032619253872935,1.6032605423153847,1.603258698222176,1.6032563931099564
1.6035429419565523,1.6035452510431072,1.6035470983157942,1.6035484837723182,1.6035494074109566,1.603549869230563,1.603549869230563,1.6035494074109566,1.6035484837723182,1.6035470983157942,1.6035452510431072,1.6035429419565523
1.60383237689843,1.6038346899858467,1.603836540459233,1.603837928316287,1.6038388535552819,1.6038393161750673,1.6038393161750673,1.6038388535552819,1.603837928316287,1.603836540459233,1.6038346899858467,1.60383237689843
1.604124718460768,1.604127035575602,1.6041288892709322,1.6041302795444499,1.6041312063944237,1.6041316698196992,1.6041316698196992,1.6041312063944237,1.6041302795444499,1.6041288892709322,1.604127035575602,1.604124718460768
1.6044199872725862,1.604422308441422,1.604424165379964,1.6044255580858966,1.6044264865574829,1.6044269507935658,1.6044269507935658,1.6044264865574829,1.6044255580858966,1.604424165379964,1.604422308441422,1.6044199872725862
1.6047182040662706,1.6047205293157218,1.6047223895187663,1.6047237846730824,1.604724714776927,1.6047251798291398,1.6047251798291398,1.604724714776927,1.6047237846730824,1.6047223895187663,1.6047205293157218,1.6047182040662706
1.6050193896770912,1.6050217190338008,1.6050235825226622,1.6050249801413465,1.6050259118881067,1.6050263777617781,1.6050263777617781,1.6050259118881067,1.6050249801413465,1.6050235825226622,1.6050217190338008,1.6050193896770912
1.6053235650427182,1.605325898533356,1.6053277653293712,1.6053291654284265,1.6053300988287706,1.6053305655292345,1.6053305655292345,1.6053300988287706,1.6053291654284265,1.6053277653293712,1.605325898533356,1.6053235650427182
1.6056307512027246,1.60563308885399,1.6056349589785175,1.605636361573964,1.6056372966385712,1.6056377641711679,1.6056377641711679,1.6056372966385712,1.605636361573964,1.6056349589785175,1.60563308885399,1.6056307512027246
1.60594096929809,1.6059433111367103,1.6059451846111323,1.6059465897190057,1.6059475264585674,1.6059479948286426,1.6059479948286426,1.6059475264585674,1.6059465897190057,1.6059451846111323,1.6059433111367103,1.60594096929809
1.6062542405706977,1.6062565866234269,1.6062584634691472,1.6062598711055007,1.6062608095307191,1.6062612787436228,1.6062612787436228,1.6062608095307191,1.6062598711055007,1.6062584634691472,1.6062565866234269,1.6062542405706977
1.6065705863628197,1.6065729366564403,1.6065748168948852,1.606576227075788,1.6065771671973756,1.6065776372584653,1.6065776372584653,1.6065771671973756,1.606576227075788,1.6065748168948852,1.6065729366564403,1.6065705863628197
1.6068900281166048,1.6068923826779262,1.6068942663305426,1.6068956790720805,1.6068966209007618,1.6068970918153984,1.6068970918153984,1.6068966209007618,1.6068956790720805,1.6068942663305426,1.6068923826779262,1.6068900281166048
1.6072125873735525,1.6072149462294107,1.607216833317668,1.6072182486359436,1.6072191921824521,1.6072196639560041,1.6072196639560041,1.6072191921824521,1.6072182486359436,1.607216833317668,1.6072149462294107,1.6072125873735525
1.6075382857739866,1.6075406489512452,1.6075425394966336,1.607543957407764,1.607544902682846,1.6075453753206852,1.6075453753206852,1.607544902682846,1.607543957407764,1.6075425394966336,1.6075406489512452,1.6075382857739866
1.607867145056521,1.6078695125820686,1.6078714066060995,1.607872827126219,1.60787377414063,1.607874247648135,1.607874247648135,1.60787377414063,1.607872827126219,1.6078714066060995,1.6078695125820686,1.607867145056521
1.608199187057516,1.6082015589582686,1.6082034564824752,1.6082048796277326,1.6082058283922391,1.6082063027747924,1.6082063027747924,1.6082058283922391,1.6082048796277326,1.6082034564824752,1.6082015589582686,1.608199187057516
1.6085344337105372,1.6085368100134354,1.6085387110593705,1.6085401368459313,1.60854108737131,1.6085415626343003,1.6085415626343003,1.60854108737131,1.6085401368459313,1.6085387110593705,1.6085368100134354,1.6085344337105372
1.6088729070457968,1.608875287777808,1.6088771923670455,1.60887862081109,1.6088795731081273,1.6088800492569484,1.6088800492569484,1.6088795731081273,1.60887862081109,1.6088771923670455,1.608875287777808,1.6088729070457968
1.6092146291896003,1.6092170143777171,1.6092189225318503,1.6092203536495737,1.6092213077290674,1.6092217847691173,1.6092217847691173,1.6092213077290674,1.6092203536495737,1.6092189225318503,1.6092170143777171,1.6092146291896003
1.6095596223637787,1.6095620120350178,1.6095639237756614,1.609565357583274,1.6095663134560307,1.6095667913927132,1.6095667913927132,1.6095663134560307,1.609565357583274,1.6095639237756614,1.6095620120350178,1.6095596223637787
1.6099079088851183,1.6099103030665218,1.609912218415309,1.6099136549290372,1.6099146126058737,1.6099150914445972,1.6099150914445972,1.6099146126058737,1.6099136549290372,1.609912218415309,1.6099103030665218,1.6099079088851183
1.6102595111647844,1.6102619098834188,1.6102638288620033,1.6102652680980862,1.6102662275898294,1.6102667073360075,1.6102667073360075,1.6102662275898294,1.6102652680980862,1.6102638288620033,1.6102619098834188,1.6102595111647844
1.6106144517077372,1.610616854990694,1.6106187776207481,1.6106202195954409,1.6106211809129274,1.6106216615719777,1.6106216615719777,1.6106211809129274,1.6106202195954409,1.6106187776207481,1.610616854990694,1.6106144517077372
1.6109727531121452,1.6109751609865381,1.6109770872897542,1.6109785320193257,1.610979495173401,1.6109799767507473,1.6109799767507473,1.610979495173401,1.6109785320193257,1.6109770872897542,1.6109751609865381,1.6109727531121452
1.6113344380687864,1.6113368505617545,1.611338780559843,1.6113402280605758,1.611341193062096,1.6113416755631655,1.6113416755631655,1.611341193062096,1.6113402280605758,1.611338780559843,1.6113368505617545,1.6113344380687864
1.6116995293604506,1.6117019464991547,1.6117038802138448,1.6117053305020366,1.611706297361866,1.6117067807920917,1.6117067807920917,1.611706297361866,1.6117053305020366,1.6117038802138448,1.6117019464991547,1.6116995293604506
1.6120680498613278,1.612070471672953,1.612072409125993,1.6120738622179545,1.6120748309469677,1.6120753153117857,1.6120753153117857,1.6120748309469677,1.6120738622179545,1.612072409125993,1.612070471672953,1.6120680498613278
1.6124400225363993,1.6124424490481526,1.6124443902613081,1.612445846173364,1.6124468167824437,1.6124473020872963,1.6124473020872963,1.6124468167824437,1.612445846173364,1.6124443902613081,1.6124424490481526,1.6124400225363993
1.6128154704408135,1.612817901679925,1.61281984667498,1.6128213054234686,1.6128222779235069,1.6128227641738397,1.6128227641738397,1.6128222779235069,1.6128213054234686,1.61281984667498,1.612817901679925,1.6128154704408135
1.6131944167192631,1.6131968527129845,1.613198801511741,1.6132002631130133,1.6132012375149112,1.6132017247161752,1.6132017247161752,1.6132012375149112,1.6132002631130133,1.613198801511741,1.6131968527129845,1.6131944167192631
1.613576884605351,1.613579325380957,1.6135812780052339,1.6135827424756544,1.6135837187903217,1.6135842069479716,1.6135842069479716,1.6135837187903217,1.6135827424756544,1.6135812780052339,1.613579325380957,1.613576884605351
1.6139628974209541,1.6139653430057388,1.613967299477373,1.6139687668333196,1.6139697450716746,1.613970234191169,1.613970234191169,1.6139697450716746,1.6139687668333196,1.613967299477373,1.6139653430057388,1.6139628974209541
1.6143524785755754,1.6143549289968566,1.6143568893377018,1.6143583595955637,1.6143593397685332,1.6143598298553363,1.6143598298553363,1.6143593397685332,1.6143583595955637,1.6143568893377018,1.6143549289968566,1.6143524785755754
1.614745651565698,1.614748106850813,1.6147500710827387,1.6147515442589198,1.6147525263774392,1.614753017437018,1.614753017437018,1.6147525263774392,1.6147515442589198,1.6147500710827387,1.614748106850813,1.614745651565698
1.615142439974124,1.6151449001504314,1.6151468682953252,1.61514834440624,1.6151493284812526,1.6151498205190793,1.6151498205190793,1.6151493284812526,1.61514834440624,1.6151468682953252,1.6151449001504314,1.615142439974124
1.615542867469315,1.615545332564193,1.6155473046439577,1.6155487837060343,1.6155497697484913,1.6155502627700418,1.6155502627700418,1.6155497697484913,1.6155487837060343,1.6155473046439577,1.615545332564193,1.615542867469315
1.6159469578047199,1.615949427845568,1.6159514038821226,1.6159528859118,1.6159538739326615,1.6159543679434154,1.6159543679434154,1.6159538739326615,1.6159528859118,1.6159514038821226,1.615949427845568,1.6159469578047199
1.6163547348181024,1.6163572098323387,1.6163591898476184,1.616360674861348,1.616361664871582,1.616362159877023,1.616362159877023,1.616361664871582,1.616360674861348,1.6163591898476184,1.6163572098323387,1.6163547348181024
1.616766222430857,1.6167687024459196,1.6167706864618754,1.6167721744761203,1.6167731664867016,1.6167736624923181,1.6167736624923181,1.6167731664867016,1.6167721744761203,1.6167706864618754,1.6167687024459196,1.616766222430857
1.617181444647324,1.6171839296906705,1.6171859177292678,1.6171874087605027,1.617188402782415,1.6171888997936976,1.6171888997936976,1.617188402782415,1.6171874087605027,1.6171859177292678,1.6171839296906705,1.617181444647324
1.6176004255540941,1.6176029156532004,1.6176049077364203,1.617606401801131,1.6176073978453647,1.6176078958678093,1.6176078958678093,1.6176073978453647,1.617606401801131,1.6176049077364203,1.6176029156532004,1.6176004255540941
1.6180231893193084,1.618025684501669,1.618027680651508,1.6180291777661915,1.618030175843744,1.61803067488285,1.61803067488285,1.618030175843744,1.6180291777661915,1.6180276806515081,1.618025684501669,1.6180231893193084
1.618449760191953,1.6184522604850813,1.6184542607235493,1.6184557609047134,1.6184567610265912,1.6184572610878603,1.6184572610878605,1.6184567610265912,1.6184557609047134,1.6184542607235493,1.6184522604850813,1.6184497601919532
1.6188801625011469,1.6188826679325734,1.6188846722816956,1.6188861755458595,1.6188871777230744,1.6188876788120137,1.618887678812014,1.6188871777230744,1.6188861755458597,1.6188846722816959,1.6188826679325734,1.6188801625011469
1.6193144206554226,1.6193169312526967,1.6193189397345122,1.6193204460982051,1.6193214503417768,1.619321952463896,1.6193219524638958,1.6193214503417772,1.6193204460982051,1.6193189397345122,1.6193169312526967,1.6193144206554226
1.6197525591420041,1.6197550749326912,1.619757087569253,1.6197585970490145,1.6197596033699702,1.619760106530782,1.6197601065307823,1.6197596033699702,1.6197585970490147,1.619757087569253,1.6197550749326912,1.6197525591420041
1.6201946025260732,1.6201971235377566,1.6201991403511313,1.6202006529635118,1.6202016613728842,1.6202021655779062,1.6202021655779062,1.6202016613728842,1.6202006529635118,1.6201991403511313,1.6201971235377568,1.6201946025260732
1.6206405754500348,1.6206431017103147,1.6206451227225822,1.6206466384841418,1.6206476489929713,1.620648154247723,1.620648154247723,1.6206476489929713,1.6206466384841418,1.6206451227225824,1.620643101710315,1.620640575450035
1.6210905026327747,1.6210930341692666,1.6210950594025204,1.621096578329829,1.6210975909491627,1.6210980972591675,1.6210980972591678,1.6210975909491627,1.6210965783298292,1.6210950594025206,1.6210930341692673,1.6210905026327749
1.6215444088689084,1.6215469457092457,1.6215489751855918,1.6215504972952293,1.6215515120361197,1.6215520194069049,1.6215520194069049,1.6215515120361201,1.6215504972952295,1.6215489751855925,1.6215469457092464,1.621544408868909
1.6220023190280293,1.62200486119986,1.6220068949414175,1.6220084202499727,1.6220094371234803,1.6220099455605748,1.622009945560575,1.6220094371234803,1.6220084202499736,1.6220068949414181,1.622004861199861,1.62200231902803
1.6224642580539452,1.6224668055849336,1.6224688436138335,1.6224703721379057,1.6224713911550952,1.6224719006640327,1.6224719006640327,1.622471391155096,1.6224703721379066,1.6224688436138344,1.6224668055849345,1.6224642580539461
1.6229302509639127,1.622932803881738,1.6229348462201245,1.6229363779763213,1.6229373991482654,1.6229379097345813,1.6229379097345815,1.6229373991482658,1.6229363779763224,1.6229348462201258,1.6229328038817397,1.622930250963914
1.623400322847865,1.6234028811802215,1.6234049278502498,1.6234064628551876,1.6234074861929642,1.623407997862198,1.6234079978621985,1.6234074861929655,1.6234064628551894,1.6234049278502514,1.6234028811802235,1.623400322847867
1.6238744988676304,1.6238770626422274,1.6238791136660646,1.62388065193637,1.623881677451063,1.623882190208756,1.6238821902087566,1.6238816774510643,1.6238806519363722,1.6238791136660677,1.6238770626422303,1.623874498867633
1.6243528042561501,1.6243553735007106,1.6243574289005371,1.6243589704528436,1.6243599981555423,1.6243605120072402,1.6243605120072406,1.624359998155544,1.624358970452847,1.6243574289005407,1.6243553735007148,1.6243528042561544
1.6248352643166863,1.6248378390589482,1.624839898856953,1.6248414437079042,1.624842473609704,1.624842988560954,1.6248429885609552,1.624842473609707,1.6248414437079088,1.6248398988569586,1.6248378390589542,1.6248352643166917
1.6253219044220248,1.6253244846897394,1.6253265489081246,1.6253280970743713,1.6253291291863732,1.6253296452427262,1.6253296452427275,1.6253291291863774,1.6253280970743778,1.6253265489081323,1.6253244846897477,1.6253219044220324
1.6258127500136732,1.6258153358346061,1.6258174044955833,1.6258189559937852,1.6258199903270953,1.6258205074941046,1.6258205074941063,1.6258199903271011,1.625818955993794,1.625817404495594,1.6258153358346172,1.625812750013684
1.626307826601052,1.6263104180029808,1.6263124911287736,1.6263140459755978,1.6263150825413284,1.6263156008245494,1.6263156008245523,1.6263150825413362,1.6263140459756098,1.6263124911287885,1.6263104180029968,1.6263078266010667
1.6268071597606797,1.626809756771396,1.6268118343842375,1.6268133925963593,1.6268144314056272,1.626814950810619,1.6268149508106229,1.6268144314056388,1.6268133925963764,1.6268118343842586,1.6268097567714186,1.6268071597607006
1.6273107751353524,1.6273133777826612,1.627315459904795,1.627317021498897,1.6273180625628247,1.6273185830951487,1.6273185830951542,1.62731806256284,1.6273170214989214,1.6273154599048247,1.627313377782693,1.6273107751353824
1.6278186984333203,1.6278213067450369,1.6278233933987165,1.6278249583914897,1.6278260017212045,1.6278265233864244,1.6278265233864322,1.627826001721227,1.627824958391524,1.6278233933987587,1.6278213067450815,1.6278186984333622
1.6283309554274503,1.6283335694314038,1.628335660638893,1.6283372290470353,1.6283382746536692,1.6283387974573524,1.6283387974573633,1.6283382746537005,1.628337229047084,1.628335660638952,1.6283335694314671,1.6283309554275096
1.6288475719543936,1.6288501916784246,1.6288522874619962,1.6288538593022128,1.6288549071969038,1.6288554311446193,1.6288554311446348,1.6288549071969483,1.6288538593022812,1.6288522874620799,1.6288501916785139,1.6288475719544775
1.6293685739137391,1.6293711993856999,1.6293732997676356,1.62937487505664,1.62937592525053,1.6293764503478507,1.6293764503478725,1.629375925250593,1.6293748750567365,1.6293732997677544,1.6293711993858258,1.6293685739138575
1.629893987267165,1.6298966185149186,1.629898723517511,1.6299003022720222,1.6299013547762597,1.6299018810287609,1.6299018810287915,1.6299013547763486,1.6299003022721585,1.6298987235176785,1.6298966185150965,1.6298939872673321
1.6304238380375842,1.630426475089005,1.6304285847345548,1.6304301669713,1.6304312217970374,1.6304317492102975,1.630431749210341,1.6304312217971633,1.6304301669714925,1.630428584734791,1.630426475089256,1.6304238380378202
1.6309581523082817,1.6309607951912546,1.6309629095020715,1.630964495237785,1.6309655523961821,1.6309660809757829,1.6309660809758446,1.6309655523963595,1.6309644952380573,1.6309629095024052,1.6309607951916096,1.6309581523086154
1.6314969562220505,1.6314996049644708,1.6315017239628735,1.6315033132142973,1.6315043727165177,1.6315049024680464,1.6315049024681334,1.6315043727167684,1.631503313214682,1.6315017239633451,1.6314996049649728,1.631496956222522
1.6320402759803179,1.6320429306100905,1.6320450543184062,1.6320466471022903,1.632047708959505,1.6320482398885527,1.6320482398886758,1.6320477089598595,1.6320466471028336,1.6320450543190725,1.6320429306107995,1.6320402759809842
1.6325881378422669,1.632590798387306,1.6325929268278716,1.6325945231609733,1.6325955873843612,1.632596119496525,1.6325961194966991,1.6325955873848619,1.6325945231617407,1.632592926828813,1.632590798388308,1.6325881378432083
1.6331405681239526,1.6331432346121817,1.6331453678073422,1.633146967706429,1.6331480343071765,1.6331485676080624,1.633148567608308,1.6331480343078844,1.6331469677075132,1.6331453678086727,1.6331432346135972,1.6331405681252829
1.6336975931974125,1.633700265656763,1.6337024036288732,1.6337040071107216,1.6337050761000271,1.6337056105952497,1.633705610595597,1.633705076101027,1.6337040071122537,1.6337024036307526,1.6337002656587631,1.6336975931992919
1.6342592394897697,1.63426191794818,1.6342640607196042,1.6342656678010032,1.6342667391900767,1.6342672748852651,1.6342672748857558,1.6342667391914896,1.634265667803168,1.6342640607222596,1.634261917951006,1.6342592394924251
1.634825533482329,1.634828217967744,1.634830365560857,1.6348319762586094,1.634833050058679,1.63483358695948,1.634833586960173,1.6348330500606751,1.6348319762616677,1.6348303655646084,1.6348282179717368,1.6348255334860804
1.635396501709668,1.6353991922500377,1.6354013446872246,1.6354029590181516,1.6354040352404668,1.6354045733525517,1.6354045733535314,1.6354040352432873,1.6354029590224726,1.6354013446925253,1.6353991922556788,1.6353965017149685
1.6359721707587196,1.6359748673819958,1.635977024685656,1.6359786426666003,1.6359797213224412,1.6359802606515161,1.6359802606529,1.635979721326426,1.6359786426727054,1.6359770246931453,1.6359748673899657,1.6359721707662085
1.636552567267844,1.6365552700019796,1.6365574321945275,1.6365590538423613,1.6365601349430485,1.6365606754948665,1.6365606754968218,1.6365601349486787,1.6365590538509867,1.6365574322051082,1.6365552700132393,1.6365525672784247
1.6371377179258955,1.6371404267988385,1.6371425939027069,1.6371442192343424,1.6371453027912533,1.6371458445716338,1.6371458445743965,1.6371453027992071,1.6371442192465289,1.6371425939176556,1.6371404268147467,1.6371377179408437
1.637727649471271,1.6377303645109618,1.637732536548607,1.6377341655810098,1.6377352516055983,1.6377357946204545,1.6377357946243571,1.637735251616836,1.6377341655982265,1.6377325365697266,1.637730364533437,1.6377276494923905
1.638322388690951,1.6383251099253133,1.6383272869192216,1.6383289196694304,1.63833000817326,1.6383305524286351,1.6383305524341492,1.6383300081891363,1.6383289196937547,1.6383272869490595,1.6383251099570662,1.6383223887207887
1.6389219624195164,1.6389246898764482,1.638926871849146,1.638928508334302,1.638929599329087,1.6389301448312097,1.6389301448389992,1.638929599351518,1.6389285083686673,1.6389268718913015,1.6389246899213088,1.6389219624616715
1.6395263975381467,1.6395291312455051,1.6395313182195728,1.639532958456958,1.639534051954628,1.6395345987099845,1.6395345987209904,1.6395340519863182,1.6395329585055105,1.6395313182791305,1.6395291313088851,1.6395263975977041
1.6401357209735827,1.6401384609591654,1.6401406529572555,1.6401422969643518,1.640143392977134,1.6401439409925782,1.6401439410081275,1.6401433930219067,1.6401422970329471,1.6401406530413998,1.6401384610487098,1.640135721057726
1.64074995969705,1.6407527059885667,1.6407549030334334,1.6407565508279995,1.640757649368546,1.6407581986514472,1.6407581986734154,1.640757649431801,1.640756550924912,1.640754903152314,1.6407527061150762,1.6407499598159294
1.6413691407231248,1.6413718933481571,1.641374095462695,1.6413757470628811,1.6413768481444384,1.6413773987028957,1.6413773987339328,1.6413768482338065,1.6413757471998007,1.6413740956306513,1.6413718935268922,1.6413691408910795
1.6419932911085204,1.6419960500944673,1.6419982573017653,1.6419999127262732,1.6420010163629297,1.6420015682060702,1.6420015682499205,1.64200101648919,1.6419999129197158,1.6419982575390573,1.6419960503469868,1.6419932913458097
1.6426224379507652,1.6426252033247635,1.6426274156481848,1.642629074916493,1.6426301811235215,1.6426307342619282,1.64263073432388,1.642630181301905,1.6426290751897914,1.6426274159834344,1.642625203681527,1.6426224382860115
1.6432566083867275,1.6432593801755413,1.643261597638833,1.6432632607715147,1.6432643695658662,1.6432649240121726,1.6432649240996993,1.6432643698178893,1.6432632611576359,1.6432615981124794,1.643259380679583,1.643256608860369
1.6438958295909292,1.6438986078207931,1.6439008304482434,1.6439024974674186,1.643903608868408,1.643904164638149,1.643904164761808,1.6439036092244697,1.6439024980129369,1.6439008311174184,1.6438986085329113,1.6438958302600974
1.6445401287735584,1.6445429134699565,1.644545141286615,1.6445468122165867,1.6445479262468696,1.6445484833596768,1.6445484835343844,1.6445479267499201,1.6445468129873029,1.6445451422320363,1.6445429144760486,1.64454012971897
1.6451895331780642,1.645192324365417,1.6451945573974072,1.6451962322655604,1.645197348952513,1.6451979074338052,1.645197907680635,1.6451973496632302,1.645196233354441,1.6451945587331132,1.6451923257868402,1.6451895345137573
1.6458440700781578,1.6458468677793805,1.6458491060543412,1.6458507848924147,1.6458519042700788,1.6458524641534513,1.645852464502176,1.6458519052741916,1.6458507864308025,1.6458491079414483,1.6458468697875903,1.645844071965246
1.64650376677398,1.6465065710098596,1.6465088145575684,1.6465104974034488,1.6465116195152842,1.6465121808458825,1.6465121813385668,1.6465116209339112,1.646510499576908,1.6465088172237041,1.6465065738470912,1.6465037694400892
1.647168650587093,1.6471714613754065,1.6471737102286603,1.6471753971289202,1.6471765220316912,1.6471770848709795,1.6471770855670518,1.6471765240359504,1.6471754001996186,1.6471737139954206,1.6471714653838934,1.6471686543538155
1.6478387488538118,1.6478415662080808,1.647843820403941,1.6478455114174224,1.6478466391866884,1.6478472036191858,1.6478472046026085,1.647846642018338,1.6478455157557554,1.6478438257256804,1.647841571871336,1.6478387541754989
1.64851408891619,1.648516912843922,1.6485191724254724,1.6485208676283511,1.6485219983662247,1.648522564509022,1.6485225658984168,1.648522002366826,1.6485208737576178,1.6485191799441128,1.6485169208450605,1.6485140964347549
1.649194698109697,1.6491975286099012,1.6491997936287328,1.6492014931216716,1.649202626967781,1.6492031949839852,1.6492031969469452,1.649202632619895,1.6492015017811998,1.6491998042511897,1.6491975399140404,1.6491947087320487
1.6498806037462246,1.6498834408059002,1.6498857113256205,1.6498874152438765,1.6498885523908493,1.6498891225085812,1.649889125281883,1.6498885603762483,1.6498874274781987,1.649885726333201,1.649883456776572,1.6498806187536554
1.6505718330904846,1.6505746766796616,1.6505769527808543,1.6505786613085596,1.6505798020239015,1.650580374563133,1.650580378481299,1.6505798133058032,1.6505786785934093,1.6505769739838083,1.6505746992432868,1.650571854293228
1.6512684133270896,1.6512712633918207,1.6512735451790517,1.651275258569386,1.651276403226391,1.6512769786368613,1.6512769841725103,1.651276419165645,1.6512752829897033,1.6512735751349303,1.6512712952700777,1.6512684432826703
1.6519703715144531,1.6519732279669148,1.6519755155786298,1.6519772341823253,1.6519783833037438,1.6519789622185306,1.6519789700393854,1.651978405822982,1.6519772686837468,1.651975557900783,1.6519732730050354,1.6519704138361855
1.6526777345200883,1.6526805972245937,1.6526828908471027,1.65268461515271,1.6526857694724466,1.6526863527836466,1.652686363833078,1.6526858012879924,1.65268466389688,1.6526829506405298,1.6526806608551832,1.65267779431292
1.6533905289296105,1.6533933976828505,1.6533956975700845,1.6533974282608637,1.6533985888111398,1.6533991777767971,1.6533991933876129,1.653398633760661,1.653397497127421,1.653395782047211,1.653393487581183,1.6533906134058964
1.6541087809186084,1.654111655421735,1.654113961923156,1.654115699957451,1.654116868191947,1.654117464587115,1.6541174866423303,1.6541169316973616,1.6541157972532434,1.654114081273815,1.6541117824315617,1.6541089002680787
1.65483251607204,1.6548353958912292,1.6548377094912639,1.6548394562160471,1.654840634183878,1.6548412405140438,1.6548412716740102,1.6548407239053613,1.6548395936771252,1.6548378781118165,1.6548355753327786,1.654832684690913
1.655561759129514,1.655564643640251,1.6555669650139946,1.6555687223252806,1.655569912916777,1.6555705327193788,1.655570576742686,1.6555700396767472,1.6555689165325282,1.655567203243855,1.6555648971581916,1.6555619973570002
1.6562965336258524,1.6562994219342242,1.6563017520261367,1.656303522595596,1.6563047298895255,1.656305368159932,1.6563054303567757,1.6563049089780717,1.6563037969747534,1.65630208860116,1.656299780108496,1.6562968701975203
1.6570368613837285,1.6570397522152405,1.6570420923503122,1.657043879945398,1.657045109699487,1.6570457734927961,1.6570458613655061,1.657045362718693,1.657044267592732,1.6570425678689815,1.6570402582496815,1.6570373368976559
1.6577827617973317,1.657785653339852,1.657788005380635,1.6577898153167918,1.6577910756606582,1.6577917749418773,1.6577918990898648,1.6577914331302948,1.6577903629912432,1.6577886772011508,1.6577863682735516,1.657783433611146
1.6585342508208398,1.658537140502765,1.6585395070711724,1.6585413468505878,1.6585426492645685,1.6585433981096545,1.6585435735079335,1.6585431543034508,1.658542120613943,1.6585404562301393,1.6585381505727543,1.6585351999703357
1.6592913395399231,1.6592942237168713,1.6592966085074352,1.6592984887212059,1.6592998494189484,1.6593006677114503,1.659300915516947,1.6593005629460067,1.6592995819066125,1.659297949494702,1.6592956507602639,1.6592926805138055
1.660054032154316,1.66005690566669,1.6600593138889301,1.6600612494911307,1.660062691372337,1.6600636072000254,1.6600639573035454,1.6600636994547355,1.6600627939611332,1.6600612084576603,1.6600589218170276,1.6600559267041308
1.6608223231286527,1.660825178676952,1.6608276176799648,1.6608296297866614,1.6608311851947675,1.660832238234831,1.6608327328664731,1.6608326094293657,1.6608318118386898,1.6608302943577724,1.6608280271275309,1.6608249997797286
1.661596193168837,1.661599020431849,1.661601500585979,1.6616036190149437,1.6616053336309198,1.6616065799310187,1.6616072787538518,1.661607345811129,1.6616067018527316,1.6616052822406944,1.661603044770717,1.6615999747857733
1.662375603540302,1.6623783879307235,1.6623809238717473,1.6623831907268534,1.6623851290659613,1.6623866477958258,1.6623876351020086,1.662387971902719,1.6623875462081195,1.6623862666570814,1.6623840735862458,1.6623809462722448
1.6631604880459772,1.6631632089550754,1.6631658213392653,1.6631682960674277,1.6631705492364985,1.663172452220402,1.6631738470971902,1.6631745656316061,1.6631744495567198,1.6631733697186704,1.6631712417524893,1.6631680363499268
1.663950741702253,1.6639533700249989,1.663956088003599,1.6639588545258293,1.663961551166243,1.663963996338082,1.6639659670284503,1.6639672255660616,1.6639675482612701,1.6639667524909507,1.6639647189202298,1.6639614060829662
1.664746204758198,1.6647486994060499,1.6647515641119461,1.6647547408732128,1.6647580625894598,1.664761272977064,1.6647640571632019,1.66476607939921,1.6647670234866143,1.6647666311102767,1.6647647333842839,1.6647612716058204
1.6655466401513461,1.6655489431419022,1.6655520125991912,1.6655557667216399,1.6655599698185042,1.6655642603138499,1.6655681937598206,1.6655712959024918,1.6655731196996608,1.6655732995968675,1.665571596402345,1.6655679269360297
1.6663517017194955,1.6663537312666306,1.6663570872993905,1.6663616544986741,1.6663671005781004,1.666372915654154,1.6663784726356337,1.666383101742942,1.666386170811657,1.66638716217102,1.6663857366730843,1.6663817762901056
1.6671608894044767,1.6671625301977162,1.6671662881490867,1.6671720007409525,1.6671791997193113,1.6671871665007982,1.6671950168281064,1.667201805088695,1.6672066371139376,1.6672087790847727,1.6672077492978044,1.6672033799147294
1.667973486167742,1.6679745756884397,1.6679788981022665,1.667986224376377,1.6679958948795512,1.6680068976691782,1.6680179869982497,1.6680278286169035,1.668035157441722,1.6680389317351831,1.6680384654863594,1.6680335191993738
1.66878846921284,1.6687887784135347,1.668793894351944,1.668803493984059,1.6688166480108109,1.6688319326177485,1.6688475952597286,1.6688617553728968,1.668872622772609,1.66887871541643,1.6688790521936627,1.6688732894274647
1.669604385111958,1.6696035909148224,1.6696098234554393,1.669622625801698,1.669640687241857,1.6696620062970493,1.669684122902332,1.669704391771542,1.6697202798459285,1.6697296719804438,1.6697311554570917,1.669724232435657
1.6704191741335397,1.6704168195455473,1.6704246256602249,1.6704419415071072,1.670466911942012,1.6704967256295278,1.6705279416064456,1.6705568524010523,1.6705798763802253,1.6705939807712966,1.6705971087904659,1.6705885275462653
1.671229922696072,1.671225356647578,1.671235387355179,1.6712590719465292,1.6712937628522297,1.6713355123013118,1.6713795352939749,1.6714206698053848,1.6714538625864357,1.6714747360917315,1.6714802415568917,1.6714692690308894
1.6720325129440345,1.6720247924093514,1.6720379906428822,1.6720706916829648,1.6721190510247899,1.672177521467198,1.672239513743513,1.672297925446518,1.6723456647553032,1.6723763562503713,1.6723853491376863,1.6723708751532218
1.6728211221830767,1.6728088309700402,1.672826612769326,1.6728721749477131,1.6729397501967744,1.6730215312235153,1.6731085955329192,1.6731913765693207,1.6732600380858755,1.673305198529937,1.673319447147791,1.6732997031302652
1.6735874989768023,1.6735683441101552,1.6735930022119727,1.6736571930931243,1.673751791918737,1.6738658064779814,1.6739875098566628,1.6741044969283887,1.674203462580932,1.6742705029723604,1.6742930882031675,1.6742649929053888
1.674319916937668,1.6742896177196382,1.6743254324548722,1.674417377233131,1.6745499923722105,1.6747079680095305,1.6748767162554494,1.6750412151180099,1.6751843892904223,1.6752858398933246,1.6753229872239814,1.6752803146394477
1.6750018046592812,1.6749503764037843,1.6750073318866348,1.6751424907581476,1.6753284328103826,1.6755449582900315,1.6757757743261337,1.676004861190755,1.6762126435466684,1.6763710846165811,1.676438310888522,1.6763655433910223
1.6756111144984955,1.6755083755861837,1.6756166524886618,1.6758224464165428,1.676081916168919,1.6763732855607079,1.6766821903881302,1.6769954418511217,1.6772958703055965,1.6775531762182634,1.677699260765265,1.6775476177078747
1.6752779796061223,1.675861007779959,1.6761341055021757,1.6764543768379665,1.6768091519190043,1.6771897310404442,1.6775899151629634,1.6780045025891446,1.6784278783192677,1.6788521493006234,1.6792635991522062,1.6769901885020757
