5.444110007594887,5.444113275488333,5.444136065607272,5.444153158230646,5.444164553329167,5.4441702508833085,5.4441702508833085,5.444164553329167,5.444153158230646,5.444136065607272,5.444113275488333,5.444110007594887
5.44410673970144,5.44413522746287,5.444158017730593,5.444175110465553,5.444186505638466,5.444192203229804,5.444192203229804,5.444186505638466,5.444175110465553,5.444158017730593,5.44413522746287,5.44410673970144
5.444136065507545,5.444164553522324,5.4441873439927235,5.444204436879694,5.444215832153946,5.444221529795954,5.444221529795954,5.444215832153946,5.444204436879694,5.4441873439927235,5.444164553522324,5.444136065507545
5.444172765416052,5.444201253751548,5.444224044478525,5.444241137557928,5.444252532960469,5.4442582306666205,5.4442582306666205,5.444252532960469,5.444241137557928,5.444224044478525,5.444201253751548,5.444172765416052
5.4442168395602755,5.444245328283861,5.444268119321311,5.44428521263357,5.444296608191349,5.44430230597512,5.44430230597512,5.444296608191349,5.44428521263357,5.444268119321311,5.444245328283861,5.4442168395602755
5.44426828812198,5.444296777301029,5.44431956870285,5.44433666228839,5.444348058028357,5.444353755903222,5.444353755903222,5.444348058028357,5.44433666228839,5.44431956870285,5.444296777301029,5.44426828812198
5.444327111331379,5.444355601033267,5.444378392853364,5.44439548675261,5.444406882701713,5.444412580681148,5.444412580681148,5.444406882701713,5.44439548675261,5.444378392853364,5.444355601033267,5.444327111331379
5.444393309467139,5.444421799759245,5.444444592051518,5.444461686304898,5.4444730824900915,5.44447878058757,5.44447878058757,5.4444730824900915,5.444461686304898,5.444444592051518,5.444421799759245,5.444393309467139
5.444466882856365,5.444495373806071,5.444518166624425,5.444535261272367,5.444546657720604,5.444552355949606,5.444552355949606,5.444546657720604,5.444535261272367,5.444518166624425,5.444495373806071,5.444466882856365
5.444547831874604,5.444576323549294,5.4445991169476375,5.444616212030574,5.444627608768807,5.444633307142806,5.444633307142806,5.444627608768807,5.444616212030574,5.4445991169476375,5.444576323549294,5.444547831874604
5.444636156945832,5.4446646494128945,5.44468744344514,5.444704539003503,5.444715936058689,5.444721634591164,5.444721634591164,5.444715936058689,5.444704539003503,5.44468744344514,5.4446646494128945,5.444636156945832
5.444731858542456,5.444760351869283,5.444783146589342,5.444800242663569,5.444811640062664,5.444817338767096,5.444817338767096,5.444811640062664,5.444800242663569,5.444783146589342,5.444760351869283,5.444731858542456
5.444834937185295,5.444863431439282,5.444886226901074,5.444903323531604,5.444914721301568,5.444920420191433,5.444920420191433,5.444914721301568,5.444903323531604,5.444886226901074,5.444863431439282,5.444834937185295
5.4449453934435805,5.4449738886921315,5.444996684949579,5.445013782176849,5.445025180344645,5.445030879433425,5.445030879433425,5.445025180344645,5.445013782176849,5.444996684949579,5.4449738886921315,5.4449453934435805
5.445063227934944,5.445091724245463,5.445114521352489,5.445131619216949,5.445143017809535,5.445148717110712,5.445148717110712,5.445143017809535,5.445131619216949,5.445114521352489,5.445091724245463,5.445063227934944
5.445188441325398,5.4452169387653,5.445239736775836,5.445256835317929,5.445268234362274,5.445273933889331,5.445273933889331,5.445268234362274,5.445256835317929,5.445239736775836,5.4452169387653,5.445188441325398
5.445321034329339,5.445349532966042,5.445372331934023,5.445389431194201,5.445400830717272,5.445406530483691,5.445406530483691,5.445400830717272,5.445389431194201,5.445372331934023,5.445349532966042,5.445321034329339
5.445461007709526,5.445489507610452,5.4455123075898175,5.445529407608538,5.4455408076373,5.44554650765657,5.44554650765657,5.4455408076373,5.445529407608538,5.4455123075898175,5.445489507610452,5.445461007709526
5.445608362277061,5.445636863509643,5.445659664554337,5.445676765372056,5.445688165933491,5.4456938662190915,5.4456938662190915,5.445688165933491,5.445676765372056,5.445659664554337,5.445636863509643,5.445608362277061
5.445763098891389,5.445791601523064,5.445814403687036,5.445831505344221,5.445842906465296,5.445848607030721,5.445848607030721,5.445842906465296,5.445831505344221,5.445814403687036,5.445791601523064,5.445763098891389
5.4459252184602684,5.445953722558482,5.445976525895691,5.445993628432804,5.446005030140503,5.446010730999238,5.446010730999238,5.446005030140503,5.445993628432804,5.445976525895691,5.445953722558482,5.4459252184602684
5.446094721939763,5.446123227571967,5.446146032136375,5.446163135593891,5.446174537915193,5.446180239080731,5.446180239080731,5.446174537915193,5.446163135593891,5.446146032136375,5.446123227571967,5.446094721939763
5.44627161033422,5.446300117567877,5.446322923413453,5.446340027831849,5.446351430793739,5.446357132279571,5.446357132279571,5.446351430793739,5.446340027831849,5.446322923413453,5.446300117567877,5.44627161033422
5.446455884696254,5.446484393598833,5.4465072007795525,5.446524306199311,5.446535709828776,5.446541411648398,5.446541411648398,5.446535709828776,5.446524306199311,5.4465072007795525,5.446484393598833,5.446455884696254
5.446647546126728,5.446676056765707,5.446698865335553,5.446715971797159,5.446727376121194,5.4467330782881,5.4467330782881,5.446727376121194,5.446715971797159,5.446698865335553,5.446676056765707,5.446647546126728
5.446846595774725,5.446875108217592,5.446897918230556,5.446915025774503,5.446926430820101,5.446932133347789,5.446932133347789,5.446926430820101,5.446915025774503,5.446897918230556,5.446875108217592,5.446846595774725
5.447053034837539,5.44708154915179,5.44710436066187,5.447121469328659,5.447132875122818,5.447138578024788,5.447138578024788,5.447132875122818,5.447121469328659,5.44710436066187,5.44708154915179,5.447053034837539
5.447266864560643,5.4472953808137845,5.447318193874986,5.44733530370512,5.4473467102748465,5.447352413564597,5.447352413564597,5.4473467102748465,5.44733530370512,5.447318193874986,5.4472953808137845,5.447266864560643
5.447488086237669,5.4475166044972205,5.447539419163556,5.447556530197547,5.447567937569844,5.447573641260883,5.447573641260883,5.447567937569844,5.447556530197547,5.447539419163556,5.4475166044972205,5.447488086237669
5.447716701210383,5.447745221543874,5.447768037869368,5.44778515014773,5.447796558349612,5.447802262455444,5.447802262455444,5.447796558349612,5.44778515014773,5.447768037869368,5.447745221543874,5.447716701210383
5.447952710868664,5.44798123334363,5.448004051382313,5.4480211649455725,5.4480325740040545,5.448038278538188,5.448038278538188,5.4480325740040545,5.4480211649455725,5.448004051382313,5.44798123334363,5.447952710868664
5.448196116650467,5.448224641334461,5.448247461140373,5.44826457602906,5.448275985971163,5.448281690947107,5.448281690947107,5.448275985971163,5.44826457602906,5.448247461140373,5.448224641334461,5.448196116650467
5.448446920041806,5.448475447002389,5.448498268629582,5.448515384884234,5.448526795736982,5.448532501168251,5.448532501168251,5.448526795736982,5.448515384884234,5.448498268629582,5.448475447002389,5.448446920041806
5.448705122576723,5.448733651881469,5.448756475384002,5.448773593045164,5.448785004835589,5.448790710735696,5.448790710735696,5.448785004835589,5.448773593045164,5.448756475384002,5.448733651881469,5.448705122576723
5.448970725837254,5.448999257553751,5.449022082985694,5.449039202093919,5.449050614849054,5.449056321231518,5.449056321231518,5.449050614849054,5.449039202093919,5.449022082985694,5.448999257553751,5.448970725837254
5.449243731453409,5.449272265649256,5.44929509306469,5.449312213660537,5.4493236274074235,5.449329334285764,5.449329334285764,5.4493236274074235,5.449312213660537,5.44929509306469,5.449272265649256,5.449243731453409
5.4495241411031285,5.44955267784594,5.4495755072989525,5.449592629422993,5.449604044188675,5.449609751576416,5.449609751576416,5.449604044188675,5.449592629422993,5.4495755072989525,5.44955267784594,5.4495241411031285
5.44981195651226,5.449840495869662,5.449863327414358,5.449880451107164,5.449891866918697,5.449897574829361,5.449897574829361,5.449891866918697,5.449880451107164,5.449863327414358,5.449840495869662,5.44981195651226
5.450107179454525,5.450135721494158,5.4501585551846485,5.45017568048681,5.450187097371244,5.450192805818361,5.450192805818361,5.450187097371244,5.45017568048681,5.4501585551846485,5.450135721494158,5.450107179454525
5.450409811751478,5.450438356540998,5.450461192431409,5.450478319383513,5.450489737367917,5.450495446365017,5.450495446365017,5.450489737367917,5.450478319383513,5.450461192431409,5.450438356540998,5.450409811751478
5.450719855272482,5.450748402879556,5.4507712410240226,5.450788369666677,5.450799788778114,5.450805498338733,5.450805498338733,5.450799788778114,5.450788369666677,5.4507712410240226,5.450748402879556,5.450719855272482
5.451037311934659,5.451065862426976,5.451088702879646,5.451105833253459,5.451117253519007,5.4511229636566805,5.4511229636566805,5.451117253519007,5.451105833253459,5.451088702879646,5.451065862426976,5.451037311934659
5.451362183702869,5.451390737148127,5.451413579963162,5.451430712108755,5.451442133555491,5.451447844283763,5.451447844283763,5.451442133555491,5.451430712108755,5.451413579963162,5.451390737148127,5.451362183702869
5.451694472589661,5.451723029055577,5.451745874287149,5.451763008245152,5.451774430900166,5.451780142232575,5.451780142232575,5.451774430900166,5.451763008245152,5.451745874287149,5.451723029055577,5.451694472589661
5.452034180655235,5.45206274020954,5.452085587911837,5.45210272372289,5.4521141476132735,5.452119859563369,5.452119859563369,5.4521141476132735,5.45210272372289,5.452085587911837,5.45206274020954,5.452034180655235
5.452381310007408,5.452409872717853,5.452432722945073,5.452449860649827,5.452461285802679,5.452466998384011,5.452466998384011,5.452461285802679,5.452449860649827,5.452432722945073,5.452409872717853,5.452381310007408
5.4527358628015685,5.45276442873592,5.452787281542278,5.452804421181389,5.452815847623819,5.45282156084994,5.45282156084994,5.452815847623819,5.452804421181389,5.452787281542278,5.45276442873592,5.4527358628015685
5.453097841240643,5.453126410466682,5.4531492659064025,5.453166407520545,5.453177835279664,5.453183549164132,5.453183549164132,5.453177835279664,5.453166407520545,5.4531492659064025,5.453126410466682,5.453097841240643
5.453467247575038,5.453495820160565,5.453518678287891,5.453535821917744,5.453547251020675,5.453552965577049,5.453552965577049,5.453547251020675,5.453535821917744,5.453518678287891,5.453495820160565,5.453467247575038
5.453844084102611,5.453872660115448,5.4538955209846325,5.453912666670888,5.453924097144758,5.453929812386603,5.453929812386603,5.453924097144758,5.453912666670888,5.4538955209846325,5.453872660115448,5.453844084102611
5.454228353168619,5.4542569326766035,5.454279796341918,5.45429694412528,5.454308375997224,5.454314091938106,5.454314091938106,5.454308375997224,5.45429694412528,5.454279796341918,5.4542569326766035,5.454228353168619
5.45462005716568,5.454648640236667,5.454671506752398,5.454688656673579,5.454700089970741,5.454705806624231,5.454705806624231,5.454700089970741,5.454688656673579,5.454671506752398,5.454648640236667,5.45462005716568
5.455019198533719,5.455047785235582,5.45507065465603,5.455087806755756,5.455099241505284,5.455104958884962,5.455104958884962,5.455099241505284,5.455087806755756,5.45507065465603,5.455047785235582,5.455019198533719
5.4554257797599215,5.455454370160559,5.455477242540037,5.455494396859046,5.4555058330881,5.4555115512075405,5.4555115512075405,5.4555058330881,5.455494396859046,5.455477242540037,5.455454370160559,5.4554257797599215
5.45583980337869,5.4558683975460145,5.4558912729388584,5.4559084295178994,5.455919867253645,5.455925586126433,5.455925586126433,5.455919867253645,5.4559084295178994,5.4558912729388584,5.4558683975460145,5.45583980337869
5.456261271971593,5.456289869973541,5.456312748434097,5.456329907313933,5.456341346583544,5.456347066223266,5.456347066223266,5.456341346583544,5.456329907313933,5.456312748434097,5.456289869973541,5.456261271971593
5.456690188167316,5.456718790071842,5.456741671654479,5.456758832875879,5.456770273706539,5.456775994126788,5.456775994126788,5.456770273706539,5.456758832875879,5.456741671654479,5.456718790071842,5.456690188167316
5.45712655464161,5.45715516051669,5.457178045275785,5.45719520887954,5.45720665129844,5.457212372512809,5.457212372512809,5.45720665129844,5.45719520887954,5.457178045275785,5.45715516051669,5.45712655464161
5.457570374117234,5.457598984030868,5.4576218720208205,5.457639038047729,5.457650482082068,5.457656204104159,5.457656204104159,5.457650482082068,5.457639038047729,5.4576218720208205,5.457598984030868,5.457570374117234
5.458021649363913,5.458050263384122,5.458073154659348,5.458090323150221,5.458101768827209,5.458107491670624,5.458107491670624,5.458101768827209,5.458090323150221,5.458073154659348,5.458050263384122,5.458021649363913
5.458480383198279,5.458509001393103,5.458531896008038,5.458549067003702,5.458560514350554,5.458566238028903,5.458566238028903,5.458560514350554,5.458549067003702,5.458531896008038,5.458509001393103,5.458480383198279
5.458946578483814,5.4589752009213175,5.458998098930413,5.459015272471705,5.45902672151565,5.459032446042545,5.459032446042545,5.45902672151565,5.459015272471705,5.458998098930413,5.4589752009213175,5.458946578483814
5.459420238130798,5.459448864879068,5.459471766336795,5.45948894246457,5.459500393232839,5.4595061186219,5.4595061186219,5.459500393232839,5.45948894246457,5.459471766336795,5.459448864879068,5.459420238130798
5.459901365096251,5.459929996223399,5.459952901184244,5.459970079939369,5.459981532459208,5.459987258724056,5.459987258724056,5.459981532459208,5.459970079939369,5.459952901184244,5.459929996223399,5.459901365096251
5.460389962383877,5.460418597958036,5.46044150647651,5.460458687899862,5.4604701421985276,5.460475869352789,5.460475869352789,5.4604701421985276,5.460458687899862,5.46044150647651,5.460418597958036,5.460389962383877
5.460886033044005,5.460914673133336,5.4609375852639594,5.460954769396439,5.460966225501192,5.460971953558499,5.460971953558499,5.460966225501192,5.460954769396439,5.4609375852639594,5.460914673133336,5.460886033044005
5.46138958017353,5.461418224846213,5.461441140643537,5.461458327526052,5.461469785464166,5.461475514438154,5.461475514438154,5.461469785464166,5.461458327526052,5.461441140643537,5.461418224846213,5.46138958017353
5.461900606915854,5.461929256240097,5.461952175758686,5.46196936543216,5.461980825230919,5.461986555135232,5.461986555135232,5.461980825230919,5.46196936543216,5.461952175758686,5.461929256240097,5.461900606915854
5.462419116460825,5.462447770504858,5.4624706937992995,5.462487886304672,5.462499347991368,5.462505078839651,5.462505078839651,5.462499347991368,5.462487886304672,5.4624706937992995,5.462447770504858,5.462419116460825
5.46294511204467,5.4629737708767525,5.4629966980016516,5.463013893379877,5.463025356981816,5.463031088787719,5.463031088787719,5.463025356981816,5.463013893379877,5.4629966980016516,5.4629737708767525,5.46294511204467
5.46347859694994,5.463507260638354,5.463530191648338,5.4635473899403895,5.463558855484882,5.463564588262066,5.463564588262066,5.463558855484882,5.4635473899403895,5.463530191648338,5.463507260638354,5.46347859694994
5.464019574505442,5.4640482431185,5.464071178068217,5.464088379315076,5.464099846829449,5.464105580591573,5.464105580591573,5.464099846829449,5.464088379315076,5.464071178068217,5.4640482431185,5.464019574505442
5.46456804808618,5.464596721692215,5.464619660636332,5.464636864879006,5.464648334390591,5.464654069151325,5.464654069151325,5.464648334390591,5.464636864879006,5.464619660636332,5.464596721692215,5.46456804808618
5.465124021113277,5.465152699780654,5.465175642773864,5.465192850053366,5.465204321589512,5.465210057362526,5.465210057362526,5.465204321589512,5.465192850053366,5.465175642773864,5.465152699780654,5.465124021113277
5.465687497053924,5.465716180851031,5.465739127948045,5.465756338305415,5.465767811893475,5.465773548692448,5.465773548692448,5.465767811893475,5.465756338305415,5.465739127948045,5.465716180851031,5.465687497053924
5.466258479421302,5.466287168416558,5.466310119672112,5.4663273331483975,5.46633880881574,5.466344546654357,5.466344546654357,5.46633880881574,5.4663273331483975,5.466310119672112,5.466287168416558,5.466258479421302
5.46683697177452,5.466865666036371,5.4668886215052215,5.466905838141491,5.466917315915494,5.466923054807444,5.466923054807444,5.466917315915494,5.466905838141491,5.4668886215052215,5.466865666036371,5.46683697177452
5.467422977718542,5.467451677315463,5.467474637052389,5.467491856889726,5.467503336797783,5.467509076756759,5.467509076756759,5.467503336797783,5.467491856889726,5.467474637052389,5.467451677315463,5.467422977718542
5.468016500904122,5.468045205904614,5.468068169964418,5.468085393043928,5.468096875113436,5.468102616153142,5.468102616153142,5.468096875113436,5.468085393043928,5.468068169964418,5.468045205904614,5.468016500904122
5.468617545027725,5.468646255500323,5.46866922393783,5.4686864503006305,5.468697934559006,5.468703676693146,5.468703676693146,5.468697934559006,5.4686864503006305,5.46866922393783,5.468646255500323,5.468617545027725
5.469226113831467,5.46925482984473,5.469277802714792,5.4692950324020195,5.469306518876686,5.469312262118974,5.469312262118974,5.469306518876686,5.4692950324020195,5.469277802714792,5.46925482984473,5.469226113831467
5.469842211103032,5.469870932725552,5.469893910083043,5.469911143135851,5.469922631854247,5.4699283762184,5.4699283762184,5.469922631854247,5.469911143135851,5.469893910083043,5.469870932725552,5.469842211103032
5.470465840675605,5.470494567976003,5.470517549875818,5.470534786335385,5.4705462773249565,5.4705520228247,5.4705520228247,5.4705462773249565,5.470534786335385,5.470517549875818,5.470494567976003,5.470465840675605
5.471097006427795,5.471125739474724,5.471148725971785,5.471165965879301,5.47117745916751,5.471183205816574,5.471183205816574,5.47117745916751,5.471165965879301,5.471148725971785,5.471125739474724,5.471097006427795
5.47173571228356,5.471764451145703,5.47178744229496,5.471804685691632,5.471816181305953,5.471821929118076,5.471821929118076,5.471816181305953,5.471804685691632,5.47178744229496,5.471764451145703,5.47173571228356
5.472381962212135,5.4724107069582075,5.472433702814628,5.472450949741689,5.472462447709608,5.4724681966985305,5.4724681966985305,5.472462447709608,5.472450949741689,5.472433702814628,5.4724107069582075,5.472381962212135
5.47303576022795,5.473064510926697,5.473087511545281,5.4731047620439774,5.473116262392993,5.4731220125724676,5.4731220125724676,5.473116262392993,5.4731047620439774,5.473087511545281,5.473064510926697,5.47303576022795
5.473697110390556,5.4737258671107565,5.473748872546526,5.4737661266581235,5.473777629415748,5.473783380799527,5.473783380799527,5.473777629415748,5.4737661266581235,5.473748872546526,5.4737258671107565,5.473697110390556
5.474366016804543,5.474394779615007,5.47441778992301,5.474435047688799,5.474446552882555,5.474452305484403,5.474452305484403,5.474446552882555,5.474435047688799,5.47441778992301,5.474394779615007,5.474366016804543
5.475042483619467,5.475071252589037,5.47509426782435,5.475111529285633,5.47512303694306,5.475128790776745,5.475128790776745,5.47512303694306,5.475111529285633,5.47509426782435,5.475071252589037,5.475042483619467
5.47572651502976,5.475755290227314,5.475778310445037,5.475795575643143,5.475807085791791,5.475812840871089,5.475812840871089,5.475807085791791,5.475795575643143,5.475778310445037,5.475755290227314,5.47572651502976
5.476418115274659,5.476446896769106,5.476469922024368,5.476487191000642,5.476498703668075,5.476504460006769,5.476504460006769,5.476498703668075,5.476487191000642,5.476469922024368,5.476446896769106,5.476418115274659
5.4771172886381185,5.4771460764984035,5.477169106846359,5.477186379642169,5.477197894855966,5.477203652467843,5.477203652467843,5.477197894855966,5.477186379642169,5.477169106846359,5.4771460764984035,5.4771172886381185
5.47782403944873,5.47785283374383,5.477875869239663,5.477893145896394,5.477904663684148,5.477910422583004,5.477910422583004,5.477904663684148,5.477893145896394,5.477875869239663,5.47785283374383,5.47782403944873
5.478538372079636,5.478567172878566,5.478590213577487,5.478607494136549,5.4786190145258615,5.4786247747255,5.4786247747255,5.4786190145258615,5.478607494136549,5.478590213577487,5.478567172878566,5.478538372079636
5.47926029094845,5.479289098320255,5.479312144277503,5.479329428780323,5.479340951798818,5.479346713313048,5.479346713313048,5.479340951798818,5.479329428780323,5.479312144277503,5.479289098320255,5.47926029094845
5.479989800517166,5.480018614530931,5.480041665801772,5.480058954289802,5.480070479965109,5.480076242807749,5.480076242807749,5.480070479965109,5.480058954289802,5.480041665801772,5.480018614530931,5.479989800517166
5.480726905292078,5.480755726016921,5.48077878265665,5.480796075171362,5.48080760353113,5.480813367716003,5.480813367716003,5.48080760353113,5.480796075171362,5.48077878265665,5.480755726016921,5.480726905292078
5.481471609823686,5.481500437328762,5.481523499392704,5.48154079597559,5.481552327047483,5.481558092588418,5.481558092588418,5.481552327047483,5.48154079597559,5.481523499392704,5.481500437328762,5.481471609823686
5.482223918706617,5.4822527530611165,5.482275820604624,5.482293121297202,5.482304655108894,5.482310422019733,5.482310422019733,5.482304655108894,5.482293121297202,5.482275820604624,5.4822527530611165,5.482223918706617
5.482983836579528,5.483012677852681,5.483035750931139,5.483053055774942,5.483064592354127,5.483070360648714,5.483070360648714,5.483064592354127,5.483053055774942,5.483035750931139,5.483012677852681,5.482983836579528
5.483751368125028,5.4837802163861,5.4838032950549165,5.483820604091508,5.483832143465891,5.48383791315808,5.48383791315808,5.483832143465891,5.483820604091508,5.4838032950549165,5.4837802163861,5.483751368125028
5.48452651806957,5.484555373387864,5.484578457702487,5.4845957709734465,5.484607313170752,5.484613084274402,5.484613084274402,5.484607313170752,5.4845957709734465,5.484578457702487,5.484555373387864,5.48452651806957
5.485309291183387,5.48533815362824,5.48536124364414,5.485378561191076,5.485390106239035,5.485395878768018,5.485395878768018,5.485390106239035,5.485378561191076,5.48536124364414,5.48533815362824,5.485309291183387
5.486099692280365,5.486128561921161,5.486151657693841,5.486168979558378,5.4861805274847475,5.486186301452936,5.486186301452936,5.4861805274847475,5.486168979558378,5.486151657693841,5.486128561921161,5.486099692280365
5.486897726217983,5.486926603124139,5.486949704709135,5.486967030932925,5.48697858176547,5.48698435718675,5.48698435718675,5.48697858176547,5.486967030932925,5.486949704709135,5.486926603124139,5.486897726217983
5.487703397897204,5.487732282138177,5.487755389591053,5.48777272021577,5.4877842739822755,5.4877900508705375,5.4877900508705375,5.4877842739822755,5.48777272021577,5.487755389591053,5.487732282138177,5.487703397897204
5.4885167122623795,5.488545603907664,5.4885687172840205,5.488586052351363,5.488597609079626,5.488603387448769,5.488603387448769,5.488597609079626,5.488586052351363,5.4885687172840205,5.488545603907664,5.4885167122623795
5.489337674301164,5.4893665734202965,5.48938969277576,5.489407032327451,5.489418592045288,5.4894243719092195,5.4894243719092195,5.489418592045288,5.489407032327451,5.48938969277576,5.4893665734202965,5.489337674301164
5.490166289044408,5.490195195706966,5.490218321097199,5.490235665174982,5.490247227910223,5.49025300928286,5.49025300928286,5.490247227910223,5.490235665174982,5.490218321097199,5.490195195706966,5.490166289044408
5.491002561566071,5.4910314758416705,5.491054607322367,5.491071955968015,5.491083521748506,5.49108930464377,5.49108930464377,5.491083521748506,5.491071955968015,5.491054607322367,5.4910314758416705,5.491002561566071
5.49184649698312,5.49187541894142,5.491898556568303,5.491915909823611,5.4919274786772165,5.491933263109041,5.491933263109041,5.4919274786772165,5.491915909823611,5.491898556568303,5.49187541894142,5.49184649698312
5.492698100455432,5.492727030166129,5.492750173994962,5.492767531901748,5.492779103856347,5.492784889838671,5.492784889838671,5.492779103856347,5.492767531901748,5.492750173994962,5.492727030166129,5.492698100455432
5.493557377185696,5.493586314718531,5.493609464805104,5.493626827405212,5.4936384024887035,5.493644190035473,5.493644190035473,5.4936384024887035,5.493626827405212,5.493609464805104,5.493586314718531,5.493557377185696
5.494424332419309,5.494453277844064,5.494476434244205,5.494493801579506,5.494505379819801,5.494511168944975,5.494511168944975,5.494505379819801,5.494493801579506,5.494476434244205,5.494453277844064,5.494424332419309
5.495298971444283,5.495327924830783,5.49535108760035,5.495368459712741,5.495380041137768,5.495385831855313,5.495385831855313,5.495380041137768,5.495368459712741,5.49535108760035,5.495327924830783,5.495298971444283
5.49618129959114,5.496210261009253,5.496233430204141,5.496250807135539,5.496262391773248,5.496268184097136,5.496268184097136,5.496262391773248,5.496250807135539,5.496233430204141,5.496210261009253,5.49618129959114
5.4970713222328085,5.497100291752444,5.497123467428581,5.497140849220935,5.49715243709929,5.497158231043503,5.497158231043503,5.49715243709929,5.497140849220935,5.497123467428581,5.497100291752444,5.4970713222328085
5.497969044784524,5.497998022475636,5.498021204688987,5.498038591384269,5.4980501825312516,5.498055978109782,5.498055978109782,5.4980501825312516,5.498038591384269,5.498021204688987,5.497998022475636,5.497969044784524
5.498874472703725,5.498903458636312,5.498926647442875,5.498944039083083,5.498955633526694,5.498961430753539,5.498961430753539,5.498955633526694,5.498944039083083,5.498926647442875,5.498903458636312,5.498874472703725
5.49978761148995,5.499816605734052,5.499839801189858,5.49985719781702,5.499868795585273,5.499874594474444,5.499874594474444,5.499868795585273,5.49985719781702,5.499839801189858,5.499816605734052,5.49978761148995
5.500708466684724,5.50073746931043,5.50076067147155,5.500778073127716,5.500789674248649,5.500795474814161,5.500795474814161,5.500789674248649,5.500778073127716,5.50076067147155,5.50073746931043,5.500708466684724
5.501637043871466,5.501666054948904,5.501689263871445,5.501706670598695,5.50171827510036,5.501724077356241,5.501724077356241,5.50171827510036,5.501706670598695,5.501689263871445,5.501666054948904,5.501637043871466
5.502573348675377,5.502602368274726,5.502625584014828,5.502642995855267,5.502654603765734,5.502660407726019,5.502660407726019,5.502654603765734,5.502642995855267,5.502625584014828,5.502602368274726,5.502573348675377
5.503517386763329,5.503546414954808,5.503569637568651,5.503587054564414,5.503598665911772,5.5036044715905055,5.5036044715905055,5.503598665911772,5.503587054564414,5.503569637568651,5.503546414954808,5.503517386763329
5.504469163843764,5.504498200697643,5.504521430241438,5.504538852434686,5.504550467247043,5.504556274658279,5.504556274658279,5.504550467247043,5.504538852434686,5.504521430241438,5.504498200697643,5.504469163843764
5.505428685666576,5.505457731253171,5.5054809677831695,5.505498395216093,5.505510013521575,5.505515822679376,5.505515822679376,5.505510013521575,5.505498395216093,5.5054809677831695,5.505457731253171,5.505428685666576
5.506395958023016,5.506425012412686,5.50644825598518,5.506465688699993,5.506477310526746,5.506483121445186,5.506483121445186,5.506477310526746,5.506465688699993,5.50644825598518,5.506425012412686,5.506395958023016
5.50737098674557,5.507400050008724,5.507423300680039,5.507440738718988,5.507452364095174,5.507458176788333,5.507458176788333,5.507452364095174,5.507440738718988,5.507423300680039,5.507400050008724,5.50737098674557
5.5083537777078515,5.508382849914945,5.508406107741445,5.508423551146804,5.508435180100607,5.508440994582577,5.508440994582577,5.508435180100607,5.508423551146804,5.508406107741445,5.508382849914945,5.5083537777078515
5.509344336824492,5.509373418046027,5.509396683084118,5.509414131898188,5.509425764457808,5.50943158074269,5.50943158074269,5.509425764457808,5.509414131898188,5.509396683084118,5.509373418046027,5.509344336824492
5.510342670051027,5.510371760357556,5.510395032663677,5.510412486928791,5.51042412312245,5.510429941224354,5.510429941224354,5.51042412312245,5.510412486928791,5.510395032663677,5.510371760357556,5.510342670051027
5.511348783383783,5.511377882845907,5.511401162476539,5.511418622235057,5.511430262090995,5.5114360820240424,5.5114360820240424,5.511430262090995,5.511418622235057,5.511401162476539,5.511377882845907,5.511348783383783
5.512362682859767,5.512391791548136,5.512415078559799,5.5124325438541115,5.512444187400588,5.512450009178908,5.512450009178908,5.512444187400588,5.5124325438541115,5.512415078559799,5.512391791548136,5.512362682859767
5.513384374556554,5.513413492541863,5.513436786991115,5.51345425786364,5.513465905128938,5.513471728766669,5.513471728766669,5.513465905128938,5.51345425786364,5.513436786991115,5.513413492541863,5.513384374556554
5.514413864592159,5.514442991945159,5.514466293888598,5.514483770381787,5.514495421394201,5.514501246905495,5.514501246905495,5.514495421394201,5.514483770381787,5.514466293888598,5.514442991945159,5.514413864592159
5.515451159124938,5.515480295916426,5.515503605410692,5.515521087567022,5.515532742354875,5.515538569753891,5.515538569753891,5.515532742354875,5.515521087567022,5.515503605410692,5.515480295916426,5.515451159124938
5.516496264353463,5.516525410654286,5.516548727756059,5.516566215618039,5.516577874209669,5.516583703510577,5.516583703510577,5.516577874209669,5.516566215618039,5.516548727756059,5.516525410654286,5.516496264353463
5.517549186516406,5.517578342397464,5.517601667163461,5.517619160773633,5.5176308231974005,5.51763665441438,5.51763665441438,5.5176308231974005,5.517619160773633,5.517601667163461,5.517578342397464,5.517549186516406
5.51860993189242,5.518639097424665,5.518662429911649,5.518679929312581,5.518691595596866,5.518697428744107,5.518697428744107,5.518691595596866,5.518679929312581,5.518662429911649,5.518639097424665,5.51860993189242
5.5196785068000285,5.51970768205446,5.519731022319233,5.519748527553526,5.519760197726729,5.519766032818434,5.519766032818434,5.519760197726729,5.519748527553526,5.519731022319233,5.51970768205446,5.5196785068000285
5.520754917597498,5.520784102645169,5.520807450744571,5.52082496185486,5.520836635945404,5.520842472995781,5.520842472995781,5.520836635945404,5.52082496185486,5.520807450744571,5.520784102645169,5.520754917597498
5.521839170682717,5.5218683655947345,5.521891721585651,5.521909238614599,5.521920916650926,5.521926755674199,5.521926755674199,5.521920916650926,5.521909238614599,5.521891721585651,5.5218683655947345,5.521839170682717
5.522931272493087,5.522960477340607,5.522983841279966,5.523001364270268,5.523013046280843,5.523018887291242,5.523018887291242,5.523013046280843,5.523001364270268,5.522983841279966,5.522960477340607,5.522931272493087
5.524031229505388,5.524060444359625,5.524083816304396,5.524101345298779,5.524113031312085,5.524118874323853,5.524118874323853,5.524113031312085,5.524101345298779,5.524083816304396,5.524060444359625,5.524031229505388
5.525139048235672,5.525168273167888,5.5251916531750815,5.525209188216305,5.525220878260849,5.525226723288239,5.525226723288239,5.525220878260849,5.525209188216305,5.5251916531750815,5.525168273167888,5.525139048235672
5.526254735239124,5.526283970320638,5.52630735844731,5.5263248995781655,5.526336593682474,5.52634244073975,5.52634244073975,5.526336593682474,5.5263248995781655,5.52630735844731,5.526283970320638,5.526254735239124
5.527378297109952,5.527407542412138,5.527430938715385,5.527448485978695,5.527460184171319,5.527466033272756,5.527466033272756,5.527460184171319,5.527448485978695,5.527430938715385,5.527407542412138,5.527378297109952
5.528509740481262,5.528538996075543,5.528562400612507,5.528579954051129,5.5285916563606365,5.52859750752052,5.52859750752052,5.5285916563606365,5.528579954051129,5.528562400612507,5.528538996075543,5.528509740481262
5.529649072024921,5.52967833798278,5.529701750810647,5.529719310467469,5.529731016922456,5.529736870155081,5.529736870155081,5.529731016922456,5.529719310467469,5.529701750810647,5.52967833798278,5.529649072024921
5.530796298451453,5.530825574844426,5.530848996020425,5.530866561938369,5.530878272567449,5.5308841278871235,5.5308841278871235,5.530878272567449,5.530866561938369,5.530848996020425,5.530825574844426,5.530796298451453
5.531951426509898,5.531980713409576,5.532004142990981,5.532021715213004,5.532033430044814,5.532039287465857,5.532039287465857,5.532033430044814,5.532021715213004,5.532004142990981,5.531980713409576,5.531951426509898
5.533114462987692,5.533143760465724,5.533167198509853,5.533184777078942,5.533196496142141,5.533202355678883,5.533202355678883,5.533196496142141,5.533184777078942,5.533167198509853,5.533143760465724,5.533114462987692
5.534285414710538,5.534314722838628,5.534338169402843,5.534355754362022,5.534367477685294,5.534373339352074,5.534373339352074,5.534367477685294,5.534355754362022,5.534338169402843,5.534314722838628,5.534285414710538
5.535464288542283,5.5354936073921905,5.535517062533902,5.535534653926227,5.535546381538274,5.535552245349446,5.535552245349446,5.535546381538274,5.535534653926227,5.535517062533902,5.5354936073921905,5.535464288542283
5.536651091384786,5.536680421028328,5.5367038848049885,5.536721482673552,5.536733214603101,5.536739080573028,5.536739080573028,5.536733214603101,5.536721482673552,5.5367038848049885,5.536680421028328,5.536651091384786
5.53784583017779,5.537875170686841,5.537898643155952,5.537916247543877,5.53792798381968,5.537933851962737,5.537933851962737,5.53792798381968,5.537916247543877,5.537898643155952,5.537875170686841,5.53784583017779
5.539048511898795,5.53907786334529,5.539101344564397,5.539118955514843,5.539130696165673,5.539136566496246,5.539136566496246,5.539130696165673,5.539118955514843,5.539101344564397,5.53907786334529,5.539048511898795
5.540259143562933,5.540288506018859,5.540311996045554,5.540329613601717,5.540341358656367,5.540347231188857,5.540347231188857,5.540341358656367,5.540329613601717,5.540311996045554,5.540288506018859,5.540259143562933
5.5414777322228215,5.541507105760227,5.541530604652152,5.54154822885726,5.541559978344555,5.541565853093367,5.541565853093367,5.541559978344555,5.54154822885726,5.541530604652152,5.541507105760227,5.5414777322228215
5.542704284968454,5.542733669659447,5.542757177474284,5.542774808371605,5.542786562320385,5.542792439299946,5.542792439299946,5.542786562320385,5.542774808371605,5.542757177474284,5.542733669659447,5.542704284968454
5.543938808927051,5.543968204843799,5.543991721639284,5.544009359272115,5.5440211177112495,5.54402699693599,5.54402699693599,5.5440211177112495,5.544009359272115,5.543991721639284,5.543968204843799,5.543938808927051
5.545181311262943,5.545210718477672,5.545234244311585,5.5452518887232625,5.5452636516816405,5.545269533166007,5.545269533166007,5.5452636516816405,5.5452518887232625,5.545234244311585,5.545210718477672,5.545181311262943
5.546431799177425,5.546461217762419,5.5464847526925904,5.546502403926487,5.5465141714330235,5.546520055191472,5.546520055191472,5.5465141714330235,5.546502403926487,5.5464847526925904,5.546461217762419,5.546431799177425
5.54769027990863,5.547719709936237,5.547743254020542,5.547760912120067,5.547772684203698,5.547778570250701,5.547778570250701,5.547772684203698,5.547760912120067,5.547743254020542,5.547719709936237,5.54769027990863
5.548956760731397,5.548986202274023,5.549009755570388,5.549027420578983,5.549039197268677,5.549045085618711,5.549045085618711,5.549039197268677,5.549027420578983,5.549009755570388,5.548986202274023,5.548956760731397
5.550231248957133,5.550260702087245,5.550284264653645,5.550301936614791,5.550313717939532,5.550319608607094,5.550319608607094,5.550313717939532,5.550301936614791,5.550284264653645,5.550260702087245,5.550231248957133
5.55151375193368,5.5515432167238075,5.551566788618263,5.551584467575481,5.55159625356428,5.551602146563875,5.551602146563875,5.55159625356428,5.551584467575481,5.551566788618263,5.5515432167238075,5.55151375193368
5.552804277045179,5.552833753567912,5.552857334848499,5.55287502084534,5.552886811527234,5.55289270687338,5.55289270687338,5.552886811527234,5.55287502084534,5.552857334848499,5.552833753567912,5.552804277045179
5.554102831711938,5.554132320039928,5.554155910764768,5.5541736038448235,5.554185399248876,5.554191296956105,5.554191296956105,5.554185399248876,5.5541736038448235,5.554155910764768,5.554132320039928,5.554102831711938
5.55540942339029,5.555438923596252,5.555462523823516,5.555480224030418,5.555492024185712,5.555497924268568,5.555497924268568,5.555492024185712,5.555480224030418,5.555462523823516,5.555438923596252,5.55540942339029
5.556724059572459,5.556753571729171,5.5567771815170826,5.556794888894497,5.556806693830145,5.556812596303183,5.556812596303183,5.556806693830145,5.556794888894497,5.5567771815170826,5.556753571729171,5.556724059572459
5.558046747786425,5.558076271966728,5.5580998913735575,5.55811760596519,5.55812941571033,5.558135320588116,5.558135320588116,5.55812941571033,5.55811760596519,5.5580998913735575,5.558076271966728,5.558046747786425
5.559377495595781,5.559407031872578,5.559430660956652,5.559448382806244,5.559460197390038,5.559466104687155,5.559466104687155,5.559460197390038,5.559448382806244,5.559430660956652,5.559407031872578,5.559377495595781
5.5607163105996005,5.560745859045862,5.560769497865552,5.560787227016886,5.560799046468519,5.560804956199561,5.560804956199561,5.560799046468519,5.560787227016886,5.560769497865552,5.560745859045862,5.5607163105996005
5.562063200432295,5.562092761121049,5.562116409734784,5.562134146231677,5.562145970580367,5.562151882759938,5.562151882759938,5.562145970580367,5.562134146231677,5.562116409734784,5.562092761121049,5.562063200432295
5.5634181727634715,5.563447745767818,5.563471404234074,5.563489148120387,5.563500977395367,5.56350689203809,5.56350689203809,5.563500977395367,5.563489148120387,5.563471404234074,5.563447745767818,5.5634181727634715
5.5647812352978026,5.5648108206909015,5.5648344890682075,5.564852240387838,5.5648640746183755,5.564869991738882,5.564869991738882,5.5648640746183755,5.564852240387838,5.5648344890682075,5.5648108206909015,5.5647812352978026
5.566152395774875,5.566181993629955,5.566205671976894,5.566223430773777,5.566235269989164,5.5662411896020965,5.5662411896020965,5.566235269989164,5.566223430773777,5.566205671976894,5.566181993629955,5.566152395774875
5.56753166196906,5.56756127235941,5.5675849607346155,5.567602727052726,5.567614571282281,5.567620493402301,5.567620493402301,5.567614571282281,5.567602727052726,5.5675849607346155,5.56756127235941,5.56753166196906
5.568919041689359,5.568948664688341,5.5689723631505,5.568990137033854,5.569001986306918,5.569007910948697,5.569007910948697,5.569001986306918,5.568990137033854,5.5689723631505,5.568948664688341,5.568919041689359
5.570314542779275,5.57034417846031,5.570367887068164,5.570385668560819,5.570397522906761,5.570403450084985,5.570403450084985,5.570397522906761,5.570385668560819,5.570367887068164,5.57034417846031,5.570314542779275
5.5717181731166585,5.571747821553241,5.571771540365582,5.571789329511631,5.571801188959851,5.571807118689218,5.571807118689218,5.571801188959851,5.571789329511631,5.571771540365582,5.571747821553241,5.5717181731166585
5.573129940613575,5.573159601879262,5.573183330954937,5.573201127798518,5.573212992378439,5.573218924673659,5.573218924673659,5.573212992378439,5.573201127798518,5.573183330954937,5.573159601879262,5.573129940613575
5.574549853216155,5.574579527384573,5.574603266782484,5.57462107136777,5.574632941108843,5.574638875984645,5.574638875984645,5.574632941108843,5.57462107136777,5.574603266782484,5.574579527384573,5.574549853216155
5.575977918904453,5.576007606049297,5.576031355828398,5.576049168199607,5.576061043131309,5.5760669806024294,5.5760669806024294,5.576061043131309,5.576049168199607,5.576031355828398,5.576007606049297,5.575977918904453
5.577414145692305,5.577443845887336,5.577467606106637,5.577485426308027,5.577497306459863,5.577503246541055,5.577503246541055,5.577497306459863,5.577485426308027,5.577467606106637,5.577443845887336,5.577414145692305
5.578858541627178,5.578888254946225,5.5789120256647955,5.578929853740663,5.578941739142166,5.578947681848195,5.578947681848195,5.578941739142166,5.578929853740663,5.5789120256647955,5.578888254946225,5.578858541627178
5.580311114790036,5.580340841306999,5.580364622583952,5.58038245857864,5.580394349259372,5.580400294605018,5.580400294605018,5.580394349259372,5.58038245857864,5.580364622583952,5.580340841306999,5.580311114790036
5.581771873295177,5.5818016130840284,5.581825404978542,5.58184324893643,5.581855144925975,5.581861092926035,5.581861092926035,5.581855144925975,5.58184324893643,5.581825404978542,5.5818016130840284,5.581771873295177
5.583240825290112,5.583270578424885,5.583294380996189,5.583312232961702,5.583324134289677,5.583330084958957,5.583330084958957,5.583324134289677,5.583312232961702,5.583294380996189,5.583270578424885,5.583240825290112
5.584717978955391,5.584747745510196,5.584771558817579,5.5847894188351805,5.584801325531231,5.5848072788845515,5.5848072788845515,5.584801325531231,5.5847894188351805,5.584771558817579,5.584747745510196,5.584717978955391
5.586203342504479,5.586233122553494,5.586256946656298,5.586274814770496,5.5862867268642935,5.586292682916492,5.586292682916492,5.5862867268642935,5.586274814770496,5.586256946656298,5.586233122553494,5.586203342504479
5.5876969241835965,5.58772671780107,5.5877505527586955,5.587768429014041,5.587780346535284,5.58778630530121,5.58778630530121,5.587780346535284,5.587768429014041,5.5877505527586955,5.58772671780107,5.5876969241835965
5.589198732271577,5.589228539531831,5.589252385403734,5.589270269844818,5.5892821928232355,5.589288154317752,5.589288154317752,5.5892821928232355,5.589270269844818,5.589252385403734,5.589228539531831,5.589198732271577
5.590708775079716,5.590738596057141,5.590762452902834,5.590780345574293,5.590792274039643,5.59079823827763,5.59079823827763,5.590792274039643,5.590780345574293,5.590762452902834,5.590738596057141,5.590708775079716
5.5922270609516245,5.592256895720685,5.592280763599739,5.592298664546252,5.592310598528318,5.592316565524669,5.592316565524669,5.592310598528318,5.592298664546252,5.592280763599739,5.592256895720685,5.5922270609516245
5.593753598263082,5.593783446898312,5.593807325870358,5.593825235136644,5.593837174665245,5.593843144434865,5.593843144434865,5.593837174665245,5.593825235136644,5.593807325870358,5.593783446898312,5.593753598263082
5.595288395421885,5.595318257997891,5.595342148122614,5.595360065753443,5.595372010858415,5.595377983416229,5.595377983416229,5.595372010858415,5.595360065753443,5.595342148122614,5.595318257997891,5.595288395421885
5.596831460867693,5.59686133745916,5.596885238796306,5.5969031648364815,5.596915115547704,5.596921090908646,5.596921090908646,5.596915115547704,5.5969031648364815,5.596885238796306,5.59686133745916,5.596831460867693
5.598382803071895,5.598412693753573,5.598436606362945,5.5984545408573245,5.598466497204695,5.598472475383717,5.598472475383717,5.598466497204695,5.5984545408573245,5.598436606362945,5.598412693753573,5.598382803071895
5.5999424305374355,5.599972335384155,5.599996259325615,5.600014202319093,5.6000261643325455,5.6000321453446125,5.6000321453446125,5.6000261643325455,5.600014202319093,5.599996259325615,5.599972335384155,5.5999424305374355
5.601510351798685,5.601540270885348,5.601564206218818,5.6015821577563365,5.60159412546583,5.601600109325924,5.601600109325924,5.60159412546583,5.6015821577563365,5.601564206218818,5.601540270885348,5.601510351798685
5.603086575421279,5.603116508822859,5.603140455608321,5.603158415734865,5.603170389170394,5.603176375893507,5.603176375893507,5.603170389170394,5.603158415734865,5.603140455608321,5.603116508822859,5.603086575421279
5.604671110001966,5.604701057793514,5.604725016091009,5.60474298485161,5.604754964043192,5.6047609536443375,5.6047609536443375,5.604754964043192,5.60474298485161,5.604725016091009,5.604701057793514,5.604671110001966
5.606263964168461,5.606293926425105,5.60631789629473,5.606335873734463,5.60634785871215,5.606353851206352,5.606353851206352,5.60634785871215,5.606335873734463,5.60631789629473,5.606293926425105,5.606263964168461
5.6078651465792895,5.6078951233762275,5.607919104878146,5.607937091042134,5.607949081836004,5.607955077238303,5.607955077238303,5.607949081836004,5.607937091042134,5.607919104878146,5.6078951233762275,5.6078651465792895
5.609474665923637,5.609504657336146,5.609528650530579,5.609546645463987,5.609558642104155,5.609564640429607,5.609564640429607,5.609558642104155,5.609546645463987,5.609528650530579,5.609504657336146,5.609474665923637
5.611092530921193,5.611122537024627,5.611146541971859,5.611164545719898,5.611176548236501,5.611182549500178,5.611182549500178,5.611176548236501,5.611164545719898,5.611146541971859,5.611122537024627,5.611092530921193
5.612718750322008,5.612748771191796,5.612772787952166,5.612790800560095,5.61280280898331,5.612808813200295,5.612808813200295,5.61280280898331,5.612790800560095,5.612772787952166,5.612748771191796,5.612718750322008
5.614353332906326,5.614383368617972,5.61440739725189,5.614425418765013,5.614437433125039,5.614443440310434,5.614443440310434,5.614437433125039,5.614425418765013,5.61440739725189,5.614383368617972,5.614353332906326
5.61599628748444,5.616026338113527,5.616050378681459,5.616068409145125,5.616080429472198,5.616086439641122,5.616086439641122,5.616080429472198,5.616068409145125,5.616050378681459,5.616026338113527,5.61599628748444
5.617647622896537,5.617677688518729,5.6177017410812,5.617719780540809,5.617731806865192,5.617737820032776,5.617737820032776,5.617731806865192,5.617719780540809,5.6177017410812,5.617677688518729,5.617647622896537
5.619307348012543,5.619337428703577,5.619361493321183,5.619379541822174,5.619391574174164,5.619397590355556,5.619397590355556,5.619391574174164,5.619379541822174,5.619361493321183,5.619337428703577,5.619307348012543
5.620975471731972,5.6210055675676625,5.621029644301054,5.621047701888921,5.621059740298844,5.621065759509208,5.621065759509208,5.621059740298843,5.621047701888921,5.621029644301054,5.6210055675676625,5.620975471731972
5.62265200298376,5.622682114040004,5.622706202949899,5.6227242696701785,5.6227363141683915,5.622742336422908,5.622742336422908,5.6227363141683915,5.622724269670178,5.622706202949899,5.622682114040004,5.62265200298376
5.624336950726122,5.624367077078894,5.624391178226072,5.624409254124348,5.624421304741244,5.624427330055106,5.624427330055106,5.624421304741244,5.624409254124348,5.624391178226072,5.624367077078894,5.624336950726121
5.626030323946393,5.626060465671747,5.62608457911705,5.626102664238957,5.626114721004956,5.626120749393374,5.626120749393374,5.626114721004956,5.626102664238957,5.62608457911705,5.626060465671746,5.626030323946393
5.627732131660871,5.627762288834938,5.627786414639274,5.627804509030492,5.627816571976048,5.62782260345425,5.62782260345425,5.627816571976048,5.627804509030492,5.627786414639274,5.627762288834938,5.62773213166087
5.629442382914658,5.629472555613654,5.629496693837993,5.62951479754425,5.62952686669985,5.629532901283078,5.629532901283078,5.62952686669985,5.62951479754425,5.629496693837993,5.629472555613653,5.629442382914658
5.631161086781512,5.631191275081729,5.631215425787109,5.631233538854181,5.63124561425034,5.631251651953855,5.631251651953855,5.63124561425034,5.631233538854181,5.631215425787109,5.631191275081729,5.631161086781512
5.632888252363686,5.6329184563415,5.632942619589016,5.632960742062728,5.63297282373,5.632978864569075,5.6329788645690755,5.63297282373,5.63296074206273,5.632942619589016,5.632918456341501,5.632888252363688
5.634623888791769,5.634654108523633,5.634678284374455,5.634696416300681,5.6347085042696445,5.634714548259572,5.634714548259572,5.634708504269645,5.634696416300681,5.634678284374456,5.634654108523633,5.634623888791769
5.636368005224531,5.636398240786983,5.636422429302339,5.636440570727,5.6364526650282745,5.636458712184361,5.6364587121843615,5.6364526650282745,5.636440570727002,5.636422429302339,5.636398240786985,5.636368005224533
5.638120610848768,5.638150862318428,5.638175063559611,5.638193214528683,5.638205315192913,5.638211365530482,5.638211365530482,5.638205315192914,5.638193214528684,5.638175063559613,5.638150862318429,5.63812061084877
5.6398817148791425,5.63991198233271,5.639936196361084,5.639954356920585,5.639966463978453,5.639972517512846,5.639972517512847,5.639966463978453,5.639954356920587,5.639936196361086,5.639911982332713,5.639881714879145
5.641651326558027,5.641681610072285,5.641705836949277,5.641724007145278,5.641736120627495,5.641742177374072,5.641742177374072,5.641736120627498,5.641724007145279,5.64170583694928,5.641681610072288,5.641651326558029
5.643429455155343,5.643459754807159,5.643483994594261,5.643502174472882,5.643514294410199,5.643520354384327,5.643520354384329,5.643514294410199,5.643502174472884,5.643483994594263,5.643459754807162,5.643429455155346
5.645216109968405,5.6452464258347295,5.645270678593501,5.645288868200913,5.645300994624108,5.645307057841182,5.645307057841182,5.64530099462411,5.645288868200915,5.645270678593505,5.645246425834731,5.645216109968407
5.647011300321767,5.647041632479631,5.6470658982717,5.647084097654123,5.647096230594011,5.647102297069435,5.647102297069437,5.647096230594013,5.647084097654127,5.6470658982717055,5.6470416324796355,5.64701130032177
5.6488150355670514,5.648845384093575,5.648869662980636,5.64888787218434,5.648900011671766,5.648906081420968,5.648906081420968,5.6489000116717705,5.648887872184346,5.648869662980643,5.648845384093583,5.64881503556706
5.65062732508281,5.6506576900551915,5.650681982099005,5.650700201170313,5.6507123472361585,5.650718420274576,5.650718420274579,5.6507123472361656,5.650700201170322,5.650681982099016,5.650657690055202,5.650627325082819
5.652448178274339,5.652478559769866,5.652502865032264,5.652521094017546,5.6525332466927285,5.652539323035819,5.652539323035822,5.6525332466927365,5.652521094017559,5.652502865032279,5.652478559769883,5.652448178274354
5.654277604573546,5.654308002669591,5.6543323212124665,5.654350560158148,5.654362719473616,5.654368799136854,5.654368799136859,5.654362719473628,5.654350560158166,5.654332321212488,5.654308002669614,5.6542776045735685
5.656115613438774,5.656146028212791,5.656170360098114,5.656188609050669,5.656200775037403,5.656206858036284,5.656206858036289,5.656200775037419,5.656188609050693,5.656170360098143,5.656146028212822,5.656115613438804
5.657962214354646,5.657992645884179,5.65801699117398,5.658035250179935,5.6580474228689575,5.658053509218986,5.658053509218994,5.658047422868977,5.658035250179967,5.658016991174021,5.657992645884223,5.6579622143546855
5.659817416831907,5.659847865194584,5.659872223950969,5.659890493056901,5.6599026724792605,5.6599087621959665,5.659908762195975,5.659902672479291,5.659890493056947,5.659872223951025,5.659847865194645,5.659817416831964
5.6616812304072655,5.6617116956808005,5.66173606796594,5.66175434721848,5.661766533405265,5.661772626504191,5.661772626504206,5.661766533405306,5.661754347218546,5.661736067966021,5.661711695680886,5.6616812304073445
5.663553664643227,5.663584146905422,5.663608532781559,5.663626822227389,5.663639015209722,5.663645111706432,5.663645111706453,5.663639015209783,5.663626822227481,5.663608532781673,5.663584146905542,5.66355366464334
5.665434729127941,5.665465228456686,5.6654896279861315,5.665507927671986,5.665520127481026,5.665526227391099,5.665526227391128,5.665520127481111,5.665507927672116,5.6654896279862905,5.665465228456854,5.6654347291281
5.667324433475037,5.667354949948305,5.667379363193444,5.66739767316611,5.66740987983305,5.667415983172084,5.667415983172127,5.667409879833169,5.667397673166294,5.667379363193667,5.6673549499485425,5.667324433475261
5.669222787323464,5.669253321019319,5.6692777480426,5.669296068348922,5.66930828190499,5.669314388688607,5.669314388688663,5.66930828190516,5.66929606834918,5.669277748042917,5.669253321019654,5.669222787323778
5.671129800337326,5.671160351333919,5.67118479219787,5.671203122884741,5.671215343361206,5.671221453605038,5.6712214536051215,5.6712153433614425,5.671203122885107,5.671184792198316,5.671160351334393,5.671129800337772
5.67304548220573,5.673076050581301,5.673100505348513,5.673118846462886,5.673131073891052,5.673137187610758,5.673137187610876,5.673131073891387,5.6731188464634,5.673100505349145,5.673076050581972,5.673045482206359
5.674969842642614,5.675000428475492,5.675024897208633,5.675043248797512,5.6750554832087206,5.6750616004199825,5.675061600420147,5.675055483209196,5.6750432487982385,5.675024897209525,5.67500042847644,5.674969842643505
5.676902891386592,5.676933494755192,5.676957977517003,5.676976339627449,5.6769885810530845,5.676994701771603,5.676994701771836,5.676988581053754,5.676976339628476,5.676957977518263,5.676933494756533,5.6769028913878525
5.678844638200788,5.678875259183615,5.678899756036906,5.678918128716039,5.678930377187528,5.678936501429034,5.678936501429361,5.678930377188475,5.67891812871749,5.678899756038686,5.678875259185508,5.678844638202569
5.680795092872671,5.680825731548315,5.680850242555975,5.680868625850975,5.680880881399787,5.680887009180036,5.6808870091805,5.6808808814011265,5.680868625853026,5.68085024255849,5.680825731550991,5.6807950928751865
5.682754265213893,5.682784921661034,5.682809446886023,5.6828278408441335,5.682840103501788,5.682846234836569,5.6828462348372275,5.682840103503679,5.68282784084703,5.682809446889578,5.682784921664816,5.682754265217446
5.684722165060119,5.6847528393575235,5.684777378862881,5.684795783531409,5.684808053329478,5.684814188234626,5.684814188235554,5.68480805333215,5.684795783535502,5.684777378867902,5.684752839362868,5.684722165065139
5.686698802270859,5.686729494497382,5.6867540483462236,5.686772463772547,5.686784740742668,5.68679087923406,5.686790879235371,5.686784740746443,5.686772463778332,5.686754048353318,5.686729494504933,5.686698802277955
5.688684186729303,5.6887148969638766,5.6887394652194,5.688757891450978,5.688770175624855,5.6887763177184345,5.688776317720286,5.68877017563019,5.688757891459151,5.688739465229426,5.688714896974545,5.688684186739329
5.6906783283421305,5.690709056663771,5.69073363938926,5.690752076473636,5.690764367883066,5.690770513594849,5.690770513597467,5.690764367890601,5.690752076485184,5.690733639403424,5.690709056678844,5.690678328356295
5.692681237039339,5.692711983527137,5.692736580785963,5.692755028770787,5.692767327447665,5.692773476793784,5.692773476797481,5.692767327458315,5.692755028787099,5.692736580805977,5.692711983548434,5.69268123705935
5.6946929227740455,5.694723687507165,5.6947482993627965,5.694766758295831,5.6947790642722005,5.694785217268918,5.694785217274145,5.694779064287244,5.694766758318881,5.69474829939107,5.694723687537253,5.69469292280232
5.696713395522288,5.696744178579949,5.696768805095964,5.696787275025125,5.696799588333198,5.6968057449969765,5.696805745004356,5.696799588354454,5.696787275057688,5.696768805135909,5.696744178622457,5.696713395562232
5.698742665282795,5.698773466744271,5.698798107984361,5.69881658895775,5.698828909629981,5.698835069977539,5.69883506998797,5.69882890966001,5.6988165890037585,5.698798108040798,5.698773466804328,5.698742665339231
5.700780742076751,5.70081156202134,5.700836218049343,5.700854710115298,5.700867038184458,5.700873202232884,5.700873202247619,5.7008670382268845,5.700854710180298,5.700836218129075,5.70081156210619,5.700780742156483
5.702827635947504,5.70285847445451,5.70288314533442,5.702901648541603,5.702913984040899,5.702920151807785,5.702920151828601,5.702913984100837,5.702901648633434,5.7028831454470685,5.702858474574385,5.7028276360601495
5.704883356960235,5.704914214108929,5.7049388999049535,5.70495741430244,5.704969757265678,5.704975928769324,5.704975928798734,5.7049697573503595,5.704957414432179,5.704938900064102,5.704914214278292,5.704883357119382
5.706947915201566,5.706978791071133,5.7070034918477255,5.707022017485172,5.70703436794699,5.707040543206692,5.707040543248243,5.707034368066629,5.70702201766847,5.707003492072572,5.7069787913104095,5.706947915426409
5.709021320779045,5.709052215448512,5.709076931270461,5.709095468198312,5.70910782619451,5.709114005230957,5.709114005289658,5.709107826363538,5.709095468457276,5.709076931588129,5.709052215786565,5.7090213210967065
5.711103583820521,5.7111344973686515,5.711159228301179,5.71117777657097,5.7111901421389675,5.71119632497481,5.711196325057745,5.711190142377771,5.7111777769368395,5.711159228749983,5.7111344978462535,5.711103584269316
5.713194714473294,5.713225646978438,5.713250393087355,5.713268952752138,5.713281325931636,5.7132875125922915,5.7132875127094636,5.71328132626902,5.713268953269041,5.713250393721427,5.7132256476532,5.713194715107357
5.715294722903014,5.715325674442896,5.715350435794802,5.715369006909757,5.715381387743652,5.715387578258442,5.715387578423984,5.7153813882203135,5.715369007640042,5.715350436690625,5.7153256753962065,5.715294723798822
5.717403619292148,5.717434589943586,5.717459366606171,5.717477949229448,5.7174903377651525,5.717496532168892,5.717496532402772,5.717490338438584,5.717477950261202,5.717459367871799,5.71743459129043,5.7174036205577545
5.71952141383794,5.71955240367641,5.719577195718872,5.719595789912805,5.719608186204077,5.719614384539353,5.719614384869782,5.719608187155506,5.719595791370478,5.719577197506963,5.719552405579243,5.719521415626002
5.721648116749544,5.7216791258485955,5.721703933342237,5.721722539175036,5.721734943284597,5.7217411456049545,5.721741146071787,5.7217349446287855,5.721722541234447,5.72170393586847,5.7216791285369375,5.721648119275732
5.72378373824406,5.7238147666744865,5.72383958969354,5.7238582072417,5.723870619244912,5.723876825619381,5.723876826278925,5.723870621143995,5.723858210151258,5.723839593262625,5.723814770472602,5.723783741813083
5.72592828854101,5.725959336369667,5.725984174992481,5.726002804344178,5.726015224334245,5.7260214348537115,5.726021435785523,5.726015227017288,5.726002808454827,5.725984180034917,5.72595934173568,5.725928293583362
5.728081777854591,5.728112845142726,5.728137699453428,5.728156340713312,5.7281687688086365,5.728174983594866,5.728174984911338,5.728168772599265,5.728156346520876,5.728137706577429,5.728112852723882,5.728081784978473
5.730244216382792,5.7302753031836975,5.730300173274544,5.730318826570521,5.730331262925079,5.730337482143453,5.730337484003377,5.730331268280514,5.730318834775502,5.7303001833394,5.730275313894425,5.73024422644748
5.7324156142920915,5.732446720647777,5.732471606622488,5.732490272115284,5.732502716933295,5.732508940810806,5.732508943438526,5.732502724499505,5.732490283707359,5.732471620842212,5.732446735779994,5.7324156285115775
5.734595981695915,5.734627107632413,5.734652009610855,5.734670687507549,5.7346831410641945,5.734689369914864,5.734689373627333,5.734683151753806,5.734670703884943,5.734652029700618,5.734627129011353,5.7345960017853415
5.73678532862426,5.736816474144991,5.736841392269817,5.736860082842924,5.7368725455136165,5.736878779774413,5.736878785019423,5.736872560616001,5.73686010598106,5.736841420652825,5.736816504349361,5.736785357006791
5.738983664980842,5.739014830057251,5.739039764503263,5.739058468117716,5.739070940419434,5.739077180701001,5.7390771881112,5.739070961756228,5.739058500807497,5.739039804603048,5.739014872730274,5.738983705079954
5.741191000482664,5.741222185040994,5.741247136028364,5.7412658531796,5.7412783358292705,5.741284582987581,5.741284593456783,5.741278365974095,5.741265899364036,5.741247192681723,5.741222245329847,5.741191057135072
5.7434073445746945,5.743438548477308,5.743463516290252,5.743482247657989,5.743494741654925,5.743500996892503,5.743501011683488,5.74349478424382,5.743482312907799,5.743463596330658,5.743438633653975,5.743407424613758
5.7456327063094506,5.74566392932848,5.745688914341599,5.745707660865739,5.74572016760804,5.745726432616891,5.745726453513735,5.745720227778035,5.74570775305129,5.74568902742345,5.745664049666891,5.745632819389402
5.747867094177017,5.747898335957189,5.747923338672644,5.747942101660375,5.747954623109209,5.747960900272681,5.747960929795937,5.747954708117941,5.747942231900998,5.747923498435766,5.7478985059724526,5.747867253937456
5.750110515865146,5.750141775871356,5.750166796971276,5.7501855782481215,5.750198117159526,5.750204409837278,5.750204451548002,5.750198237260648,5.750185762253301,5.750167022686151,5.7501420160705665,5.750110741576233
5.752362977920713,5.752394255364161,5.752419295784479,5.752438097907186,5.752450658158969,5.752456971089189,5.752457030018465,5.752450827838913,5.752438357871425,5.75241961467664,5.752394594719962,5.752363296807518
5.7546244852721085,5.754655779006363,5.754680840040743,5.754699666597025,5.754712253649444,5.754718593516352,5.754718676772107,5.754712493374711,5.754700033876892,5.754681290574716,5.754656258451648,5.754624935798514
5.756895040555842,5.756926348930751,5.756951432376622,5.756970288406679,5.7569829099510335,5.756989286185124,5.756989403809421,5.756983248636719,5.75697080730295,5.756952068895544,5.7569270262960766,5.75689567706407
5.759174643167647,5.759205963824461,5.75923107218785,5.759249964776033,5.7592626316465605,5.759269057552263,5.759269223732392,5.759263110143731,5.759250697877031,5.7592319714684495,5.759206920813849,5.759175542433133
5.761463287926746,5.761494617511609,5.761519754293573,5.76153869339683,5.761551420850427,5.761557915193421,5.761558149972727,5.761552096872658,5.761539729127344,5.761521024807346,5.761495969558476,5.761464558419166
5.763760963198141,5.763792296962943,5.763817467058602,5.763836466662436,5.763849276169819,5.763855865408182,5.763856197102524,5.763850231252276,5.763837929948276,5.763819262056678,5.763794207155859,5.7637627581660436
5.766067648257953,5.766098979507333,5.76612418975872,5.766143269482365,5.766156191225952,5.766162912639742,5.766163381249951,5.766157540554082,5.7661453368157956,5.766126725759859,5.766101678267612,5.766070184216458
5.768383309606469,5.768414628937406,5.768439888893663,5.768459076204112,5.768472152543576,5.768479058611753,5.7684797206406735,5.768474058831041,5.768461996924294,5.768443471808367,5.768418441828004,5.768386892460928
5.7707078958273605,5.770739190094542,5.770764513046249,5.770783846283445,5.770797136529158,5.770804301024999,5.770805236272442,5.7707998296032255,5.770787972630805,5.770769575095869,5.770744577130399,5.7707129577918534
5.773041330456061,5.773072581384936,5.773097985750637,5.773117518206453,5.77313110512703,5.773138631554577,5.773139952689508,5.773134909543094,5.773123347755152,5.773105137655055,5.773080192627752,5.773048482240181
5.775383502155716,5.775414684522129,5.775440195668125,5.775460000982961,5.775473999546674,5.775482032711291,5.775483898723458,5.77547937345612,5.775468236514361,5.7754503004501,5.775425438774793,5.775393606767692
5.777734251316356,5.7777653306293795,5.7777909831860885,5.77781116229519,5.777825731160791,5.7778344728220175,5.777837107839894,5.777833320843037,5.777822796186932,5.777805260633203,5.777780527011446,5.777748528523212
5.780093352024158,5.7801242817084395,5.780150122386958,5.7801708121017885,5.78018616824138,5.780195897844914,5.780199617241889,5.78019688415708,5.780187245016849,5.780170297130499,5.780145758341638,5.780113526428094
5.782460488265928,5.782491206474097,5.782517297252316,5.782538680200389,5.782555116586631,5.782566217810448,5.7825714638645795,5.782570238263296,5.782561887322162,5.7825458092464554,5.782521567493688,5.7824889997799005
5.784835223379889,5.784865649814918,5.784892071113196,5.784914386042704,5.784932291288859,5.784945284148745,5.78495267334975,5.784953608915426,5.7849471479615895,5.784932376226548,5.784908593775078,5.784875527813967
5.787216962377555,5.787246995900577,5.787273848971373,5.787297399214124,5.787317276036895,5.787332851815436,5.787343234145387,5.787347273762832,5.78734361705291,5.787330851582268,5.787307801206875,5.787273964026503
5.789604908192213,5.789634426507278,5.7896618337471875,5.789686989913296,5.789709465952237,5.789728517065728,5.789743041796445,5.789751539083509,5.789752099047891,5.789742515975708,5.789720699558744,5.789685589055697
5.791998015544647,5.7920268787157125,5.792054980144595,5.792082171306838,5.79210799137752,5.792131619297876,5.792151787501287,5.792166652343375,5.792173634696191,5.792169324323116,5.79214980258892,5.792112357778027
5.794394950103312,5.794423009646703,5.794451953810766,5.794481640815046,5.79451162599607,5.794541098307997,5.794568753643829,5.794592565180108,5.794609380163086,5.7946142611207785,5.794599745769696,5.794557254616595
5.796794065236632,5.796821179386011,5.796851108088125,5.796883735620801,5.796918696981043,5.796955317814068,5.796992487126838,5.797028398129065,5.797059983226779,5.797081517802118,5.797080588315943,5.797024470846457
5.795580016824076,5.799219464443578,5.799250493429096,5.799286426518313,5.79932703843939,5.799371918814542,5.799420408922839,5.7994714870122,5.799523566866309,5.799574168614452,5.79961954891381,5.795783585643506
