6.624910284182041,6.624930118626324,6.624948011871448,6.624930118626324,6.624910284182041
6.624890449737759,6.624944129503987,6.624962022809867,6.624944129503987,6.624890449737759
6.624948011216691,6.625001691709088,6.625019585257023,6.625001691709088,6.624948011216691
6.625049124035777,6.625102805798255,6.6251206997695515,6.625102805798255,6.625049124035777
6.625193789139689,6.625247472716181,6.625265367292155,6.625247472716181,6.625193789139689
6.625382007861174,6.625435693795648,6.625453589157618,6.625435693795648,6.625382007861174
6.625613781921072,6.625667470757533,6.625685367086839,6.625667470757533,6.625613781921072
6.625889113428351,6.625942805710851,6.625960703188842,6.625942805710851,6.625889113428351
6.626208004880123,6.626261701152777,6.626279599960826,6.626261701152777,6.626208004880123
6.626570459161707,6.626624159968693,6.626642060288193,6.626624159968693,6.626570459161707
6.626976479546663,6.627030185432231,6.627048087444601,6.627030185432231,6.626976479546663
6.6274260696968375,6.62747978120533,6.627497685092019,6.62747978120533,6.6274260696968375
6.627919233662443,6.62797295133829,6.627990857280773,6.62797295133829,6.627919233662443
6.628455975882102,6.6285097002698405,6.628527608449633,6.6285097002698405,6.628455975882102
6.629036301182937,6.629090032827213,6.629107943425863,6.629090032827213,6.629036301182937
6.629660214780633,6.629713954226215,6.629731867425315,6.629713954226215,6.629660214780633
6.630327722279533,6.6303814700713195,6.6303993860525,6.6303814700713195,6.630327722279533
6.631038829672723,6.631092586355749,6.631110505300694,6.631092586355749,6.631038829672723
6.631793543342128,6.63184730946158,6.631865231552014,6.63184730946158,6.631793543342128
6.6325918700586195,6.632645646159839,6.632663571577547,6.632645646159839,6.6325918700586195
6.633433816982121,6.633487603610616,6.633505532537435,6.633487603610616,6.633433816982121
6.634319391661727,6.634373189363181,6.634391121981006,6.634373189363181,6.634319391661727
6.635248602035822,6.635302411356102,6.635320347846889,6.635302411356102,6.635248602035822
6.636221456432208,6.636275277917376,6.636293218463148,6.636275277917376,6.636221456432208
6.637237963568248,6.637291797764567,6.637309742547409,6.637291797764567,6.637237963568248
6.63829813255099,6.638351980004934,6.638369929207008,6.638351980004934,6.63829813255099
6.639401972877332,6.639455834135598,6.639473787939136,6.639455834135598,6.639401972877332
6.6405494944341665,6.640603370043677,6.6406213286309885,6.640603370043677,6.6405494944341665
6.64174070749854,6.641794598006459,6.641812561559933,6.641794598006459,6.64174070749854
6.642975622737823,6.643029528691561,6.643047497393667,6.643029528691561,6.642975622737823
6.644254251209875,6.644308173157102,6.644326147190399,6.644308173157102,6.644254251209875
6.645576604363236,6.645630542851884,6.645648522399017,6.645630542851884,6.645576604363236
6.6469426940373,6.646996649615579,6.647014634859285,6.646996649615579,6.6469426940373
6.64835253246251,6.648406505678912,6.648424496802023,6.648406505678912,6.64835253246251
6.64980613226056,6.6498601236638715,6.649878120849317,6.6498601236638715,6.64980613226056
6.6513035064445925,6.651357516583902,6.651375520014714,6.651357516583902,6.6513035064445925
6.652844668419413,6.652898697844123,6.652916707703435,6.652898697844123,6.652844668419413
6.654429631981712,6.65448368124154,6.654501697712592,6.65448368124154,6.654429631981712
6.65605841132027,6.656112480965269,6.656130504231412,6.656112480965269,6.65605841132027
6.657731021016208,6.657785111596767,6.657803141841468,6.657785111596767,6.657731021016208
6.659447476043216,6.65950158811007,6.659519625516905,6.65950158811007,6.659447476043216
6.661207791767784,6.661261925872029,6.661279970624701,6.661261925872029,6.661207791767784
6.6630119839494695,6.663066140642567,6.663084192924895,6.663066140642567,6.6630119839494695
6.664860068741142,6.664914248574927,6.664932308570856,6.664914248574927,6.664860068741142
6.666752062689241,6.666806266215934,6.666824334109542,6.666806266215934,6.666752062689241
6.668687982734052,6.668742210506269,6.668760286481759,6.668742210506269,6.668687982734052
6.6706678462099775,6.670722098780734,6.670740183022448,6.670722098780734,6.6706678462099775
6.672691670845814,6.672745948768542,6.6727640414609555,6.672745948768542,6.672691670845814
6.674759474765042,6.674813778593592,6.674831879921326,6.674813778593592,6.674759474765042
6.676871276486125,6.676925606774778,6.676943716922592,6.676925606774778,6.676871276486125
6.6790270949227954,6.679081452226272,6.679099571379073,6.679081452226272,6.6790270949227954
6.68122694938437,6.681281334257841,6.681299462600689,6.681281334257841,6.68122694938437
6.6834708595760635,6.6835252725751575,6.683543410293264,6.6835252725751575,6.6834708595760635
6.685758845599303,6.6858132872801175,6.685831434558844,6.6858132872801175,6.685758845599303
6.688090927952056,6.688145398871162,6.688163555896038,6.688145398871162,6.688090927952056
6.690467127529159,6.690521628243615,6.690539795200326,6.690521628243615,6.690467127529159
6.692887465622659,6.6929419966900205,6.692960173764417,6.6929419966900205,6.692887465622659
6.695351963922157,6.695406525900481,6.6954247132785865,6.695406525900481,6.695351963922157
6.697860644515159,6.6979152379630165,6.697933435831022,6.6979152379630165,6.697860644515159
6.700413529887433,6.70046815536392,6.700486363908192,6.70046815536392,6.700413529887433
6.703010642923374,6.7030653009881185,6.7030835203951975,6.7030653009881185,6.703010642923374
6.705652006906373,6.705706698119542,6.705724928576155,6.705706698119542,6.705652006906373
6.708337645519193,6.7083923704415085,6.708410612134561,6.7083923704415085,6.708337645519193
6.711067582844358,6.711122342037099,6.711140595153685,6.711122342037099,6.711067582844358
6.713841843364536,6.713896637389551,6.713914902116956,6.713896637389551,6.713841843364536
6.716660451962937,6.7167152813826565,6.716733557908357,6.7167152813826565,6.716660451962937
6.719523433923722,6.719578299301162,6.719596587812831,6.719578299301162,6.719523433923722
6.722430814932402,6.7224857168311765,6.722504017516689,6.7224857168311765,6.722430814932402
6.725382621076264,6.725437560060593,6.725455873108022,6.725437560060595,6.725382621076264
6.728378878844783,6.728433855479507,6.728452181077131,6.728433855479507,6.728378878844783
6.7314196151300605,6.7314746299806405,6.731492968316951,6.731474629980642,6.7314196151300605
6.734504857227256,6.734559910859789,6.734578262123488,6.7345599108597956,6.734504857227256
6.737634632835026,6.737689725816253,6.737708090196259,6.737689725816271,6.737634632835026
6.740808970055977,6.740864102953276,6.740882480638742,6.740864102953344,6.740808970055977
6.744027897397119,6.744083070778483,6.744101461958832,6.744083070778736,6.744027897397119
6.747291443770328,6.747346658204238,6.747365063069299,6.7473466582051795,6.747291443770328
6.750599638492811,6.750654894547743,6.7506733132882655,6.750654894551255,6.750599638492811
6.753952511287586,6.754007809530138,6.754026242339664,6.754007809543241,6.753952511287586
6.7573500922839544,6.757405433271833,6.757423880353742,6.757405433320734,6.757350092283954
6.760792412018002,6.760847796273827,6.760866257867525,6.76084779645633,6.760792412017999
6.764279501433079,6.764334929346603,6.764353405825319,6.764334930027713,6.764279501433068
6.767811391880275,6.767866863343448,6.767885355579187,6.767866865885397,6.767811391880233
6.771388115118779,6.771443628163906,6.771462138889266,6.771443637650636,6.771388115118621
6.775009703315438,6.7750652490335685,6.775083787923288,6.775065284438697,6.775009703314849
6.778676189039617,6.778731732620684,6.778750335251197,6.778731864755062,6.778676189037417
6.782387605230241,6.782443015233373,6.782461813811333,6.782443508367978,6.782387605222026
6.786143984999352,6.786198769558608,6.786218256710763,6.786200609970939,6.786143984968688
6.789945360477816,6.789997683817019,6.790019696058971,6.790004552362688,6.789945360363348
6.793791756059764,6.793834773963629,6.793866156167476,6.7938604078494915,6.793791755632471
6.797683148931433,6.797691366891497,6.7977576139115765,6.797787034320524,6.797683147336388
6.801619238661854,6.801497800153575,6.8016937676986355,6.801854837593593,6.801619232707691
6.799618038555961,6.804994699082069,6.805672690911425,6.806327187422266,6.799665866314469
