9.71318086185053,9.713209856155327,9.71324061546871,9.713209856155327,9.71318086185053
9.713151867545733,9.713244145677955,9.713274905151957,9.713244145677955,9.713151867545733
9.713240614361254,9.713332893750328,9.713363653643285,9.713332893750328,9.713240614361254
9.713383819713064,9.713476101133999,9.713506861704246,9.713476101133999,9.713383819713064
9.713581484852474,9.713673769080309,9.713704530586194,9.713673769080309,9.713581484852474
9.713833611520597,9.713925899330413,9.713956662030295,9.713925899330413,9.713833611520597
9.71414020194837,9.7142324941153,9.714263258267566,9.7142324941153,9.71414020194837
9.714501258856599,9.71459355615585,9.714624322018894,9.71459355615585,9.714501258856599
9.714916785455992,9.715009088662839,9.715039856495096,9.715009088662839,9.714916785455992
9.715386785447215,9.71547909533703,9.715509865396953,9.71547909533703,9.715386785447215
9.715911263020946,9.716003580369199,9.716034352915282,9.716003580369199,9.715911263020946
9.716490222857946,9.716582548440222,9.716613323730993,9.716582548440222,9.716490222857946
9.717123670129126,9.717216004721134,9.717246783015167,9.717216004721134,9.717123670129126
9.71781161049563,9.717903954873222,9.717934736429132,9.717903954873222,9.71781161049563
9.718554050108935,9.718646405048101,9.718677190124556,9.718646405048101,9.718554050108935
9.71935099561092,9.719443361887823,9.719474150743544,9.719443361887823,9.71935099561092
9.720202454134002,9.720294832524973,9.720325625418738,9.720294832524973,9.720202454134002
9.721108433301227,9.72120082458278,9.721231621773427,9.72120082458278,9.721108433301227
9.722068941226395,9.722161346175241,9.722192147921678,9.722161346175241,9.722068941226395
9.723083986514187,9.723176405907248,9.723207212468449,9.723176405907248,9.723083986514187
9.724153578260303,9.72424601287472,9.724276824509731,9.72424601287472,9.724153578260303
9.725277726051603,9.725370176664743,9.725400993632695,9.725370176664743,9.725277726051603
9.726456439966242,9.726548907355731,9.72657972991583,9.726548907355731,9.726456439966242
9.727689730573866,9.727782215517573,9.727813043929103,9.727782215517573,9.727689730573866
9.728977608935724,9.729070112211794,9.729100946734146,9.729070112211794,9.728977608935724
9.730320086604898,9.730412608991747,9.730443449884394,9.730412608991747,9.730320086604898
9.731717175626438,9.731809717902781,9.731840565425294,9.731809717902781,9.731717175626438
9.733168888537572,9.733261451482427,9.733292305894482,9.733261451482427,9.733168888537572
9.734675238367902,9.7347678227606,9.734798684321975,9.7347678227606,9.734675238367902
9.736236238639606,9.73632884525981,9.736359714230389,9.73632884525981,9.736236238639606
9.737851903367648,9.737944532995352,9.73797540963514,9.737944532995352,9.737851903367648
9.739522247059993,9.739614900475551,9.739645785044669,9.739614900475551,9.739522247059993
9.741247284717847,9.741339962701973,9.741370855460659,9.741339962701973,9.741247284717847
9.743027031835881,9.743119735169667,9.743150636378282,9.743119735169667,9.743027031835881
9.74486150440248,9.744954233867398,9.744985143786439,9.744954233867398,9.74486150440248
9.746750718899985,9.746843475277915,9.746874394168007,9.746843475277915,9.746750718899985
9.748694692304962,9.74878747637819,9.748818404500097,9.74878747637819,9.748694692304962
9.750693442088462,9.7507862546397,9.750817192254324,9.7507862546397,9.750693442088462
9.752746986216291,9.752839828028684,9.752870775397078,9.752839828028684,9.752746986216291
9.7548553431493,9.75494821500644,9.754979172389806,9.75494821500644,9.7548553431493
9.75701853184367,9.757111434529609,9.757142402189295,9.757111434529609,9.75701853184367
9.759236571751204,9.759329506050467,9.759360484247985,9.759329506050467,9.759236571751204
9.761509482819642,9.761602449517238,9.761633438514256,9.761602449517238,9.761509482819642
9.763837285492968,9.763930285374396,9.763961285432753,9.763930285374396,9.763837285492968
9.76622000071173,9.766313034562998,9.766344045944695,9.766313034562998,9.76622000071173
9.768657649913358,9.768750718520998,9.768781741488219,9.768750718520998,9.768657649913358
9.771150255032529,9.771243359183604,9.771274393998693,9.771243359183604,9.771150255032529
9.773697838501478,9.773790978983588,9.773822025909089,9.773790978983588,9.773697838501478
9.776300423250367,9.776393600851675,9.776424660150308,9.776393600851675,9.776300423250367
9.778958032707646,9.779051248216877,9.779082320151552,9.779051248216877,9.778958032707646
9.781670690800407,9.781763945006869,9.78179502984069,9.781763945006869,9.781670690800407
9.784438421954771,9.784531715648367,9.784562813644635,9.784531715648367,9.784438421954771
9.787261251096274,9.7873545850675,9.787385696489718,9.7873545850675,9.787261251096274
9.79013920365023,9.790232578690215,9.790263703802093,9.790232578690215,9.79013920365023
9.79307230554218,9.793165722442666,9.793196861508118,9.793165722442666,9.79307230554218
9.796060583198237,9.796154042751615,9.796185196034777,9.796154042751615,9.796060583198237
9.799104063545554,9.799197566544867,9.799228734310082,9.799197566544867,9.799104063545554
9.802202774012716,9.80229632125167,9.802327503763513,9.80229632125167,9.802202774012716
9.805356742530183,9.80545033480316,9.805481532326423,9.80545033480316,9.805356742530183
9.80856599753071,9.808659635632786,9.808690848432498,9.808659635632786,9.80856599753071
9.811830567949821,9.811924252676771,9.81195548101819,9.811924252676771,9.811830567949821
9.81515048322624,9.815244215374552,9.815275459523175,9.815244215374552,9.81515048322624
9.818525773302358,9.818619553669247,9.818650813890818,9.818619553669247,9.818525773302358
9.821956468624712,9.822050298008133,9.822081574568632,9.822050298008133,9.821956468624712
9.825442600144449,9.825536479343103,9.825567772508773,9.825536479343103,9.825442600144449
9.828984199317823,9.82907812913118,9.829109439168501,9.82907812913118,9.828984199317823
9.832581298106675,9.832675279334975,9.832706606510706,9.832675279334975,9.832581298106675
9.83623392897895,9.836327962423228,9.836359307004379,9.836327962423228,9.83623392897895
9.839942124909207,9.840036211371288,9.84006757362513,9.840036211371288,9.839942124909207
9.843705919379108,9.843800059661636,9.843831439855727,9.843800059661636,9.843705919379108
9.84752534637798,9.847619541284422,9.84765093968658,9.847619541284423,9.84752534637798
9.851400440403328,9.851494690737985,9.85152610761632,9.851494690737992,9.851400440403328
9.855331236461378,9.855425543029398,9.855456978652303,9.855425543029424,9.855331236461378
9.859317770067634,9.859412133675004,9.859443588311176,9.859412133675107,9.859317770067634
9.863360077247428,9.86345449870094,9.863485972619447,9.863454498701321,9.863360077247428
9.867458194536487,9.86755267464353,9.867584168114021,9.86755267464496,9.867458194536487
9.871612158981515,9.871706698549339,9.871738211842796,9.87170669855467,9.871612158981515
9.875822008140757,9.875916607973622,9.87594814136524,9.875916607993517,9.875822008140757
9.880087780084605,9.880182440973131,9.880213994752976,9.880182441047381,9.880087780084603
9.88440951339618,9.884504236077595,9.884535810590371,9.884504236354704,9.884409513396175
9.88878724717189,9.888882032181648,9.888913627975098,9.888882033215832,9.888787247171871
9.893221021021782,9.893315868140014,9.893347486518467,9.893315871999665,9.893221021021708
9.897710875068535,9.897805781255574,9.89783742634441,9.89780579566007,9.897710875068258
9.90225684993869,9.9023518016385,9.90238348808057,9.902351855397107,9.902256849937656
9.906858986708071,9.906953931172401,9.906985712803358,9.906954131803344,9.906858986704211
9.911517326579926,9.91161206512927,9.911644141714554,9.91161281389826,9.91151732656552
9.916231909002605,9.916325700308494,9.916358814253375,9.916328494767761,9.916231908948825
9.921002760683598,9.921092849748117,9.921129757089613,9.921103278869388,9.921002760482853
9.925829831511045,9.925906015424058,9.925956919967623,9.92594493764846,9.925829830761717
9.930712620908132,9.930737292570994,9.930839801773782,9.930882553088551,9.93071261811108
9.935647999443436,9.935483561847832,9.935775271091211,9.936025684460484,9.935647989002714
9.933129009868948,9.939766511524656,9.94074486343754,9.941789751785608,9.933201629690783
