2.380516642083978,2.3805307057752474,2.380540651784315,2.3805307057752474,2.380516642083978
2.3805025783927087,2.380532416315644,2.3805423623525632,2.380532416315644,2.3805025783927087
2.380540650815409,2.3805704897816913,2.3805804361663974,2.3805704897816913,2.380540650815409
2.3806150862179525,2.3806449271874195,2.3806548742398626,2.3806449271874195,2.3806150862179525
2.380725886362656,2.3807557302952453,2.3807656783354085,2.3807557302952453,2.380725886362656
2.3808730537602583,2.380902901616049,2.3809128509639637,2.380902901616049,2.3808730537602583
2.381056591670026,2.3810864444092865,2.3810963953850455,2.3810864444092865,2.381056591670026
2.381276504099902,2.381306362683133,2.381316315606908,2.381306362683133,2.381276504099902
2.381532795806682,2.3815626611946614,2.3815726163867166,2.3815626611946614,2.381532795806682
2.3818254722962293,2.3818553454500595,2.381865303230766,2.3818553454500595,2.3818254722962293
2.3821545398237234,2.3821844217048733,2.382194382394725,2.3821844217048733,2.3821545398237234
2.3825200053939404,2.3825498969642913,2.3825598608839202,2.3825498969642913,2.3825200053939404
2.3829218767615696,2.382951778983462,2.3829617464536517,2.382951778983462,2.3829218767615696
2.3833601624315652,2.383390076267841,2.383400047609543,2.383390076267841,2.3833601624315652
2.383834871659532,2.3838647980735796,2.3838747736079284,2.3838647980735796,2.383834871659532
2.3843460144521402,2.3843759544079424,2.3843859344562692,2.3843759544079424,2.3843460144521402
2.384893601567585,2.3849235560297615,2.384933540913611,2.3849235560297615,2.384893601567585
2.3854776445160706,2.3855076144499234,2.385517604491067,2.3855076144499234,2.3854776445160706
2.3860981555603353,2.386128141931895,2.3861381374523463,2.386128141931895,2.3860981555603353
2.3867551477162054,2.3867851514922735,2.3867951528143054,2.3867851514922735,2.3867551477162054
2.3874486347531874,2.387478656901386,2.387488664347543,2.387478656901386,2.3874486347531874
2.388178631195097,2.3882086726839082,2.388218686577022,2.3882086726839082,2.388178631195097
2.3889451523207117,2.388975214119528,2.3889852347827336,2.388975214119528,2.3889451523207117
2.3897482141644724,2.3897782972436383,2.3897883250003877,2.3897782972436383,2.3897482141644724
2.390587833517207,2.3906179388480666,2.390627974022146,2.3906179388480666,2.390587833517207
2.3914640279268986,2.3914941564818384,2.39150419939738,2.3914941564818384,2.3914640279268986
2.3923768156994782,2.3924069684519735,2.3924170194334753,2.3924069684519735,2.3923768156994782
2.3933262158996595,2.3933563938243214,2.3933664531966565,2.3933563938243214,2.3933262158996595
2.394312248351806,2.394342452424424,2.394352520512861,2.394342452424424,2.394312248351806
2.395334933640831,2.39536516483842,2.395375241968634,2.39536516483842,2.395334933640831
2.3963942931131346,2.39642455241398,2.39643463891207,2.39642455241398,2.3963942931131346
2.397490348877573,2.3975206372612754,2.39753073345378,2.3975206372612754,2.397490348877573
2.3986231238064644,2.398653442253986,2.398663548467897,2.398653442253986,2.3986231238064644
2.3997926415366284,2.3998229910303372,2.399833107593115,2.3998229910303372,2.3997926415366284
2.4009989264704585,2.401029307994177,2.4010394352337663,2.401029307994177,2.4009989264704585
2.402242003777036,2.402272418316082,2.4022825565609263,2.402272418316082,2.402242003777036
2.4035218993932657,2.4035523479345025,2.403562497513561,2.4035523479345025,2.4035218993932657
2.404838640025063,2.404869123556942,2.4048792847997023,2.404869123556942,2.404838640025063
2.4061922531485602,2.406222772661168,2.4062329458976635,2.406222772661168,2.4061922531485602
2.407582767011358,2.4076133234964616,2.4076235090572866,2.4076133234964616,2.407582767011358
2.409010210633807,2.4090408050849006,2.409051003301223,2.4090408050849006,2.409010210633807
2.410474613810325,2.4105052472226745,2.4105154584262545,2.4105052472226745,2.410474613810325
2.4119760071107508,2.41200668048144,2.4120169050046436,2.41200668048144,2.4119760071107508
2.413514421881728,2.4135451362097067,2.413555374385521,2.4135451362097067,2.413514421881728
2.415089890248132,2.4151206465342594,2.4151308986963085,2.4151206465342594,2.415089890248132
2.416702445114524,2.4167332443616156,2.416743510844176,2.4167332443616156,2.416702445114524
2.418352120166644,2.4183829633795177,2.418393244517533,2.4183829633795177,2.418352120166644
2.4200389498729367,2.4200698380584607,2.4200801341875575,2.4200698380584607,2.4200389498729367
2.421762969486118,2.4217939036532536,2.4218042151097574,2.4217939036532536,2.421762969486118
2.423524215044767,2.4235551962046182,2.4235655233255677,2.4235551962046182,2.423524215044767
2.4253227233749617,2.42535375254082,2.425364095663984,2.42535375254082,2.4253227233749617
2.4271585320919464,2.427189610279338,2.4271999697432296,2.427189610279338,2.4271585320919464
2.429031679601835,2.4290628078285668,2.429073183972459,2.4290628078285668,2.429031679601835
2.4309422051033476,2.4309733843895533,2.4309837775534957,2.4309733843895533,2.4309422051033476
2.4328901485895846,2.4329213799577745,2.4329317904826073,2.4329213799577745,2.4328901485895846
2.434875550849839,2.4349068353249415,2.434917263552313,2.4349068353249415,2.434875550849839
2.4368984534714353,2.436929792080848,2.4369402383532286,2.436929792080848,2.4368984534714353
2.438958898841614,2.43899029261525,2.439000757275947,2.43899029261525,2.438958898841614
2.441056930149443,2.4410883801197762,2.4410988635129534,2.4410883801197762,2.441056930149443
2.4431925913877732,2.4432240985898863,2.443234601060575,2.4432240985898863,2.4431925913877732
2.4453659273552195,2.4453974928268516,2.44540801472097,2.4453974928268516,2.4453659273552195
2.4475769836581875,2.4476086084397806,2.4476191501041473,2.4476086084397806,2.4475769836581875
2.449825806712929,2.4498574918476765,2.449868053630026,2.4498574918476765,2.449825806712929
2.452112443747636,2.452144190281529,2.452154772530531,2.452144190281529,2.452112443747636
2.454436942804572,2.4544687517864463,2.454479354851716,2.4544687517864463,2.454436942804572
2.4567993527422325,2.4568312252238185,2.4568418494559383,2.4568312252238185,2.4567993527422325
2.4591997232375533,2.459231660273521,2.459242306024051,2.459231660273521,2.4591997232375533
2.461638104788141,2.4616701074361504,2.4616807750576495,2.4616701074361504,2.461638104788141
2.464114548714551,2.464146618035297,2.464157307881335,2.464146618035297,2.464114548714551
2.4666291071625945,2.466661244219858,2.4666719566450324,2.4666612442198583,2.4666291071625945
2.4691818331056847,2.4692140389663786,2.469224774326333,2.46921403896638,2.4691818331056847
2.471772780347219,2.471805056081437,2.471815814732874,2.47180505608144,2.471772780347219
2.474402003522996,2.4744343502040587,2.4744451325047603,2.4744343502040707,2.474402003522996
2.4770695581036724,2.4771019768081692,2.477112783117019,2.4771019768082123,2.4770695581036724
2.4797755003972517,2.4798079922050666,2.4798188228820877,2.4798079922052274,2.4797755003972517
2.4825198875516112,2.4825524535458863,2.482563308952346,2.482552453546486,2.4825198875516112
2.485302777557071,2.485335418823932,2.485346299322675,2.4853354188261694,2.485302777557071
2.4881242292489865,2.4881569468763938,2.4881678528330626,2.4881569468847453,2.488124229248986
2.490984302310393,2.4910170973837147,2.4910280291712397,2.4910170974148826,2.490984302310392
2.493883057274681,2.4939159308600325,2.493926888875355,2.4939159309763546,2.4938830572746764
2.4968205555283114,2.4968535086102506,2.4968644933366955,2.496853509044375,2.496820555528296
2.499796859313618,2.4998298925624276,2.4998409048024737,2.4998298941826196,2.49979685931356
2.5028120317318567,2.502845144634693,2.502856186378863,2.5028451506813925,2.5028120317316427
2.505866136747549,2.5058993243644108,2.505910402035252,2.505899346931235,2.5058661367467487
2.5089592392000104,2.5089924800493497,2.509003616615461,2.5089925642707636,2.5089592391970217
2.512091404856139,2.512124615660424,2.512135895889352,2.5121249299822974,2.5120914048449783
2.5152627007016584,2.515295567247071,2.515307306839672,2.515296740324519,2.5152627006599753
2.5184731966152905,2.518504541067879,2.5185179193197884,2.5185089190982475,2.5184731964596154
2.521722975077996,2.521748386375478,2.521767815701361,2.5217647255780453,2.521722974496589
2.525012187620027,2.5250151290675493,2.5250571470907492,2.5250761084395497,2.5250121854486025
2.5283413833259933,2.5282597208386344,2.5283864609682607,2.528487301335405,2.5283413752161517
2.526655718692636,2.5313128459784897,2.5317586107989323,2.5321621968523713,2.5266862002638057
