5.323827412515653,5.323839479544688,5.32385169930062,5.323839479544688,5.323827412515653
5.323815345486618,5.323852004803689,5.323864224606749,5.323852004803689,5.323815345486618
5.323851698935718,5.32388835866408,5.32390057860424,5.32388835866408,5.323851698935718
5.323911880985393,5.323948541394962,5.323960761562191,5.323948541394962,5.323911880985393
5.323995892083052,5.32403255344375,5.324044773928024,5.32403255344375,5.323995892083052
5.324103732854427,5.32414039543619,5.324152616327487,5.32414039543619,5.324103732854427
5.324235404103579,5.324272068176359,5.324284289564664,5.324272068176359,5.324235404103579
5.324390906812915,5.32442757264668,5.324439794621983,5.32442757264668,5.324390906812915
5.324570242143188,5.324606910007936,5.324619132660235,5.324606910007936,5.324570242143188
5.32477341143353,5.324810081599278,5.324822305018581,5.324810081599278,5.32477341143353
5.325000416201453,5.3250370889382515,5.325049313214576,5.3250370889382515,5.325000416201453
5.325251258142878,5.32528793372081,5.3253001589441835,5.32528793372081,5.325251258142878
5.325525939132155,5.325562617821342,5.325574844081803,5.325562617821342,5.325525939132155
5.325824461222087,5.325861143292688,5.325873370680293,5.325861143292688,5.325824461222087
5.3261468266439564,5.3261835123661765,5.326195740970992,5.3261835123661765,5.3261468266439564
5.326493037807554,5.3265297274516445,5.326541957363758,5.3265297274516445,5.326493037807554
5.326863097301214,5.32689979113748,5.326912022446988,5.32689979113748,5.326863097301214
5.327257007891842,5.327293706190639,5.327305938987665,5.327293706190639,5.327257007891842
5.327674772524957,5.3277114755567005,5.327723709931382,5.3277114755567005,5.327674772524957
5.328116394324724,5.328153102359891,5.328165338402388,5.328153102359891,5.328116394324724
5.328581876593999,5.328618589903131,5.328630827703625,5.328618589903131,5.328581876593999
5.32907122281437,5.329107941668079,5.329120181316773,5.329107941668079,5.32907122281437
5.329584436646207,5.329621161315174,5.329633402902295,5.329621161315174,5.329584436646207
5.330121521928699,5.330158252683683,5.330170496299486,5.330158252683683,5.330121521928699
5.330682482679917,5.330719219791755,5.330731465526519,5.330719219791755,5.330682482679917
5.331267323096861,5.331304066836472,5.331316314780503,5.331304066836472,5.331267323096861
5.331876047555508,5.331912798193899,5.331925048437533,5.331912798193899,5.331876047555508
5.332508660610882,5.332545418419149,5.3325576710527525,5.332545418419149,5.332508660610882
5.333165166997107,5.333201932246436,5.333214187360405,5.333201932246436,5.333165166997107
5.333845571627459,5.33388234458914,5.333894602273904,5.33388234458914,5.333845571627459
5.334549879594454,5.334586660539871,5.334598920885892,5.334586660539871,5.334549879594454
5.33527809616989,5.335314885370533,5.335327148468307,5.335314885370533,5.33527809616989
5.33603022680493,5.336067024532396,5.3360792904724565,5.336067024532396,5.33603022680493
5.33680627713017,5.336843083656166,5.336855352529083,5.336843083656166,5.33680627713017
5.33760625295571,5.337643068552057,5.337655340448439,5.337643068552057,5.33760625295571
5.33843016027123,5.338466985209871,5.338479260220364,5.338466985209871,5.33843016027123
5.339278005246074,5.33931483979907,5.339327118014363,5.33931483979907,5.339278005246074
5.340149794229327,5.340186638668865,5.340198920179684,5.340186638668865,5.340149794229327
5.34104553374989,5.341082388348285,5.341094673245405,5.341082388348285,5.34104553374989
5.34196523051658,5.34200209554628,5.342014383920517,5.34200209554628,5.34196523051658
5.342908891418209,5.342945767151795,5.342958059094011,5.342945767151795,5.342908891418209
5.34387652352367,5.343913410233867,5.343925705834968,5.343913410233867,5.34387652352367
5.344868134082039,5.34490503204171,5.3449173313926535,5.34490503204171,5.344868134082039
5.345883730522663,5.345920640004822,5.34593294319661,5.345920640004822,5.345883730522663
5.346923320455262,5.346960241733068,5.3469725488567565,5.346960241733068,5.346923320455262
5.347986911670023,5.348023845016791,5.3480361561634835,5.348023845016791,5.347986911670023
5.349074512137701,5.349111457826904,5.34912377308776,5.349111457826904,5.349074512137701
5.350186130009733,5.350223088315001,5.350235407781231,5.350223088315001,5.350186130009733
5.351321773618331,5.351358744813464,5.351371068576333,5.351358744813464,5.351321773618331
5.352481451476604,5.352518435835563,5.352530763986394,5.352518435835563,5.352481451476604
5.3536651722786575,5.353702170075579,5.353714502705751,5.353702170075579,5.3536651722786575
5.354872944899714,5.3549099564089095,5.354922293609858,5.3549099564089095,5.354872944899714
5.356104778396227,5.356141803892184,5.356154145755408,5.356141803892184,5.356104778396227
5.357360682006,5.35739772176339,5.357410068380446,5.35739772176339,5.357360682006
5.358640665148307,5.358677719441985,5.358690070904491,5.358677719441985,5.358640665148307
5.359944737424012,5.359981806529025,5.359994162928665,5.359981806529025,5.359944737424012
5.361272908615703,5.361309992807288,5.361322354235807,5.361309992807288,5.361272908615703
5.362625188687809,5.362662288241402,5.362674654790613,5.362662288241402,5.362625188687809
5.364001587786739,5.3640387029779735,5.364051074739754,5.3640387029779735,5.364001587786739
5.36540211624101,5.365439247345725,5.365451624412023,5.365439247345725,5.36540211624101
5.366826784561385,5.366863931855624,5.3668763143184535,5.366863931855624,5.366826784561385
5.3682756034410035,5.368312767201025,5.368325155152471,5.368312767201025,5.3682756034410035
5.3697485837555305,5.369785764257803,5.369798157790026,5.369785764257803,5.3697485837555305
5.371245736563293,5.3712829340845065,5.371295333289734,5.3712829340845065,5.371245736563293
5.372767073105428,5.3728042879224915,5.372816692893027,5.3728042879224915,5.372767073105428
5.374312604806023,5.374349837196073,5.374362248024296,5.374349837196073,5.374312604806023
5.3758823432722735,5.3759195935126725,5.375932010291038,5.3759195935126725,5.3758823432722735
5.377476300294629,5.377513568662974,5.377525991484015,5.377513568662974,5.377476300294629
5.379094487846948,5.379131774621072,5.379144203577399,5.379131774621072,5.379094487846948
5.380736918086657,5.380774223544632,5.380786658728938,5.380774223544632,5.380736918086657
5.382403603354909,5.3824409277750505,5.382453369280106,5.382440927775051,5.382403603354909
5.384094556176741,5.384131899837612,5.384144347756272,5.384131899837612,5.384094556176741
5.385809789261241,5.385847152441654,5.385859606866858,5.385847152441658,5.385809789261241
5.387549315501718,5.387586698480735,5.38759915950551,5.3875866984807494,5.387549315501718
5.389313147975858,5.389350551032793,5.389363018750263,5.389350551032848,5.389313147975858
5.391101299945913,5.391138723360292,5.391151197863712,5.391138723360502,5.391101299945913
5.392913784858857,5.392951228910325,5.392963710293186,5.392951228911109,5.392913784858857
5.394750616346571,5.39478808131447,5.394800569670927,5.394788081317394,5.39475061634657
5.396611808226021,5.396649294387826,5.396661789814263,5.396649294398738,5.396611808226021
5.398497374499415,5.398534882124936,5.398547384725771,5.398534882165663,5.398497374499415
5.400407329354312,5.400444858684064,5.400457368593381,5.40044485883606,5.4004073293543104
5.4023416871633145,5.40237923832825,5.402391755790072,5.40237923889551,5.402341687163306
5.404300462481417,5.404338035205795,5.404350560871218,5.404338037322846,5.404300462481384
5.406283670029622,5.406321262536494,5.406333798558186,5.406321270437473,5.406283670029501
5.4082913245985225,5.40832892960887,5.408341483641873,5.408328959095858,5.408291324598074
5.41032344048528,5.410361030775711,5.410373630419525,5.410361140823129,5.410323440483605
5.412380028210793,5.412417505565253,5.412430249411287,5.412417916269604,5.412380028204541
5.414461075383599,5.414498096696608,5.4145113282219555,5.41449962947281,5.414461075360263
5.416566435160299,5.416601860304664,5.416616719993928,5.416607580728345,5.416566435073193
5.418695176124134,5.418725571910949,5.418745493261527,5.418746920916149,5.418695175798997
5.417623359626956,5.420859140349357,5.420892142618237,5.420938816270014,5.417626219513712
