3.8665488879324883,3.8665726345216944,3.866596280231071,3.8665726345216944,3.8665488879324883
3.8665251413432817,3.8665960787251117,3.8666197246924257,3.8665960787251117,3.8665251413432817
3.8665962781439047,3.866667217872534,3.8666908646221234,3.866667217872534,3.8665962781439047
3.866715109890992,3.8667860535394922,3.8668097015957215,3.8667860535394922,3.866715109890992
3.8668816392137404,3.8669525883553337,3.8669762382426187,3.8669525883553337,3.8668816392137404
3.867095869795207,3.86716682600333,3.8671904782461546,3.86716682600333,3.867095869795207
3.867357806372449,3.867428771220811,3.8674524263437524,3.867428771220811,3.867357806372449
3.867667454736706,3.867738429799351,3.867762088327097,3.867738429799351,3.867667454736706
3.8680248217336213,3.868095808584987,3.8681194710423568,3.868095808584987,3.8680248217336213
3.868429915263499,3.8685009154784806,3.8685245823904473,3.8685009154784806,3.868429915263499
3.868882744281613,3.868953759435622,3.8689774313273273,3.868953759435622,3.868882744281613
3.869383318798541,3.8694543504675663,3.8694780278643477,3.8694543504675663,3.869383318798541
3.86993164988055,3.87000269964122,3.8700263830686277,3.87000269964122,3.86993164988055
3.87052774965002,3.870598819079662,3.8706225090634776,3.870598819079662,3.87052774965002
3.871171631285901,3.871242721962603,3.8712664190288644,3.871242721962603,3.871171631285901
3.8718633090242207,3.871934422526894,3.8719581272019097,3.871934422526894,3.8718633090242207
3.8726027981586246,3.8726739360670623,3.8726976488774367,3.8726739360670623,3.8726027981586246
3.873390115040961,3.873461278935899,3.873485000408552,3.873461278935899,3.873390115040961
3.874225277081901,3.874296468545083,3.8743201992072684,3.874296468545083,3.874225277081901
3.8751083027516073,3.8751795233658415,3.875203263745169,3.8751795233658415,3.8751083027516073
3.876039211580436,3.876110462929657,3.8761342135541135,3.876110462929657,3.876039211580436
3.8770180241596788,3.877089307829014,3.8771130692269793,3.877089307829014,3.8770180241596788
3.878044762142354,3.878116079718178,3.878139852418452,3.878116079718178,3.878044762142354
3.879119448244029,3.8791908013140284,3.879214585845846,3.8791908013140284,3.879119448244029
3.8802421062436845,3.8803134963969197,3.8803372932899753,3.8803134963969197,3.8802421062436845
3.8814127609846256,3.8814841898115926,3.881507999596058,3.8814841898115926,3.8814127609846256
3.882631438375428,3.8827029074681176,3.882726730674664,3.8827029074681176,3.882631438375428
3.8838981653909257,3.8839696763428884,3.883993513502704,3.8839696763428884,3.8838981653909257
3.88521297007324,3.885284524479645,3.8853083761244616,3.885284524479645,3.88521297007324
3.8865758815328517,3.8866474809905505,3.8866713476526575,3.8866474809905505,3.8865758815328517
3.88798692994971,3.8880585760572957,3.8880824582695652,3.8880585760572957,3.88798692994971
3.8894461465743824,3.889517840932256,3.8895417392281626,3.889517840932256,3.8894461465743824
3.8909535637292523,3.8910253079396817,3.8910492228533204,3.8910253079396817,3.8909535637292523
3.8925092148097464,3.8925810104769303,3.8926049425430413,3.8925810104769303,3.8925092148097464
3.8941131342856177,3.8941849830157445,3.8942089327697307,3.8941849830157445,3.8941131342856177
3.8957653577022535,3.8958372611035674,3.8958612290815187,3.8958372611035674,3.8957653577022535
3.8974659216820378,3.897537881364901,3.897561868103609,3.897537881364901,3.8974659216820378
3.899214863925748,3.8992868815027,3.899310887539686,3.8992868815027,3.899214863925748
3.9010122232139945,3.9010843002998175,3.9011083261733495,3.9010843002998175,3.9010122232139945
3.9028580394087027,3.9029301776204837,3.9029542238695973,3.9029301776204837,3.9028580394087027
3.904752353454635,3.9048245544118294,3.9048486215763507,3.9048245544118294,3.904752353454635
3.9066952073809595,3.9067674727054515,3.906791561326015,3.9067674727054515,3.9066952073809595
3.908686644302849,3.908758975619018,3.90878308623709,3.908758975619018,3.908686644302849
3.910726708423135,3.9107991073579162,3.9108232405158163,3.9107991073579162,3.910726708423135
3.9128154450339943,3.912887913216944,3.912912069457864,3.912887913216944,3.9128154450339943
3.9149529005186827,3.915025439582039,3.9150496194500652,3.915025439582039,3.9149529005186827
3.9171391223533054,3.917211733932055,3.9172359379721913,3.917211733932055,3.9171391223533054
3.9193741591086373,3.9194468448405777,3.919471073598763,3.9194468448405777,3.9193741591086373
3.92165806045198,3.9217308219777824,3.921755076000913,3.9217308219777824,3.92165806045198
3.923990877149058,3.9240637161123324,3.924087995948287,3.9240637161123324,3.923990877149058
3.926372661065966,3.926445579113325,3.926469885310981,3.926445579113325,3.926372661065966
3.9288034651711525,3.928876463952276,3.9289007970615337,3.928876463952276,3.9288034651711525
3.9312833435374475,3.931356424705146,3.9313807852769496,3.931356424705146,3.9312833435374475
3.9338123513441334,3.9338855165544127,3.933909905140771,3.9338855165544127,3.9338123513441334
3.936390544879057,3.9364637957911843,3.9364882129451946,3.9364637957911843,3.936390544879057
3.939017981540789,3.939091319817355,3.93911576609322,3.939091319817355,3.939017981540789
3.9416947198408163,3.9417681471478043,3.9417926231008598,3.9417681471478043,3.9416947198408163
3.944420819405794,3.9444943374126407,3.944518843599372,3.9444943374126407,3.944420819405794
3.9471963409798225,3.9472699513594853,3.947294488337554,3.9472699513594853,3.9471963409798225
3.950021346426781,3.9500950508558033,3.950119619184062,3.9500950508558033,3.950021346426781
3.952895898732697,3.9529696988912746,3.9529942991297973,3.9529696988912746,3.952895898732697
3.955820062008165,3.9558939595802105,3.955918592290309,3.9558939595802105,3.955820062008165
3.958793901490805,3.958867898164015,3.95889256390826,3.958867898164015,3.958793901490805
3.9618174835477658,3.961891581013684,3.961916280355934,3.961891581013684,3.9618174835477658
3.9648908756782713,3.96496507563236,3.9649898091377747,3.96496507563236,3.9648908756782713
3.968014146516214,3.9680884506579175,3.9681132188929853,3.9680884506579175,3.968014146516214
3.9711873658327907,3.9712617758656013,3.9712865793981615,3.9712617758656013,3.9711873658327907
3.974410604539182,3.9744851221707083,3.9745099615699697,3.9744851221707083,3.974410604539182
3.9776839346892747,3.9777585616313083,3.977783437467877,3.9777585616313083,3.9776839346892747
3.981007429482435,3.981082167451018,3.9811070802969155,3.981082167451018,3.981007429482435
3.984381163266321,3.984456013981812,3.9844809644105,3.984456013981814,3.984381163266321
3.98780521153974,3.987880176726884,3.9879051653132853,3.9878801767268905,3.98780521153974
3.9912796509555553,3.9913547323435425,3.991379759664073,3.9913547323435687,3.9912796509555553
3.994804559323633,3.9948797586461584,3.994904825278757,3.9948797586462557,3.994804559323633
3.9983800156138374,3.9984553346091127,3.9984804411333226,3.9984553346094773,3.9983800156138374
4.002006099959071,4.0020815403697,4.002106687366882,4.00208154037106,4.002006099959071
4.005682893658361,4.005758457230678,4.005783645284765,4.005758457235755,4.005682893658361
4.009410479179989,4.00948616766141,4.00951139736165,4.0094861676803575,4.009410479179988
4.0131889401646665,4.013264755293606,4.013290027244736,4.013264755364319,4.013188940164664
4.017018361428762,4.017094304896817,4.017119619756963,4.017094305160726,4.01701836142875
4.020898828967513,4.020974902278211,4.021000260900238,4.020974903263147,4.02089882896747
4.02483042995812,4.024906633899736,4.024932037858492,4.024906637575615,4.024830429957956
4.028813252761653,4.0288895854408775,4.028915038999537,4.028889599159621,4.028813252761039
4.032847386917934,4.032923836428714,4.032949353869696,4.032923887628428,4.032847386915642
4.036932923098715,4.037009440205919,4.037035073146092,4.037009631288328,4.036932923090154
4.041069952816283,4.041146349267215,4.041172288341903,4.041147062405704,4.04106995278432
4.045258566701179,4.045334137223305,4.045361090071594,4.045336798726865,4.0452585665818335
4.049498844420519,4.049570964777239,4.049601557922827,4.049580897772509,4.049498843974902
4.0537907958019535,4.053849741875577,4.053893701407992,4.05388681279938,4.053790794138089
4.058134017293305,4.058143928260981,4.058237115785686,4.058282280627241,4.058134011080652
4.062525688267702,4.062355261249342,4.0626289760154,4.0628716060123935,4.062525665070347
4.060283164444234,4.06612287602243,4.06705234460409,4.068049925939922,4.060352317428864
