3.4173367537869472,3.4173402119519345,3.4173454200465314,3.4173402119519345,3.4173367537869472
3.41733329562196,3.417348919950875,3.417354128070487,3.417348919950875,3.41733329562196
3.4173454199603834,3.4173610443937843,3.4173662525482253,3.4173610443937843,3.4173454199603834
3.417360960736175,3.4173765853035016,3.417381793502585,3.4173765853035016,3.417360960736175
3.4173799179785966,3.4173955427092917,3.417400750962831,3.4173955427092917,3.4173799179785966
3.4174022917233375,3.417417916646842,3.4174231249646514,3.417417916646842,3.4174022917233375
3.4174280820125102,3.4174437071582657,3.4174489155501595,3.4174437071582657,3.4174280820125102
3.417457288894651,3.4174729142921016,3.417478122767895,3.4174729142921016,3.417457288894651
3.417489912424725,3.417505538103315,3.41751074667282,3.417505538103315,3.417489912424725
3.417525952664119,3.417541578653294,3.417546787326328,3.417541578653294,3.417525952664119
3.4175654096806496,3.4175810360098544,3.4175862447962313,3.4175810360098544,3.4175654096806496
3.4176082835485566,3.4176239102472383,3.417629119156776,3.4176239102472383,3.4176082835485566
3.41765457434851,3.417670201446117,3.417675410488629,3.417670201446117,3.41765457434851
3.4177042821676014,3.4177199096935853,3.4177251188788897,3.4177199096935853,3.4177042821676014
3.4177574070993577,3.417773035083167,3.417778244421081,3.417773035083167,3.4177574070993577
3.417813949243726,3.417829577714815,3.4178347872151553,3.417829577714815,3.417813949243726
3.4178739087070884,3.417889537694911,3.417894747367497,3.417889537694911,3.4178739087070884
3.4179372856022527,3.417952915136266,3.417958124990915,3.417952915136266,3.4179372856022527
3.4180040800484592,3.418019710158119,3.4180249202046524,3.418019710158119,3.4180040800484592
3.4180742921713763,3.4180899228861445,3.41809513313438,3.4180899228861445,3.4180742921713763
3.4181479221031044,3.418163553452443,3.4181687639122025,3.418163553452443,3.4181479221031044
3.418224969982179,3.4182406019955494,3.4182458126766537,3.4182406019955494,3.418224969982179
3.4183054359535614,3.418321068660433,3.418326279572705,3.418321068660433,3.4183054359535614
3.4183893201686537,3.418404953598494,3.418410164751756,3.418404953598494,3.4183893201686537
3.4184766227852896,3.4184922569675695,3.418497468371646,3.4184922569675695,3.4184766227852896
3.4185673439677364,3.41858297893193,3.418588190596645,3.41858297893193,3.4185673439677364
3.4186614838866993,3.418677119662283,3.418682331597462,3.418677119662283,3.4186614838866993
3.4187590427193215,3.4187746793357734,3.418779891551243,3.4187746793357734,3.4187590427193215
3.4188600206491815,3.4188756581359843,3.418880870641572,3.4188756581359843,3.4188600206491815
3.418964417866299,3.4189800562529378,3.4189852690584703,3.4189800562529378,3.418964417866299
3.4190722345671327,3.4190878738830945,3.4190930869984033,3.4190878738830945,3.4190722345671327
3.419183470954584,3.4191991112293607,3.4192043246642743,3.4191991112293607,3.419183470954584
3.4192981272379943,3.4193137685010795,3.4193189822654304,3.4193137685010795,3.4192981272379943
3.4194162036331504,3.4194318459140414,3.419437060017662,3.4194318459140414,3.4194162036331504
3.419537700362282,3.4195533436904797,3.419558558143204,3.4195533436904797,3.419537700362282
3.4196626176540663,3.4196782620590755,3.4196834768707385,3.4196782620590755,3.4196626176540663
3.419790955743627,3.4198066012549555,3.419811816435392,3.4198066012549555,3.419790955743627
3.419922714872534,3.419938361519695,3.4199435770787434,3.419938361519695,3.419922714872534
3.420057895288812,3.4200735431013207,3.4200787590488186,3.4200735431013207,3.420057895288812
3.4201964972469314,3.420212146254306,3.4202173626000945,3.420212146254306,3.4201964972469314
3.420338521007817,3.4203541712395826,3.4203593879935017,3.4203541712395826,3.420338521007817
3.420483966838848,3.4204996183245324,3.420504835496426,3.4204996183245324,3.420483966838848
3.420632835013859,3.420648487782994,3.4206537053827057,3.420648487782994,3.420632835013859
3.4207851258131408,3.4208007798952624,3.4208059979326375,3.4208007798952624,3.4207851258131408
3.4209408395234417,3.4209564949480917,3.4209617134329773,3.4209564949480917,3.4209408395234417
3.4210999764379726,3.4211156332346953,3.4211208521769394,3.4211156332346953,3.4210999764379726
3.421262536856403,3.4212781950547484,3.4212834144642024,3.4212781950547484,3.421262536856403
3.421428521084867,3.42144418071439,3.4214494006009035,3.42144418071439,3.421428521084867
3.4215979294359626,3.4216135905262233,3.421618810899651,3.4216135905262233,3.4215979294359626
3.4217707622287565,3.4217864248093184,3.4217916456795145,3.4217864248093184,3.4217707622287565
3.421947019788781,3.4219626838892143,3.4219679052660354,3.4219626838892143,3.421947019788781
3.4221267024480397,3.422142368097919,3.422147589991224,3.422142368097919,3.4221267024480397
3.422309810545009,3.4223254777739136,3.4223307001935614,3.4223254777739136,3.422309810545009
3.422496344424637,3.422512013262153,3.422517236218006,3.422512013262153,3.422496344424637
3.4226863044383498,3.422701974914067,3.4227071984159885,3.422701974914067,3.4226863044383498
3.422879690944048,3.422895363087563,3.422900587145419,3.422895363087563,3.422879690944048
3.4230765043061155,3.4230921781470296,3.4230974027706864,3.4230921781470296,3.4230765043061155
3.423276744895414,3.4232924204633353,3.4232976456626627,3.4232924204633353,3.423276744895414
3.4234804130892904,3.423496090413832,3.4235013161987013,3.423496090413832,3.4234804130892904
3.423687509271578,3.4237031883823588,3.423708414762643,3.4237031883823588,3.423687509271578
3.423898033832596,3.4239137147592418,3.423918941744816,3.4239137147592418,3.423898033832596
3.4241119871691557,3.424127669941297,3.424132897542038,3.424127669941297,3.4241119871691557
3.4243293696845565,3.424345054331832,3.4243502825576204,3.424345054331832,3.4243293696845565
3.4245501817885975,3.4245658683406512,3.424571097201366,3.4245658683406512,3.4245501817885975
3.424774423897569,3.4247901123840503,3.4247953418895776,3.4247901123840503,3.424774423897569
3.4250020964342625,3.4250177868848306,3.425023017045054,3.4250177868848306,3.4250020964342625
3.4252331998279724,3.425248892272288,3.4252541230970954,3.425248892272288,3.4252331998279724
3.4254677345144904,3.4254834289822256,3.425488660481509,3.4254834289822256,3.4254677345144904
3.425705700936122,3.4257213974569534,3.4257266296406033,3.4257213974569534,3.425705700936122
3.425947099541673,3.425962798145285,3.4259680310231975,3.425962798145285,3.425947099541673
3.426191930786465,3.426207631502549,3.426212865084621,3.426207631502549,3.426191930786465
3.4264401951323324,3.4264558979905853,3.426461132286716,3.4264558979905866,3.4264401951323324
3.426691893047622,3.4267075980777486,3.426712833097842,3.426707598077754,3.426691893047622
3.4269470250072023,3.426962732238909,3.426967967992875,3.4269627322389296,3.4269470250072023
3.42720559149246,3.4272213009554475,3.4272265374532127,3.427221300955525,3.42720559149246
3.4274675929913068,3.4274833047152247,3.4274885419667767,3.427483304715513,3.4274675929913068
3.42773302999818,3.427748744012476,3.4277539820280145,3.4277487440135523,3.42773302999818
3.4280019030140445,3.4280176193473872,3.4280228581379006,3.428017619351403,3.428001903014044
3.4282742125463956,3.4282899312245263,3.428295170803943,3.4282899312395134,3.4282742125463956
3.4285499591092514,3.4285656801469777,3.4285709205401664,3.4285656802029107,3.4285499591092505
3.428829143223092,3.428844866594458,3.4288501078670643,3.4288448668032054,3.4288291432230893
3.4291117654145156,3.4291274909417853,3.4291327333112434,3.4291274917208407,3.429111765414506
3.429397826214195,3.429413553155292,3.4294187974033794,3.4294135560627756,3.429397826214159
3.4296873261449456,3.4297030516641582,3.429708300666272,3.42970306251506,3.42968732614481
3.4299802656521474,3.429995979173146,3.430001243545217,3.429996019669366,3.429980265651642
3.4302766446980906,3.430292307181491,3.4302976260021527,3.4302924583158174,3.4302766446962045
3.4305764603971993,3.4305919290572433,3.4305974451501804,3.4305924930996308,3.430576460390161
3.4308796932315606,3.4308944525462595,3.4309006814665155,3.4308965575863386,3.430879693205292
3.43118622670326,3.4311984543061262,3.431207218435598,3.4312063104421844,3.4311862266052193
3.431029843607418,3.431498866240318,3.431516374194599,3.4315281858121263,3.4310308960304345
