5.384617236172355,5.3846529417775315,5.3846933853177,5.3846529417775315,5.384617236172355
5.384581530567178,5.384702862021545,5.384743306171654,5.384702862021545,5.384581530567178
5.384693381701794,5.384814717301972,5.384855162834034,5.384814717301972,5.384693381701794
5.384867167776468,5.384988509838585,5.385028957524655,5.384988509838585,5.384867167776468
5.385102892362409,5.385224243202818,5.385264693815025,5.385224243202818,5.385102892362409
5.385400560382542,5.38552192231791,5.385562376628486,5.38552192231791,5.385400560382542
5.385760178111705,5.385881553459092,5.3859220122404015,5.385881553459092,5.385760178111705
5.386181753176893,5.386303144253835,5.386343608278404,5.386303144253835,5.386181753176893
5.386665294557548,5.386786703682146,5.386827173722679,5.386786703682146,5.386665294557548
5.3872108125858995,5.3873322420769,5.387372718906326,5.3873322420769,5.3872108125858995
5.387818318947381,5.387939771124256,5.3879802555157426,5.387939771124256,5.387818318947381
5.388487826681057,5.3886093038641,5.388649796591087,5.3886093038641,5.388487826681057
5.389219350180151,5.3893408546905475,5.3893813565267745,5.3893408546905475,5.389219350180151
5.390012905192579,5.3901344393524955,5.390174951072032,5.3901344393524955,5.390012905192579
5.390868508821566,5.390990074954241,5.391030597331508,5.390990074954241,5.390868508821566
5.39178617952631,5.391907779956125,5.391948313765927,5.391907779956125,5.39178617952631
5.392765937122678,5.392887574175256,5.392928120192811,5.392887574175256,5.392765937122678
5.39380780278399,5.3939294787862675,5.393970037787231,5.3939294787862675,5.39380780278399
5.394911799041815,5.395033516322135,5.395074089082632,5.395033516322135,5.394911799041815
5.396077949786856,5.396199710675046,5.396240297971696,5.396199710675046,5.396077949786856
5.397306280269857,5.397428087097319,5.397468689707266,5.397428087097319,5.397306280269857
5.398596817102585,5.398718672202376,5.3987592909033175,5.398718672202376,5.398596817102585
5.399949588258854,5.400071493965772,5.4001121295359855,5.400071493965772,5.399949588258854
5.401364623075599,5.401486581726267,5.401527234944636,5.401486581726267,5.401364623075599
5.402841952254008,5.402963966186964,5.4030046378330105,5.402963966186964,5.402841952254008
5.40438160786071,5.404503679416483,5.404544370270395,5.404503679416483,5.40438160786071
5.4059836233290035,5.406105754850204,5.4061464656928635,5.406105754850204,5.4059836233290035
5.407648033460149,5.4077702272915555,5.407810958904564,5.4077702272915555,5.407648033460149
5.4093748744247145,5.409497132913352,5.409537886079063,5.409497132913352,5.4093748744247145
5.4111641837639555,5.41128650925919,5.411327284760736,5.41128650925919,5.4111641837639555
5.4130160003912815,5.413138395244896,5.413179193866215,5.413138395244896,5.4130160003912815
5.41493036459374,5.415052831160028,5.4150936536858945,5.415052831160028,5.41493036459374
5.4169073180335765,5.417029858669423,5.417070705885479,5.417029858669423,5.4169073180335765
5.418946903749843,5.419069520814811,5.419110393507585,5.419069520814811,5.418946903749843
5.421049166160051,5.42117186201647,5.4212127609734155,5.42117186201647,5.421049166160051
5.423214151061891,5.423336928074937,5.4233778540844595,5.423336928074937,5.423214151061891
5.425441905634994,5.425564766172783,5.425605720024263,5.425564766172783,5.425441905634994
5.427732478442751,5.427855424876422,5.427896407360249,5.427855424876422,5.427732478442751
5.430085919434192,5.430208954137989,5.430249966045594,5.430208954137989,5.430085919434192
5.432502279945903,5.432625405297274,5.432666447421145,5.432625405297274,5.432502279945903
5.4349816127040205,5.435104831083688,5.4351459042174115,5.435104831083688,5.4349816127040205
5.437523971826249,5.437647285618311,5.4376883905565965,5.437647285618311,5.437523971826249
5.440129412823967,5.440252824415972,5.440293961954682,5.440252824415972,5.440129412823967
5.4427979926043495,5.442921504387398,5.4429626753235745,5.442921504387398,5.4427979926043495
5.4455297694725875,5.445653383841405,5.445694588973303,5.445653383841405,5.4455297694725875
5.448324803134118,5.448448522487153,5.448489762614264,5.448448522487153,5.448324803134118
5.451183154696943,5.451306981436447,5.451348257359536,5.451306981436447,5.451183154696943
5.4541048866739805,5.454228823206104,5.454270135727227,5.454228823206104,5.4541048866739805
5.457090062985484,5.457214111720358,5.457255461642905,5.457214111720358,5.457090062985484
5.460138748961512,5.460262912313338,5.460304300442056,5.460262912313338,5.460138748961512
5.463251011344446,5.4633752917315865,5.463416718872606,5.4633752917315865,5.463251011344446
5.466426918291573,5.46655131813664,5.466592785097509,5.46655131813664,5.466426918291573
5.469666539377721,5.469791061107662,5.469832568697374,5.469791061107662,5.469666539377721
5.472969945597943,5.4730945916441325,5.473136140673157,5.4730945916441325,5.472969945597943
5.476337209370267,5.476461982168595,5.476503573448906,5.476461982168595,5.476337209370267
5.479768404538488,5.479893306529452,5.479934940874561,5.479893306529452,5.479768404538488
5.483263606375034,5.483388640003825,5.483430318228805,5.483388640003825,5.483263606375034
5.486822891583866,5.486948059300461,5.486989782221985,5.486948059300461,5.486822891583866
5.490446338303455,5.490571642562706,5.490613410999067,5.490571642562706,5.490446338303455
5.494134026109794,5.494259469371522,5.494301284142671,5.494259469371522,5.494134026109794
5.497886036019489,5.498011620748567,5.498053482676142,5.498011620748567,5.497886036019489
5.501702450492886,5.501828179159339,5.50187008906669,5.501828179159339,5.501702450492886
5.505583353437266,5.505709228516355,5.505751187228584,5.505709228516355,5.505583353437266
5.509528830210094,5.509654854182412,5.509696862526393,5.509654854182412,5.509528830210094
5.513538967622321,5.513665142973885,5.513707201778301,5.513665142973885,5.513538967622321
5.5176138539417545,5.517740183164092,5.517782293259465,5.517740183164092,5.5176138539417545
5.521753578896468,5.521880064486717,5.5219222267054375,5.521880064486717,5.521753578896468
5.525958233678284,5.526084878139281,5.526127093315638,5.526084878139281,5.525958233678284
5.530227910946309,5.530354716786679,5.530396985756894,5.530354716786679,5.530227910946309
5.5345627048305195,5.534689674564777,5.534731998167032,5.534689674564778,5.5345627048305195
5.538962710935418,5.539089847084053,5.539132226158526,5.539089847084055,5.538962710935418
5.543428026343738,5.543555331433315,5.543597766822203,5.5435553314333195,5.543428026343738
5.547958749620209,5.548086226183452,5.548128718731018,5.548086226183466,5.547958749620209
5.552554980815385,5.552682631391271,5.552725181943867,5.552682631391325,5.552554980815385
5.5572168214695195,5.55734464860334,5.557387258009483,5.557344648603541,5.5572168214695195
5.561944374616519,5.562072380859868,5.562115049970368,5.562072380860618,5.561944374616519
5.566737744787927,5.5668659326983985,5.566908662366798,5.566865932701197,5.566737744787927
5.5715970380170035,5.571725410156777,5.5717682012408805,5.571725410167224,5.5715970380170035
5.576522361842827,5.5766509207731785,5.576693774140681,5.576650920812166,5.576522361842825
5.581513825314474,5.581642573574986,5.581685490124384,5.581642573720491,5.581513825314467
5.586571538995231,5.586700479025988,5.586743459764509,5.586700479569024,5.586571538995203
5.591695614966699,5.591824748817823,5.591867795152008,5.591824750844486,5.5916956149665955
5.5968861668320615,5.597015495080374,5.597058609899484,5.5970155026440995,5.5968861668316725
5.602143309713997,5.602272827425448,5.602316019138957,5.602272855654062,5.602143309712545
5.607467160220958,5.607596841915331,5.6076401394875806,5.6075969472674725,5.607467160215534
5.612857836227874,5.612987579961472,5.613031088826217,5.612987973146671,5.612857836207625
5.618315455571617,5.618444875391361,5.618488984987025,5.618446342799626,5.618315455496018
5.623840128408823,5.623967786434599,5.62401393808199,5.62397326295566,5.623840128126566
5.629431912589127,5.6295524919148345,5.6296060057676405,5.629572930864135,5.62943191153529
5.63509055329533,5.635184533396883,5.635264932484968,5.635260813693499,5.635090549360698
5.640813964658704,5.640810408715379,5.640988629609015,5.641095094762668,5.6408139499681935
5.637911914272166,5.646234742221251,5.646764317052314,5.647297220339619,5.637950039745528
