5.448443928422078,5.44844720900959,5.448470032322207,5.448487149840901,5.448498561536334,5.448504267388939,5.448504267388939,5.448498561536334,5.448487149840901,5.448470032322207,5.44844720900959,5.448443928422078
5.448440647834565,5.44846917708823,5.448492000549848,5.448509118180295,5.448520529950229,5.448526235840086,5.448526235840086,5.448520529950229,5.448509118180295,5.448492000549848,5.44846917708823,5.448440647834565
5.448470032222059,5.448498561729616,5.44852138539435,5.448538503177135,5.448549915048625,5.4485556209892625,5.4485556209892625,5.448549915048625,5.448538503177135,5.44852138539435,5.448498561729616,5.448470032222059
5.448506833189396,5.44853536301849,5.448558186940453,5.44857530491616,5.448586716916267,5.448592422921212,5.448592422921212,5.448586716916267,5.44857530491616,5.448558186940453,5.44853536301849,5.448506833189396
5.448551050869042,5.448579581087314,5.448602405320623,5.448619523529839,5.44863093568562,5.448636641768401,5.448636641768401,5.44863093568562,5.448619523529839,5.448602405320623,5.448579581087314,5.448551050869042
5.448602685441184,5.448631216116281,5.448654040715052,5.448671159198366,5.448682571536878,5.448688277711026,5.448688277711026,5.448682571536878,5.448671159198366,5.448654040715052,5.448631216116281,5.448602685441184
5.448661737133736,5.448690268333305,5.448713093351655,5.4487302121496555,5.448741624697959,5.448747330977001,5.448747330977001,5.448741624697959,5.4487302121496555,5.448713093351655,5.448690268333305,5.448661737133736
5.4487282062223255,5.448756738014017,5.448779563506068,5.448796682659344,5.448808095444501,5.448813801841968,5.448813801841968,5.448808095444501,5.448796682659344,5.448779563506068,5.448756738014017,5.4487282062223255
5.448802093030299,5.448830625481767,5.448853451501639,5.448870571050786,5.448881984099854,5.448887690629281,5.448887690629281,5.448881984099854,5.448870571050786,5.448853451501639,5.448830625481767,5.448802093030299
5.448883397928713,5.448911931107613,5.448934757709436,5.448951877695044,5.44896329103509,5.448968997710003,5.448968997710003,5.44896329103509,5.448951877695044,5.448934757709436,5.448911931107613,5.448883397928713
5.44897212133633,5.449000655310323,5.44902348254822,5.44904060301089,5.4490520166689755,5.449057723502911,5.449057723502911,5.4490520166689755,5.44904060301089,5.44902348254822,5.449000655310323,5.44897212133633
5.449068263719607,5.449096798556356,5.449119626484462,5.44913674746479,5.449148161467982,5.44915386847447,5.44915386847447,5.449148161467982,5.44913674746479,5.449119626484462,5.449096798556356,5.449068263719607
5.4491718255926935,5.449200361359868,5.449223190032319,5.449240311570906,5.4492517259462705,5.449257433138849,5.449257433138849,5.4492517259462705,5.449240311570906,5.449223190032319,5.449200361359868,5.4491718255926935
5.44928280751742,5.449311344282693,5.449334173753625,5.449351295891075,5.449362710665687,5.449368418057885,5.449368418057885,5.449362710665687,5.449351295891075,5.449334173753625,5.449311344282693,5.44928280751742
5.4494012101032885,5.449429747934338,5.4494525782578975,5.449469701034818,5.449481116235744,5.449486823841101,5.449486823841101,5.449481116235744,5.449469701034818,5.4494525782578975,5.449429747934338,5.4494012101032885
5.449527034007463,5.449555572971972,5.4495784042023026,5.449595527659307,5.449606943313622,5.449612651145673,5.449612651145673,5.449606943313622,5.449595527659307,5.4495784042023026,5.449555572971972,5.449527034007463
5.44966027993475,5.449688820100409,5.449711652291665,5.449728776469366,5.449740192604146,5.44974590067643,5.44974590067643,5.449740192604146,5.449728776469366,5.449711652291665,5.449688820100409,5.44966027993475
5.449800948637603,5.449829490072108,5.449852323278445,5.449869448217459,5.449880864859784,5.449886573185841,5.449886573185841,5.449880864859784,5.449869448217459,5.449852323278445,5.449829490072108,5.449800948637603
5.44994904091609,5.4499775836871445,5.450000417962726,5.450017543703676,5.450028960880626,5.450034669473995,5.450034669473995,5.450028960880626,5.450017543703676,5.450000417962726,5.4499775836871445,5.44994904091609
5.450104557617894,5.450133101793205,5.450155937192198,5.450173063775711,5.45018448151437,5.450190190388595,5.450190190388595,5.45018448151437,5.450173063775711,5.450155937192198,5.450133101793205,5.450104557617894
5.4502674996382865,5.450296045285572,5.4503188818621515,5.450336009328856,5.450347427656311,5.450353136824935,5.450353136824935,5.450347427656311,5.450336009328856,5.4503188818621515,5.450296045285572,5.4502674996382865
5.450437867920118,5.450466415107103,5.450489252915448,5.450506381305979,5.450517800249321,5.450523509725889,5.450523509725889,5.450517800249321,5.450506381305979,5.450489252915448,5.450466415107103,5.450437867920118
5.4506156634537986,5.450644212248216,5.45066705134251,5.45068418069751,5.450695600283831,5.450701310081889,5.450701310081889,5.450695600283831,5.45068418069751,5.45066705134251,5.450644212248216,5.4506156634537986
5.450800887277279,5.450829437746869,5.450852278181308,5.450869408541418,5.450880828797817,5.450886538930913,5.450886538930913,5.450880828797817,5.450869408541418,5.450852278181308,5.450829437746869,5.450800887277279
5.4509935404760315,5.451022092688543,5.451044934517327,5.4510620659232,5.451073486876775,5.45107919735846,5.45107919735846,5.451073486876775,5.4510620659232,5.451044934517327,5.451022092688543,5.4509935404760315
5.451193624183032,5.4512221782062245,5.451245021483561,5.451262153975852,5.4512735756537065,5.451279286497532,5.451279286497532,5.4512735756537065,5.451262153975852,5.451245021483561,5.4512221782062245,5.451193624183032
5.451401139578737,5.451429695480378,5.45145254026048,5.451469673879849,5.451481096309093,5.451486807528614,5.451486807528614,5.451481096309093,5.451469673879849,5.45145254026048,5.451429695480378,5.451401139578737
5.451616087891058,5.451644645738927,5.451667492076018,5.451684626863134,5.451696050070877,5.451701761679649,5.451701761679649,5.451696050070877,5.451684626863134,5.451667492076018,5.451644645738927,5.451616087891058
5.451838470395347,5.451867030257231,5.4518898782055425,5.45190701420108,5.451918438214437,5.451924150226017,5.451924150226017,5.451918438214437,5.45190701420108,5.4518898782055425,5.451867030257231,5.451838470395347
5.452068288414364,5.452096850358065,5.452119699971835,5.452136837216471,5.452148262062565,5.452153974490513,5.452153974490513,5.452148262062565,5.452136837216471,5.452119699971835,5.452096850358065,5.452068288414364
5.452305543318259,5.452334107411584,5.452356958745064,5.452374097279485,5.452385522985439,5.452391235843317,5.452391235843317,5.452385522985439,5.452374097279485,5.452356958745064,5.452334107411584,5.452305543318259
5.452550236524539,5.45257880283531,5.452601655942755,5.452618795807656,5.4526302224005985,5.452635935701972,5.452635935701972,5.4526302224005985,5.452618795807656,5.452601655942755,5.45257880283531,5.452550236524539
5.452802369498049,5.452830938094099,5.452853793029777,5.452870934265857,5.452882361772922,5.452888075531357,5.452888075531357,5.452882361772922,5.452870934265857,5.452853793029777,5.452830938094099,5.452802369498049
5.453061943750939,5.453090514700113,5.453113371518301,5.453130514166267,5.453141942614593,5.453147656843658,5.453147656843658,5.453141942614593,5.453130514166267,5.453113371518301,5.453090514700113,5.453061943750939
5.453328960842635,5.453357534212792,5.453380392967774,5.453397537068344,5.453408966485072,5.453414681198341,5.453414681198341,5.453408966485072,5.453397537068344,5.453380392967774,5.453357534212792,5.453328960842635
5.453603422379813,5.453631998238823,5.453654858984898,5.453672004578792,5.453683434991072,5.453689150202118,5.453689150202118,5.453683434991072,5.453672004578792,5.453654858984898,5.453631998238823,5.453603422379813
5.453885330016368,5.453913908432115,5.453936771223587,5.453953918351537,5.4539653497865235,5.453971065508922,5.453971065508922,5.4539653497865235,5.453953918351537,5.453936771223587,5.453913908432115,5.453885330016368
5.454174685453377,5.454203266493758,5.454226131384948,5.45424328008769,5.454254712572542,5.454260428819874,5.454260428819874,5.454254712572542,5.45424328008769,5.454226131384948,5.454203266493758,5.454174685453377
5.454471490439073,5.4545000741720004,5.4545229412172365,5.454540091535518,5.4545515250974015,5.454557241883249,5.454557241883249,5.4545515250974015,5.454540091535518,5.4545229412172365,5.4545000741720004,5.454471490439073
5.454775746768813,5.454804333262208,5.4548272025158315,5.454844354490412,5.454855789156492,5.454861506494444,5.454861506494444,5.454855789156492,5.454844354490412,5.4548272025158315,5.454804333262208,5.454775746768813
5.455087456285032,5.455116045606838,5.455138917123199,5.455156070794839,5.455167506592299,5.455173224495938,5.455173224495938,5.455167506592299,5.455156070794839,5.455138917123199,5.455116045606838,5.455087456285032
5.455406620877221,5.4554352130953925,5.455458086928858,5.455475242338332,5.455486679294349,5.455492397777269,5.455492397777269,5.455486679294349,5.455475242338332,5.455458086928858,5.4554352130953925,5.455406620877221
5.455733242481886,5.455761837664394,5.455784713869338,5.455801871057429,5.455813309199195,5.455819028274989,5.455819028274989,5.455813309199195,5.455801871057429,5.455784713869338,5.455761837664394,5.455733242481886
5.456067323082508,5.456095921297338,5.456118799928152,5.4561359589356515,5.456147398290359,5.456153117972628,5.456153117972628,5.456147398290359,5.4561359589356515,5.456118799928152,5.456095921297338,5.456067323082508
5.456408864709511,5.456437466024665,5.456460347135749,5.456477508003459,5.456488948598311,5.4564946689006515,5.4564946689006515,5.456488948598311,5.456477508003459,5.456460347135749,5.456437466024665,5.456408864709511
5.456757869440215,5.456786473923712,5.456809357569484,5.456826520338216,5.456837962200419,5.4568436831364355,5.4568436831364355,5.456837962200419,5.456826520338216,5.456809357569484,5.456786473923712,5.456757869440215
5.457114339398805,5.45714294711868,5.457165833353567,5.457182998064143,5.457194441220912,5.457200162804212,5.457200162804212,5.457194441220912,5.457182998064143,5.457165833353567,5.45714294711868,5.457114339398805
5.457478276756283,5.45750688778059,5.457529776659036,5.457546943352286,5.457558387830844,5.457564110075037,5.457564110075037,5.457558387830844,5.457546943352286,5.457529776659036,5.45750688778059,5.457478276756283
5.457849683730432,5.45787829812724,5.4579011897036995,5.45791835842047,5.4579298042480415,5.457935527166747,5.457935527166747,5.4579298042480415,5.45791835842047,5.4579011897036995,5.45787829812724,5.457849683730432
5.458228562585766,5.458257180423166,5.458280074752112,5.458297245533252,5.458308692737077,5.458314416343908,5.458314416343908,5.458308692737077,5.458297245533252,5.458280074752112,5.458257180423166,5.458228562585766
5.4586149156335,5.458643536979595,5.4586664341155124,5.458683607001891,5.4586950556092075,5.458700779917788,5.458700779917788,5.4586950556092075,5.458683607001891,5.4586664341155124,5.458643536979595,5.4586149156335
5.459008745231486,5.459037370154404,5.459060270151793,5.459077445184281,5.4590888952223455,5.459094620246297,5.459094620246297,5.4590888952223455,5.459077445184281,5.459060270151793,5.459037370154404,5.459008745231486
5.459410053784185,5.459438682352069,5.459461585265446,5.459478762484933,5.459490213980999,5.459495939733955,5.459495939733955,5.459490213980999,5.459478762484933,5.459461585265446,5.459438682352069,5.459410053784185
5.459818843742611,5.459847476023627,5.45987038190752,5.459887561354906,5.459899014336241,5.459904740831831,5.459904740831831,5.459899014336241,5.459887561354906,5.45987038190752,5.459847476023627,5.459818843742611
5.460235117604288,5.460263753666618,5.4602866625755775,5.46030384429177,5.4603152987856465,5.460321026037511,5.460321026037511,5.4603152987856465,5.46030384429177,5.4602866625755775,5.460263753666618,5.460235117604288
5.4606588779132,5.460687517825048,5.460710429813638,5.460727613839559,5.460739069873262,5.460744797895039,5.460744797895039,5.460739069873262,5.460727613839559,5.460710429813638,5.460687517825048,5.4606588779132
5.461090127259745,5.4611187710893345,5.461141686212131,5.461158872588721,5.461170330189535,5.461176058994872,5.461176058994872,5.461170330189535,5.461158872588721,5.461141686212131,5.4611187710893345,5.461090127259745
5.461528868280677,5.461557516096255,5.461580434407857,5.461597623176058,5.461609082371288,5.4616148119738295,5.4616148119738295,5.461609082371288,5.461597623176058,5.461580434407857,5.461557516096255,5.461528868280677
5.461975103659066,5.4620037555288965,5.4620266770839185,5.462043868284693,5.46205532910164,5.462061059515045,5.462061059515045,5.46205532910164,5.462043868284693,5.4620266770839185,5.4620037555288965,5.461975103659066
5.46242883612424,5.462457492116613,5.462480416969681,5.462497610644001,5.4625090731099855,5.462514804347908,5.462514804347908,5.4625090731099855,5.462497610644001,5.462480416969681,5.462457492116613,5.46242883612424
5.46289006845173,5.462918728634953,5.462941656840721,5.462958853029574,5.462970317171917,5.46297604924802,5.46297604924802,5.462970317171917,5.462958853029574,5.462941656840721,5.462918728634953,5.46289006845173
5.463358803463225,5.463387467905633,5.463410399518763,5.463427598263149,5.463439064109183,5.463444797037136,5.463444797037136,5.463439064109183,5.463427598263149,5.463410399518763,5.463387467905633,5.463358803463225
5.463835044026509,5.4638637127964556,5.463886647871634,5.4639038492125644,5.4639153167896355,5.463921050583107,5.463921050583107,5.4639153167896355,5.4639038492125644,5.463886647871634,5.4638637127964556,5.463835044026509
5.464318793055411,5.464347466221273,5.464370404813201,5.464387608791705,5.464399078127162,5.4644048127998275,5.4644048127998275,5.464399078127162,5.464387608791705,5.464370404813201,5.464347466221273,5.464318793055411
5.464810053509741,5.464838731139922,5.464861673303324,5.464878879960439,5.464890351081645,5.464896086647185,5.464896086647185,5.464890351081645,5.464878879960439,5.464861673303324,5.464838731139922,5.464810053509741
5.465308828395248,5.465337510558172,5.465360456347786,5.465377665724572,5.465389138658894,5.465394875130995,5.465394875130995,5.465389138658894,5.465377665724572,5.465360456347786,5.465337510558172,5.465308828395248
5.465815120763545,5.465843807527662,5.465866756998247,5.465883969135773,5.4658954439105925,5.465901181302945,5.465901181302945,5.4658954439105925,5.465883969135773,5.465866756998247,5.465843807527662,5.465815120763545
5.466328933712059,5.466357625145845,5.466380578352182,5.46639779329153,5.466409269934239,5.466415008260535,5.466415008260535,5.466409269934239,5.46639779329153,5.466380578352182,5.466357625145845,5.466328933712059
5.466850270383975,5.466878966555925,5.466901923552813,5.466919141335087,5.466930619873082,5.466936359147025,5.466936359147025,5.466930619873082,5.466919141335087,5.466901923552813,5.466878966555925,5.466850270383975
5.467379133968161,5.467407834946803,5.4674307957890615,5.467448016455374,5.467459496916067,5.467465237151359,5.467465237151359,5.467459496916067,5.467448016455374,5.4674307957890615,5.467407834946803,5.467379133968161
5.467915527699125,5.467944233553007,5.467967198295476,5.467984421886957,5.467995904297768,5.468001645508122,5.468001645508122,5.467995904297768,5.467984421886957,5.467967198295476,5.467944233553007,5.467915527699125
5.468459454856938,5.468488165654635,5.468511134352177,5.468528360909973,5.4685398452983325,5.468545587497461,5.468545587497461,5.4685398452983325,5.468528360909973,5.468511134352177,5.468488165654635,5.468459454856938
5.469010918767176,5.469039634577292,5.469062607284786,5.469079836850059,5.469091323243409,5.469097066445033,5.469097066445033,5.469091323243409,5.469079836850059,5.469062607284786,5.469039634577292,5.469010918767176
5.469569922800857,5.469598643692019,5.4696216204643715,5.469638853078299,5.46965034150409,5.469656085721937,5.469656085721937,5.46965034150409,5.469638853078299,5.4696216204643715,5.469598643692019,5.469569922800857
5.4701364703743725,5.4701651964152385,5.470188177307373,5.470205413011148,5.470216903496844,5.470222648744645,5.470222648744645,5.470216903496844,5.470205413011148,5.470188177307373,5.4701651964152385,5.4701364703743725
5.470710564949427,5.47073929620868,5.470762281275543,5.470779520110378,5.470791012683451,5.470796758974943,5.470796758974943,5.470791012683451,5.470779520110378,5.470762281275543,5.47073929620868,5.470710564949427
5.471292210032965,5.471320946579317,5.471343935875878,5.471361177882999,5.471372672570935,5.47137841991986,5.47137841991986,5.471372672570935,5.471361177882999,5.471343935875878,5.471320946579317,5.471292210032965
5.471881409177109,5.471910151079295,5.471933144660548,5.471950389881199,5.471961886711494,5.4719676351316,5.4719676351316,5.471961886711494,5.471950389881199,5.471933144660548,5.471910151079295,5.471881409177109
5.47247816597908,5.472506913305875,5.472529911226832,5.472547159702273,5.472558658702436,5.472564408207477,5.472564408207477,5.472558658702436,5.472547159702273,5.472529911226832,5.472506913305875,5.47247816597908
5.473082484081148,5.473111236901344,5.473134239217046,5.473151490988558,5.473162992186104,5.4731687427898414,5.4731687427898414,5.473162992186104,5.473151490988558,5.473134239217046,5.473111236901344,5.473082484081148
5.473694367170542,5.473723125552967,5.473746132318473,5.473763387427351,5.473774890849814,5.473780642566011,5.473780642566011,5.473774890849814,5.473763387427351,5.473746132318473,5.473723125552967,5.473694367170542
5.47431381897939,5.474342582992898,5.474365594263295,5.474382852750852,5.474394358425775,5.474400111268201,5.474400111268201,5.474394358425775,5.474382852750852,5.474365594263295,5.474342582992898,5.47431381897939
5.47494084328464,5.47496961299812,5.474992628828513,5.475009890736082,5.475021398691019,5.475027152673455,5.475027152673455,5.475021398691019,5.475009890736082,5.474992628828513,5.47496961299812,5.47494084328464
5.475575443907994,5.475604219390361,5.475627239835887,5.4756445052048175,5.475656015467337,5.475661770603564,5.475661770603564,5.475656015467337,5.4756445052048175,5.475627239835887,5.475604219390361,5.475575443907994
5.476217624715831,5.476246406036033,5.476269431151849,5.476286700023511,5.476298212621188,5.476303968924999,5.476303968924999,5.476298212621188,5.476286700023511,5.476269431151849,5.476246406036033,5.476217624715831
5.476867389619134,5.4768961768461475,5.4769192066874375,5.476936479103216,5.4769479940636465,5.476953751548834,5.476953751548834,5.4769479940636465,5.476936479103216,5.4769192066874375,5.4768961768461475,5.476867389619134
5.47752474257341,5.477553535776247,5.477576570398217,5.47759384639952,5.477605363750307,5.477611122430675,5.477611122430675,5.477605363750307,5.47759384639952,5.477576570398217,5.477553535776247,5.47752474257341
5.478189687578621,5.478218486826323,5.478241526284207,5.478258805912461,5.478270325681219,5.478276085570576,5.478276085570576,5.478270325681219,5.478258805912461,5.478241526284207,5.478218486826323,5.478189687578621
5.478862228679103,5.478891034040741,5.478914078389799,5.478931361686446,5.478942883900808,5.478948645012967,5.478948645012967,5.478942883900808,5.478931361686446,5.478914078389799,5.478891034040741,5.478862228679103
5.479542369963483,5.479571181508167,5.4795942308036825,5.479611517810188,5.479623042497795,5.479628804846579,5.479628804846579,5.479623042497795,5.479611517810188,5.4795942308036825,5.479571181508167,5.479542369963483
5.480230115564612,5.480258933361477,5.480281987658765,5.480299278416613,5.480310805605121,5.4803165692043585,5.4803165692043585,5.480310805605121,5.480299278416613,5.480281987658765,5.480258933361477,5.480230115564612
5.480925469659473,5.480954293777696,5.4809773531320936,5.480994647682786,5.481006177399865,5.4810119422633905,5.4810119422633905,5.481006177399865,5.480994647682786,5.4809773531320936,5.480954293777696,5.480925469659473
5.481628436469114,5.481657266977899,5.481680331444771,5.481697629829835,5.481709162103168,5.481714928244821,5.481714928244821,5.481709162103168,5.481697629829835,5.481680331444771,5.481657266977899,5.481628436469114
5.4823390202585545,5.482367857227143,5.482390926861882,5.482408229122861,5.482419763980143,5.482425531413775,5.482425531413775,5.482419763980143,5.482408229122861,5.482390926861882,5.482367857227143,5.4823390202585545
5.483057225336712,5.4830860688343765,5.483109143692403,5.483126449870861,5.483137987339805,5.483143756079269,5.483143756079269,5.483137987339805,5.483126449870861,5.483109143692403,5.4830860688343765,5.483057225336712
5.48378305605631,5.483811906152361,5.483834986289124,5.483852296426648,5.483863836534977,5.4838696065941335,5.4838696065941335,5.483863836534977,5.483852296426648,5.483834986289124,5.483811906152361,5.48378305605631
5.484516516813805,5.484545373577589,5.484568459048561,5.484585773186761,5.48459731596221,5.484603087354932,5.484603087354932,5.48459731596221,5.484585773186761,5.484568459048561,5.484545373577589,5.484516516813805
5.4852576120492955,5.4852864755501916,5.485309566410881,5.48532688459138,5.485338430061708,5.485344202801867,5.485344202801867,5.485338430061708,5.48532688459138,5.485309566410881,5.4852864755501916,5.4852576120492955
5.486006346246441,5.486035216553865,5.486058312859802,5.486075635124255,5.486087183317222,5.486092957418706,5.486092957418706,5.486087183317222,5.486075635124255,5.486058312859802,5.486035216553865,5.486006346246441
5.486762723932367,5.4867916011157725,5.486814702922521,5.4868320293125965,5.486843580255987,5.486849355732685,5.486849355732685,5.486843580255987,5.4868320293125965,5.486814702922521,5.4867916011157725,5.486762723932367
5.487526749677595,5.487555633806467,5.487578741169617,5.487596071727012,5.4876076254486215,5.48761340231443,5.48761340231443,5.4876076254486215,5.487596071727012,5.487578741169617,5.487555633806467,5.487526749677595
5.488298428095931,5.4883273192398,5.4883504322149745,5.4883677669813995,5.48837932350904,5.488385101777867,5.488385101777867,5.48837932350904,5.4883677669813995,5.4883504322149745,5.4883273192398,5.488298428095931
5.489077763844403,5.48910666207283,5.489129780715677,5.489147119732877,5.489158679094371,5.489164458780127,5.489164458780127,5.489158679094371,5.489147119732877,5.489129780715677,5.48910666207283,5.489077763844403
5.48986476162315,5.489893667005737,5.48991679137194,5.48993413468167,5.4899456969048614,5.489951478021467,5.489951478021467,5.4899456969048614,5.48993413468167,5.48991679137194,5.489893667005737,5.48986476162315
5.490659426175348,5.490688338781732,5.490711468927001,5.49072881657105,5.49074038168379,5.490746164245175,5.490746164245175,5.49074038168379,5.49072881657105,5.490711468927001,5.490688338781732,5.490659426175348
5.4914617622871065,5.491490682186967,5.4915138181670455,5.491531170187216,5.491542738217381,5.49154852223748,5.49154852223748,5.491542738217381,5.491531170187216,5.4915138181670455,5.491490682186967,5.4914617622871065
5.492271774787388,5.492300702050439,5.492323843921099,5.492341200359222,5.492352771334698,5.492358556827454,5.492358556827454,5.492352771334698,5.492341200359222,5.492323843921099,5.492300702050439,5.492271774787388
5.493089468547904,5.493118403243903,5.493141551060949,5.4931589119588775,5.493170485907567,5.493176272886931,5.493176272886931,5.493170485907567,5.4931589119588775,5.493141551060949,5.493118403243903,5.493089468547904
5.493914848483036,5.493943790681776,5.493966944501045,5.493984309900658,5.493995886850476,5.494001675330408,5.494001675330408,5.493995886850476,5.493984309900658,5.493966944501045,5.493943790681776,5.493914848483036
5.4947479195497255,5.4947768693210435,5.494800029198403,5.4948173991416,5.4948289791204825,5.49483476911495,5.49483476911495,5.4948289791204825,5.4948173991416,5.494800029198403,5.4947768693210435,5.4947479195497255
5.495588686747396,5.495617644161165,5.495640810152514,5.49565818468122,5.49566976771712,5.495675559240096,5.495675559240096,5.49566976771712,5.49565818468122,5.495640810152514,5.495617644161165,5.495588686747396
5.496437155117841,5.496466120243975,5.496489292405249,5.496506671561417,5.496518257682295,5.496524050747766,5.496524050747766,5.496518257682295,5.496506671561417,5.496489292405249,5.496466120243975,5.496437155117841
5.4972933297451405,5.497322302653599,5.49734548104076,5.497362864866362,5.497374454100208,5.497380248722163,5.497380248722163,5.497374454100208,5.497362864866362,5.49734548104076,5.497322302653599,5.4972933297451405
5.498157215755559,5.49818619651634,5.498209381185389,5.498226769722424,5.498238362097233,5.498244158289673,5.498244158289673,5.498238362097233,5.498226769722424,5.498209381185389,5.49818619651634,5.498157215755559
5.4990288183174485,5.499057807000591,5.499080998007559,5.49909839129805,5.49910998684184,5.4991157846187715,5.4991157846187715,5.49910998684184,5.49909839129805,5.499080998007559,5.499057807000591,5.4990288183174485
5.499908142641149,5.499937139316733,5.499960336717686,5.499977734803686,5.499989333544486,5.499995132919928,5.499995132919928,5.499989333544486,5.499977734803686,5.499960336717686,5.499937139316733,5.499908142641149
5.500795193978889,5.500824198717039,5.500847402568077,5.500864805491657,5.500876407457522,5.500882208445497,5.500882208445497,5.500876407457522,5.500864805491657,5.500847402568077,5.500824198717039,5.500795193978889
5.501689977624687,5.50171899049557,5.501742200852826,5.501759608656089,5.501771213875083,5.501777016489626,5.501777016489626,5.501771213875083,5.501759608656089,5.501742200852826,5.50171899049557,5.501689977624687
5.502592498914251,5.502621519988077,5.502644736907719,5.5026621496327905,5.502673758133,5.502679562388153,5.502679562388153,5.502673758133,5.5026621496327905,5.502644736907719,5.502621519988077,5.502592498914251
5.503502763224875,5.5035317925718985,5.5035550161101305,5.503572433799162,5.5035840456086875,5.503589851518501,5.503589851518501,5.5035840456086875,5.503572433799162,5.5035550161101305,5.5035317925718985,5.503502763224875
5.50442077597534,5.504449813665858,5.504473043878917,5.504490466574088,5.504502081721048,5.504507889299583,5.504507889299583,5.504502081721048,5.504490466574088,5.504473043878917,5.504449813665858,5.50442077597534
5.505346542625808,5.50537558873016,5.505398825674321,5.505416253417836,5.505427871930369,5.5054336811916915,5.5054336811916915,5.505427871930369,5.505416253417836,5.505398825674321,5.50537558873016,5.505346542625808
5.506280068677715,5.5063091232662895,5.506332366997862,5.506349799831955,5.506361421738214,5.506367232696404,5.506367232696404,5.506361421738214,5.506349799831955,5.506332366997862,5.5063091232662895,5.506280068677715
5.5072213596736805,5.507250422816908,5.507273673392236,5.507291111359166,5.5073027366873255,5.507308549356468,5.507308549356468,5.5073027366873255,5.507291111359166,5.507273673392236,5.507250422816908,5.5072213596736805
5.508170421197386,5.508199492965744,5.50822275044121,5.508240193583261,5.508251822361512,5.508257636755703,5.508257636755703,5.508251822361512,5.508240193583261,5.50822275044121,5.508199492965744,5.508170421197386
5.509127258873479,5.5091563393374905,5.50917960376951,5.509197052128998,5.509208684385549,5.509214500518893,5.509214500518893,5.509208684385549,5.509197052128998,5.50917960376951,5.5091563393374905,5.509127258873479
5.510091878367462,5.510120967597693,5.510144239042724,5.51016169266199,5.51017332842507,5.51017914631168,5.51017914631168,5.51017332842507,5.51016169266199,5.510144239042724,5.510120967597693,5.510091878367462
5.511064285385588,5.511093383452655,5.511116661967189,5.5111341208886016,5.511145760186455,5.511151579840455,5.511151579840455,5.511145760186455,5.5111341208886016,5.511116661967189,5.511093383452655,5.511064285385588
5.512044485674753,5.512073592649315,5.512096878289881,5.512114342555839,5.512125985416731,5.512131806852253,5.512131806852253,5.512125985416731,5.512114342555839,5.512096878289881,5.512073592649315,5.512044485674753
5.51303248502238,5.51306160097515,5.513084893798315,5.513102363451242,5.5131140099034575,5.513119833134644,5.513119833134644,5.5131140099034575,5.513102363451242,5.513084893798315,5.51306160097515,5.51303248502238
5.514028289256326,5.5140574142580565,5.514080714320425,5.514098189402777,5.514109839474617,5.51411566451562,5.51411566451562,5.514109839474617,5.514098189402777,5.514080714320425,5.5140574142580565,5.514028289256326
5.51503190424475,5.515061038366247,5.515084345724464,5.5151018262787215,5.5151134799985115,5.51511930686349,5.51511930686349,5.5151134799985115,5.5151018262787215,5.515084345724464,5.515061038366247,5.51503190424475
5.516043335896024,5.516072479208138,5.516095793918885,5.516113279987563,5.51612493738364,5.516130766086767,5.516130766086767,5.51612493738364,5.516113279987563,5.516095793918885,5.516072479208138,5.516043335896024
5.517062590158602,5.517091742732236,5.517115064852235,5.517132556477872,5.517144217578599,5.517150048134053,5.517150048134053,5.517144217578599,5.517132556477872,5.517115064852235,5.517091742732236,5.517062590158602
5.518089673020924,5.518118834927028,5.518142164513039,5.5181596617382045,5.518171326571962,5.518177158993934,5.518177158993934,5.518171326571962,5.5181596617382045,5.518142164513039,5.518118834927028,5.518089673020924
5.5191245905112964,5.519153761820868,5.51917709892969,5.519194601796985,5.519206270392172,5.519212104694864,5.519212104694864,5.519206270392172,5.519194601796985,5.51917709892969,5.519153761820868,5.5191245905112964
5.5201673486977745,5.520196529481864,5.520219874170337,5.520237382722392,5.5202490551074295,5.520254891305048,5.520254891305048,5.5202490551074295,5.520237382722392,5.520219874170337,5.520196529481864,5.5201673486977745
5.5212179536880575,5.521247144017763,5.521270496342767,5.521288010622241,5.521299686825569,5.521305524932336,5.521305524932336,5.521299686825569,5.521288010622241,5.521270496342767,5.521247144017763,5.5212179536880575
5.522276411629366,5.522305611575838,5.522328971594291,5.522346491643876,5.522358171693954,5.522364011724098,5.522364011724098,5.522358171693954,5.522346491643876,5.522328971594291,5.522305611575838,5.522276411629366
5.5233427287083305,5.523371938342769,5.523395306111634,5.523412831974048,5.5234245158993565,5.52343035786712,5.52343035786712,5.5234245158993565,5.523412831974048,5.523395306111634,5.523371938342769,5.5233427287083305
5.524416911150876,5.524446130544532,5.524469506120808,5.524487037838805,5.524498725667844,5.524504569587476,5.524504569587476,5.524498725667844,5.524487037838805,5.524469506120808,5.524446130544532,5.524416911150876
5.525498965222099,5.525528194446277,5.525551577887009,5.525569115503368,5.52558080726466,5.525586653150422,5.525586653150422,5.52558080726466,5.525569115503368,5.525551577887009,5.525528194446277,5.525498965222099
5.526588897226163,5.526618136352216,5.526641527714485,5.5266590712720225,5.526670766994109,5.526676614860273,5.526676614860273,5.526670766994109,5.5266590712720225,5.526641527714485,5.526618136352216,5.526588897226163
5.527686713506164,5.527715962605499,5.527739361946434,5.527756911487992,5.527768611199438,5.527774461060283,5.527774461060283,5.527768611199438,5.527756911487992,5.527739361946434,5.527715962605499,5.527686713506164
5.528792420444025,5.528821679588102,5.528845086964871,5.5288626425333245,5.528874346262714,5.5288801981325335,5.5288801981325335,5.528874346262714,5.5288626425333245,5.528845086964871,5.528821679588102,5.528792420444025
5.529906024460369,5.529935293720703,5.529958709190514,5.529976270828774,5.52998797860471,5.529993832497808,5.529993832497808,5.52998797860471,5.529976270828774,5.529958709190514,5.529935293720703,5.529906024460369
5.531027532014408,5.531056811462561,5.531080235082667,5.531097802833675,5.531109514684785,5.531115370615473,5.531115370615473,5.531109514684785,5.531097802833675,5.531080235082667,5.531056811462561,5.531027532014408
5.532156949603808,5.532186239311402,5.532209671139103,5.532227245045825,5.53223896100076,5.532244818983362,5.532244818983362,5.53223896100076,5.532227245045825,5.532209671139103,5.532186239311402,5.532156949603808
5.533294283764586,5.533323583803293,5.533347023895924,5.53336460400137,5.533376324088795,5.533382184137649,5.533382184137649,5.533376324088795,5.53336460400137,5.533347023895924,5.533323583803293,5.533294283764586
5.534439541070967,5.534468851512516,5.5344922999274635,5.534509886274668,5.534521610523279,5.534527472652725,5.534527472652725,5.534521610523279,5.534509886274668,5.5344922999274635,5.534468851512516,5.534439541070967
5.535592728135286,5.53562204905146,5.535645505846147,5.535663098478182,5.535674826916688,5.5356806911410885,5.5356806911410885,5.535674826916688,5.535663098478182,5.535645505846147,5.53562204905146,5.535592728135286
5.536753851607841,5.5367831830704795,5.5368066483023775,5.536824247262345,5.536835979919486,5.536841846253205,5.536841846253205,5.536835979919486,5.536824247262345,5.5368066483023775,5.5367831830704795,5.536753851607841
5.537922918176791,5.537952260257785,5.5379757339844105,5.537993339315447,5.538005076219979,5.5380109446773975,5.5380109446773975,5.538005076219979,5.537993339315447,5.5379757339844105,5.537952260257785,5.537922918176791
5.539099934568013,5.539129287339313,5.539152769618225,5.5391703813635,5.539182122544204,5.539187993139711,5.539187993139711,5.539182122544204,5.5391703813635,5.539152769618225,5.539129287339313,5.539099934568013
5.54028490754499,5.540314271078602,5.540337761967405,5.540355380170124,5.5403671256558,5.540372998403798,5.540372998403798,5.5403671256558,5.540355380170124,5.540337761967405,5.540314271078602,5.54028490754499
5.541477843908681,5.541507218276666,5.541530717833011,5.5415483425364105,5.541560092355885,5.541565967270787,5.541565967270787,5.541560092355885,5.5415483425364105,5.541530717833011,5.541507218276666,5.541477843908681
5.5426787504973944,5.542708135771874,5.542731644053455,5.542749275300805,5.542761029482929,5.542766906579157,5.542766906579157,5.542761029482929,5.542749275300805,5.542731644053455,5.542708135771874,5.5426787504973944
5.543887634186665,5.543917030439813,5.543940547504372,5.543958185338983,5.543969943912623,5.5439758232046135,5.5439758232046135,5.543969943912623,5.543958185338983,5.543940547504372,5.543917030439813,5.543887634186665
5.54510450188912,5.545133909193172,5.545157435098497,5.545175079563706,5.54518684255776,5.54519272405996,5.54519272405996,5.54518684255776,5.545175079563706,5.545157435098497,5.545133909193172,5.54510450188912
5.546329360554362,5.54635877898161,5.546382313785534,5.546399964924719,5.5464117323680995,5.546417616094968,5.546417616094968,5.5464117323680995,5.546399964924719,5.546382313785534,5.54635877898161,5.546329360554362
5.547562217168828,5.547591646791621,5.547615190552026,5.547632848408597,5.5476446203302485,5.547650506296254,5.547650506296254,5.5476446203302485,5.547632848408597,5.547615190552026,5.547591646791621,5.547562217168828
5.548803078755673,5.548832519646419,5.548856072421232,5.548873737038636,5.5488855134675195,5.548891401687146,5.548891401687146,5.5488855134675195,5.548873737038636,5.548856072421232,5.548832519646419,5.548803078755673
5.550051952374625,5.5500814046057965,5.550104966452994,5.55012263787471,5.550134418839816,5.550140309327556,5.550140309327556,5.550134418839816,5.55012263787471,5.550104966452994,5.5500814046057965,5.550051952374625
5.55130884512188,5.5513383087660015,5.551361879743605,5.551379558013153,5.55139134354349,5.55139723631385,5.55139723631385,5.55139134354349,5.551379558013153,5.551361879743605,5.5513383087660015,5.55130884512188
5.552573764129943,5.552603239259605,5.552626819425684,5.552644504586615,5.55265629471122,5.552662189778719,5.552662189778719,5.55265629471122,5.552644504586615,5.552626819425684,5.552603239259605,5.552573764129943
5.553846716567518,5.553876203255367,5.553899792668041,5.553917484763943,5.553929279511877,5.553935176891043,5.553935176891043,5.553929279511877,5.553917484763943,5.553899792668041,5.553876203255367,5.553846716567518
5.555127709639365,5.555157207958109,5.555180806675545,5.555198505750045,5.55521030515039,5.555216204855767,5.555216204855767,5.55521030515039,5.555198505750045,5.555180806675545,5.555157207958109,5.555127709639365
5.556416750586173,5.556446260608581,5.556469868688996,5.5564875747857565,5.556499378867621,5.556505280913761,5.556505280913761,5.556499378867621,5.5564875747857565,5.556469868688996,5.556446260608581,5.556416750586173
5.557713846684426,5.557743368483331,5.557766985984987,5.557784699147707,5.557796507940224,5.557802412341694,5.557802412341694,5.557796507940224,5.557784699147707,5.557766985984987,5.557743368483331,5.557713846684426
5.559019005246272,5.559048538894565,5.559072165875778,5.559089886148191,5.559101699680518,5.559107606451896,5.559107606451896,5.559101699680518,5.559089886148191,5.559072165875778,5.559048538894565,5.559019005246272
5.560332233619385,5.560361779190019,5.560385415709153,5.5604031431350345,5.560414961436352,5.560420870592229,5.560420870592229,5.560414961436352,5.5604031431350345,5.560385415709153,5.560361779190019,5.560332233619385
5.561653539186832,5.561683096752825,5.561706742868292,5.561724477491451,5.561736300590967,5.561742212145947,5.561742212145947,5.561736300590967,5.561724477491451,5.561706742868292,5.561683096752825,5.561653539186832
5.562982929366943,5.563012499001375,5.563036154771639,5.563053896635925,5.563065724562871,5.56307163853157,5.56307163853157,5.563065724562871,5.563053896635925,5.563036154771639,5.563012499001375,5.562982929366943
5.5643204116131715,5.564349993389183,5.564373658872761,5.564391408022058,5.5644032408056905,5.564409157202737,5.564409157202737,5.5644032408056905,5.564391408022058,5.564373658872761,5.564349993389183,5.5643204116131715
5.565665993413957,5.565695587404756,5.56571926266021,5.565737019138442,5.565748856808047,5.565754775648084,5.565754775648084,5.565748856808047,5.565737019138442,5.56571926266021,5.565695587404756,5.565665993413957
5.567019682292596,5.56704928857145,5.567072973657398,5.567090737508528,5.567102580093412,5.5671085013910915,5.5671085013910915,5.567102580093412,5.567090737508528,5.567072973657398,5.56704928857145,5.567019682292596
5.5683814858070955,5.568411104447341,5.56843479942245,5.568452570690479,5.568464418219975,5.568470341989965,5.568470341989965,5.568464418219975,5.568452570690479,5.56843479942245,5.568411104447341,5.5683814858070955
5.5697514115500475,5.569781042625081,5.569804747548068,5.5698225262770364,5.569834378780505,5.569840305037485,5.569840305037485,5.569834378780505,5.5698225262770364,5.569804747548068,5.569781042625081,5.5697514115500475
5.57112946714848,5.571159110731765,5.5711828256614035,5.571200611895389,5.571212469402214,5.5712183981608785,5.5712183981608785,5.571212469402214,5.571200611895389,5.5711828256614035,5.571159110731765,5.57112946714848
5.572515660263727,5.572545316428793,5.572569041423906,5.572586835207024,5.572598697746619,5.572604629021672,5.572604629021672,5.572598697746619,5.572586835207024,5.572569041423906,5.572545316428793,5.572515660263727
5.573909998591287,5.573939667411727,5.573963402531188,5.573981203907596,5.573993071509402,5.573999005315562,5.573999005315562,5.573993071509402,5.573981203907596,5.573963402531188,5.573939667411727,5.573909998591287
5.57531248986068,5.575342171410155,5.575365916712894,5.575383725726791,5.575395598420266,5.575401534772267,5.575401534772267,5.575395598420266,5.575383725726791,5.575365916712894,5.575342171410155,5.57531248986068
5.576723141835316,5.576752836187553,5.576776591732552,5.576794408428171,5.57680628624281,5.576812225155397,5.576812225155397,5.57680628624281,5.576794408428171,5.576776591732552,5.576752836187553,5.576723141835316
5.578141962312352,5.578171669541142,5.578195435387434,5.578213259809055,5.578225142774373,5.578231084262305,5.578231084262305,5.578225142774373,5.578213259809055,5.578195435387434,5.578171669541142,5.578141962312352
5.579568959122547,5.579598679301752,5.579622455508425,5.579640287700361,5.579652175845906,5.579658119923955,5.579658119923955,5.579652175845906,5.579640287700361,5.579622455508425,5.579598679301752,5.579568959122547
5.581004140130126,5.581033873333673,5.581057659959871,5.581075499966483,5.581087393321822,5.581093340004774,5.581093340004774,5.581087393321822,5.581075499966483,5.581057659959871,5.581033873333673,5.581004140130126
5.582447513232639,5.582477259534523,5.582501056639443,5.582518904505124,5.582530803099861,5.582536752402513,5.582536752402513,5.582530803099861,5.582518904505124,5.582501056639443,5.582477259534523,5.582447513232639
5.583899086360817,5.5839288458351,5.583952653477993,5.583970509247184,5.58398241311094,5.583988365048108,5.583988365048108,5.58398241311094,5.583970509247184,5.583952653477993,5.5839288458351,5.583899086360817
5.585358867478429,5.5853886401992465,5.585412458439416,5.585430322156597,5.585442231319027,5.585448185905536,5.585448185905536,5.585442231319027,5.585430322156597,5.585412458439416,5.5853886401992465,5.585358867478429
5.586826864582144,5.586856650623694,5.586880479520504,5.586898351230195,5.586910265720979,5.58691622297167,5.58691622297167,5.586910265720979,5.586898351230195,5.586880479520504,5.586856650623694,5.586826864582144
5.5883030857013845,5.5883328851379375,5.588356724750803,5.588374604497565,5.588386524346414,5.58839248427614,5.58839248427614,5.588386524346414,5.588374604497565,5.588356724750803,5.5883328851379375,5.5883030857013845
5.589787538898181,5.5898173518040775,5.589841202192471,5.58985909002091,5.589871015257557,5.589876977881187,5.589876977881187,5.589871015257557,5.58985909002091,5.589841202192471,5.5898173518040775,5.589787538898181
5.591280232267038,5.591310058716686,5.591333919940132,5.591351815894894,5.591363746549104,5.59136971188152,5.59136971188152,5.591363746549104,5.591351815894894,5.591333919940132,5.591310058716686,5.591280232267038
5.59278117393477,5.592811014002651,5.592834886120739,5.592852790246511,5.592864726348076,5.592870694404173,5.592870694404173,5.592864726348076,5.592852790246511,5.592834886120739,5.592811014002651,5.59278117393477
5.594290372060384,5.594320225821047,5.594344108893415,5.594362021234929,5.59437396281367,5.59437993360836,5.59437993360836,5.59437396281367,5.594362021234929,5.594344108893415,5.594320225821047,5.594290372060384
5.595807834834913,5.59583770236298,5.595861596449325,5.595879517051353,5.595891464137118,5.595897437685327,5.595897437685327,5.595891464137118,5.595879517051353,5.595861596449325,5.59583770236298,5.595807834834913
5.597333570481276,5.59736345185144,5.597387357011517,5.597405285918875,5.597417238541544,5.597423214858207,5.597423214858207,5.597417238541544,5.597405285918875,5.597387357011517,5.59736345185144,5.597333570481276
5.598867587254142,5.598897482541165,5.598921398834785,5.598939336092334,5.598951294281811,5.598957273381882,5.598957273381882,5.598951294281811,5.598939336092334,5.598921398834785,5.598897482541165,5.598867587254142
5.600409893439765,5.600439802718485,5.600463730205519,5.600481675858159,5.60049363964438,5.600499621542829,5.600499621542829,5.60049363964438,5.600481675858159,5.600463730205519,5.600439802718485,5.600409893439765
5.601960497355857,5.601990420701184,5.602014359441559,5.602032313534237,5.602044282947164,5.602050267658972,5.602050267658972,5.602044282947164,5.602032313534237,5.602014359441559,5.601990420701184,5.601960497355857
5.603519407351429,5.603549344838345,5.603573294892044,5.603591257469751,5.603603232539379,5.603609220079541,5.603609220079541,5.603603232539379,5.603591257469751,5.603573294892044,5.603549344838345,5.603519407351429
5.605086631806649,5.605116583510208,5.605140544937278,5.605158516045044,5.605170496801396,5.605176487184924,5.605176487184924,5.605170496801396,5.605158516045044,5.605140544937278,5.605116583510208,5.605086631806649
5.606662179132693,5.606692145128022,5.606716117988565,5.60673409767147,5.6067460841445955,5.606752077386515,5.606752077386515,5.6067460841445955,5.60673409767147,5.606716117988565,5.606692145128022,5.606662179132693
5.608246057771591,5.608276038133895,5.608300022488075,5.608318010791239,5.60833000301122,5.608335999126573,5.608335999126573,5.60833000301122,5.608318010791239,5.608300022488075,5.608276038133895,5.608246057771591
5.609838276196096,5.609868271000649,5.609892266908686,5.609910263877276,5.609922261874224,5.609928260878064,5.609928260878064,5.609922261874224,5.609910263877276,5.609892266908686,5.609868271000649,5.609838276196096
5.611438842909513,5.611468852231667,5.611492859753842,5.611510865433069,5.611522869237125,5.611528871144523,5.611528871144523,5.611522869237125,5.611510865433069,5.611492859753842,5.611468852231667,5.611438842909513
5.6130477664455665,5.613077790360748,5.613101809557401,5.613119823992522,5.6131318336338545,5.613137838459897,5.613137838459897,5.6131318336338545,5.613119823992522,5.613101809557401,5.613077790360748,5.6130477664455665
5.614665055368246,5.614695093951954,5.614719124883489,5.614737148119803,5.614749163628616,5.614755171388401,5.614755171388401,5.614749163628616,5.614737148119803,5.614719124883489,5.614695093951954,5.614665055368246
5.616290718271652,5.616320771599465,5.616344814326342,5.616362846409198,5.61637486781572,5.616380878524367,5.616380878524367,5.61637486781572,5.616362846409198,5.616344814326342,5.616320771599465,5.616290718271652
5.617924763779855,5.617954831927426,5.617978886510168,5.617996927484956,5.618008954819451,5.618014968492088,5.618014968492088,5.618008954819451,5.617996927484956,5.617978886510168,5.617954831927426,5.617924763779855
5.619567200546737,5.619597283589797,5.6196213500889876,5.619639400001146,5.619651433293905,5.619657449945679,5.619657449945679,5.619651433293905,5.619639400001146,5.6196213500889876,5.619597283589797,5.619567200546737
5.621218037255848,5.621248135270202,5.621272213746487,5.621290272641501,5.621302311922845,5.621308331568918,5.621308331568918,5.621302311922845,5.621290272641501,5.621272213746485,5.6212481352702,5.621218037255848
5.622877282620251,5.6229073956817786,5.622931486195864,5.6229495541192644,5.622961599419549,5.622967622075096,5.622967622075096,5.622961599419549,5.6229495541192644,5.6229314861958635,5.6229073956817786,5.62287728262025
5.624544945382366,5.624575073567032,5.624599176179687,5.624617253177048,5.624629304526657,5.624635330206873,5.624635330206873,5.624629304526657,5.624617253177048,5.624599176179686,5.624575073567031,5.624544945382366
5.626221034313832,5.626251177697673,5.626275292469727,5.626293378586675,5.626305436016024,5.626311464736114,5.626311464736114,5.6263054360160245,5.626293378586674,5.626275292469727,5.626251177697672,5.62622103431383
5.6279055582153426,5.627935716874474,5.627959843866824,5.6279779391490266,5.6279900026885645,5.627996034463752,5.627996034463752,5.627990002688563,5.6279779391490266,5.627959843866822,5.6279357168744735,5.627905558215342
5.6295985259165,5.629628699927119,5.629652839200718,5.629670943693895,5.6296830133740965,5.629689048219625,5.629689048219623,5.629683013374097,5.629670943693894,5.629652839200717,5.629628699927118,5.629598525916499
5.6312999462756625,5.631330135714042,5.631354287329912,5.631372401079825,5.6313844769312045,5.631390514862321,5.631390514862323,5.631384476931202,5.631372401079824,5.631354287329909,5.631330135714042,5.631299946275662
5.633009828179792,5.633040033122285,5.633064197141505,5.633082320193971,5.633094402247064,5.63310044327905,5.633100443279046,5.633094402247064,5.633082320193969,5.633064197141504,5.633040033122282,5.633009828179789
5.634728180544294,5.6347584010673355,5.634782577551054,5.634800709951929,5.6348127982373155,5.634818842385447,5.634818842385449,5.634812798237313,5.634800709951929,5.634782577551053,5.634758401067334,5.634728180544294
5.636455012312883,5.63648524849298,5.63650943750241,5.636527579297603,5.636539673845884,5.636545721125472,5.6365457211254695,5.636539673845883,5.636527579297602,5.636509437502408,5.636485248492978,5.636455012312881
5.638190332457405,5.638220584371155,5.638244785967568,5.638262937203034,5.638275038044851,5.638281088471207,5.638281088471208,5.638275038044848,5.638262937203033,5.638244785967565,5.638220584371152,5.638190332457403
5.6399341499777025,5.639964417701778,5.639988631946514,5.6400067926682595,5.640018899834277,5.640024953422744,5.640024953422741,5.640018899834276,5.640006792668256,5.639988631946511,5.6399644177017745,5.639934149977699
5.641686473901452,5.641716757512608,5.64174098446707,5.641759154721148,5.641771268242072,5.641777325007995,5.641777325007995,5.641771268242071,5.641759154721146,5.6417409844670665,5.641716757512604,5.6416864739014505
5.6434473132840175,5.643477612859087,5.6435018525847465,5.643520032417259,5.643532152323823,5.643538212282571,5.64353821228257,5.64353215232382,5.643520032417254,5.643501852584743,5.6434776128590824,5.643447313284012
5.645216677208283,5.645246992824187,5.645271245382576,5.645289434839673,5.645301561162644,5.645307624329602,5.6453076243296,5.645301561162641,5.645289434839668,5.6452712453825695,5.64524699282418,5.645216677208278
5.646994574784513,5.647024906518251,5.647049171970969,5.647067371098851,5.647079503869032,5.647085570259597,5.647085570259595,5.647079503869025,5.647067371098844,5.647049171970961,5.647024906518242,5.646994574784505
5.648781015150188,5.64881136307884,5.648835641487556,5.648853850332473,5.648865989580693,5.648872059210284,5.648872059210282,5.6488659895806865,5.648853850332462,5.648835641487544,5.648811363078828,5.648781015150177
5.650576007469854,5.650606371670586,5.65063066309703,5.650648881705281,5.650661027462409,5.650667100346458,5.650667100346455,5.650661027462398,5.650648881705267,5.650630663097014,5.650606371670568,5.650576007469838
5.652379560934966,5.6524099414850255,5.652434245990998,5.652452474408931,5.6524646267058625,5.652470702859821,5.652470702859818,5.652464626705851,5.6524524744089115,5.652434245990975,5.652409941485001,5.652379560934943
5.654191684763732,5.654222081740452,5.654246399387816,5.654264637661832,5.654276796529504,5.654282875968835,5.654282875968828,5.654276796529485,5.654264637661805,5.654246399387783,5.654222081740416,5.654191684763698
5.65601238820096,5.656042801681755,5.656067132532445,5.6560853807089915,5.656097546178367,5.656103628918556,5.656103628918547,5.656097546178343,5.656085380708953,5.656067132532398,5.656042801681705,5.656012388200914
5.657841680517902,5.657872110580273,5.657896454696285,5.657914712821864,5.6579268849239455,5.657932970980488,5.657932970980476,5.65792688492391,5.6579147128218095,5.657896454696219,5.6578721105801995,5.657841680517834
5.659679571012092,5.659710017733622,5.659734375177031,5.659752643298189,5.659764822064006,5.659770911452423,5.659770911452403,5.6597648220639565,5.659752643298112,5.659734375176935,5.659710017733522,5.659679571011998
5.661526069007206,5.661556532465564,5.661580903298498,5.66159918146184,5.661611366922461,5.661617459658277,5.661617459658254,5.661611366922388,5.661599181461729,5.661580903298364,5.66155653246542,5.66152606900707
5.663381183852882,5.6634116641258245,5.663436048410491,5.6634543366626655,5.663466528849188,5.66347262494796,5.663472624947922,5.663466528849089,5.663454336662509,5.6634360484103,5.663411664125621,5.663381183852691
5.665244924924589,5.665275422089955,5.665299819888625,5.665318118276335,5.665330317219896,5.66533641669718,5.665336416697132,5.665330317219752,5.665318118276115,5.6652998198883555,5.665275422089668,5.665244924924319
5.667117301623453,5.667147815759172,5.6671722271341824,5.667190535704181,5.667202741435945,5.667208844307325,5.667208844307255,5.667202741435743,5.667190535703872,5.667172227133801,5.667147815758767,5.6671173016230725
5.668998323376108,5.669028854560193,5.669053279573956,5.669071598373048,5.669083810924212,5.669089917205282,5.669089917205184,5.669083810923925,5.669071598372609,5.669053279573418,5.66902885455962,5.66899832337557
5.6708879996345445,5.670918547945096,5.670942986660087,5.670961315735125,5.6709735351369215,5.670979644843291,5.6709796448431495,5.6709735351365165,5.6709613157345045,5.670942986659326,5.670918547944285,5.670887999633783
5.67278633987594,5.672816905391148,5.672841357869913,5.6728596972678025,5.672871923551492,5.672878036698782,5.6728780366985845,5.672871923550921,5.672859697266926,5.6728413578688395,5.672816905390004,5.6727863398748655
5.674693353602519,5.67472393640066,5.674748402705816,5.6747667524735075,5.674778985670383,5.674785102274226,5.674785102273946,5.674778985669575,5.674766752472269,5.6747484027042985,5.674723936399044,5.674693353601001
5.676609050341391,5.67663965050083,5.67666413069506,5.6766824908795535,5.676694731020933,5.67670085109697,5.676700851096573,5.676694731019793,5.6766824908778055,5.676664130692916,5.676639650498547,5.676609050339245
5.678533439644387,5.678564057243587,5.678588551389642,5.678606922037984,5.678619169155212,5.678625292719087,5.678625292718525,5.678619169153599,5.678606922035513,5.678588551386611,5.6785640572403615,5.678533439641357
5.680466531087931,5.680497166205437,5.680521674366136,5.680540055525418,5.6805523096498565,5.680558436717213,5.680558436716423,5.680552309647577,5.680540055521925,5.680521674361854,5.68049716620088,5.680466531083647
5.6824083342728615,5.68243898698732,5.682463509225547,5.682481900942895,5.682494162105924,5.6825002926924,5.682500292691282,5.682494162102704,5.682481900937963,5.682463509219496,5.6824389869808805,5.682408334266811
5.684358858824304,5.684389529214452,5.684414065593159,5.684432467915736,5.684444736148736,5.6844508702699486,5.684450870268369,5.684444736144188,5.684432467908765,5.684414065584609,5.684389529205354,5.684358858815754
5.686318114391512,5.686348802536189,5.686373353118386,5.686391766093379,5.686404041427731,5.686410179099259,5.686410179097028,5.686404041421305,5.686391766083534,5.6863733531063065,5.686348802523335,5.686318114379434
5.688286110647737,5.688316816625884,5.688341381474641,5.688359805149256,5.688372087616307,5.688378228853683,5.688378228850528,5.688372087607229,5.688359805135344,5.688341381457575,5.688316816607724,5.688286110630672
5.690262857290088,5.690293581180757,5.690318160359196,5.690336594780634,5.690348884411692,5.690355029230348,5.690355029225894,5.690348884398864,5.69033659476098,5.690318160335088,5.690293581155101,5.690262857265981
5.692248364039419,5.692279105921779,5.692303699493069,5.6923221447085055,5.692334441534787,5.692340589950039,5.692340589943745,5.692334441516664,5.692322144680739,5.692303699459007,5.692279105885532,5.6922483640053585
5.694242640640212,5.694273400593563,5.694298008620904,5.694316464677463,5.694328768730054,5.6943349207570195,5.694334920748128,5.69432876870445,5.694316464638234,5.694298008572783,5.694273400542353,5.694242640592092
5.696245696860501,5.696276474964286,5.696301097510901,5.696319564455599,5.696331875765383,5.696338031418906,5.696338031406342,5.696331875729208,5.696319564400175,5.696301097442914,5.6962764748919374,5.6962456967925155
5.698257542491806,5.698288338825639,5.698312975954744,5.698331453834435,5.698343772431991,5.6983499317265185,5.69834993170877,5.698343772380882,5.698331453756134,5.698312975858693,5.698288338723424,5.698257542395757
5.70027818734913,5.700309001992824,5.700333653767602,5.700352142628882,5.700364468544345,5.7003706314937554,5.700370631468678,5.700364468472138,5.7003521425182555,5.700333653631899,5.700309001848415,5.70027818721343
5.7023076412709965,5.702338474304613,5.702363140788165,5.702381640677242,5.702393973940111,5.702400140557466,5.7024001405220375,5.702393973838096,5.702381640520947,5.702363140596444,5.702338474100587,5.702307641079277
5.704345914119581,5.704376765623488,5.7044014468787765,5.70441995784129,5.704432298480142,5.7044384687773535,5.704438468727298,5.704432298336015,5.704419957620475,5.7044014466079105,5.70437676533524,5.704345913848719
5.706393015780965,5.706423885835932,5.706448581925684,5.706467104006448,5.706479452048545,5.706485626035885,5.706485625965167,5.706479451844922,5.7064671036944805,5.706448581543,5.706423885428693,5.70639301539829
5.708448956165548,5.708479844852869,5.708504555839454,5.708523089082092,5.70853544455283,5.708541622238242,5.708541622138332,5.708535444265149,5.708523088641341,5.708504555298798,5.708479844277518,5.708448955624899
5.710513745208703,5.710544652610379,5.710569378555631,5.710587923002063,5.710600285924168,5.710606467312315,5.710606467171161,5.7106002855177325,5.710587922379368,5.710569377791785,5.710544651797516,5.71051374444487
5.71258739287177,5.712618319070758,5.712643060035724,5.7126616157254375,5.712673986117872,5.712680171208751,5.712680171009328,5.712673985543654,5.712661614845688,5.712643058956555,5.712618317922339,5.71258739179262
5.714669909143517,5.714700854224093,5.714725610268671,5.714744177237698,5.714756555114073,5.714762743901103,5.714762743619354,5.714756554302815,5.714744175994779,5.714725608744012,5.714700852601595,5.714669907618885
5.716761304042281,5.7167922680905345,5.716817039272979,5.7168356175524435,5.716848002918804,5.716854195386085,5.716854194988029,5.7168480017726475,5.7168356157964375,5.716817037118928,5.716792265798256,5.7167613018882655
5.718861587619043,5.718892570723601,5.718917357099803,5.718935946713871,5.718948339565549,5.718954535684025,5.7189545351216475,5.718948337946251,5.7189359442329675,5.718917354056539,5.718892567485048,5.718861584575829
5.720970769961853,5.721001772214877,5.721026573837366,5.7210451748003495,5.721057575117538,5.721063774839539,5.721063774045008,5.721057572829778,5.721045171295307,5.721026569537814,5.72100176763942,5.720970765662372
5.723088861202139,5.72311988270075,5.723144699617268,5.723163311929538,5.723175719671012,5.723181922922581,5.72318192180006,5.723175716438845,5.723163306977582,5.72314469354282,5.723119876236501,5.723088855127793
5.725215871523684,5.725246912371972,5.725271744623468,5.7252903682656715,5.725302783359943,5.725308990029962,5.725308988444053,5.725302778793507,5.7252903612695025,5.725271736041432,5.72524690323922,5.72521586294179
5.7273518111753825,5.72738287148724,5.727407719105038,5.7274263540299355,5.727438776362736,5.727444986287583,5.727444984046997,5.727438769911231,5.727426344145682,5.727407706980258,5.727382858584402,5.727351799050806
5.7294966904893245,5.729527770392456,5.729552633394244,5.729571279515169,5.729583708911776,5.729589921853649,5.729589918688128,5.729583699797031,5.729571265550604,5.729552616264241,5.7295277521632055,5.729496673359609
5.7316505199064025,5.731681619547984,5.731706497932159,5.731725155106723,5.731737591306992,5.731743806923266,5.7317438024509855,5.731737578429593,5.731725135377454,5.731706473730732,5.73168159379353,5.73165049570538
5.733813310012567,5.733844429567251,5.733869323304919,5.73388799131198,5.733900433935057,5.733906651735012,5.7339066454165355,5.733900415741747,5.733887963438287,5.733869289112916,5.733844393181118,5.733813275821138
5.735985071590115,5.736016211271324,5.736041120295003,5.736059798802136,5.7360722472966135,5.736078466580291,5.736078457653488,5.736072221592938,5.736059759421918,5.73604107198822,5.736016159864654,5.73598502328414
5.738165815690194,5.7381969757660976,5.738221899953754,5.738240588471278,5.738253042044777,5.73825926181659,5.738259249204718,5.738253005730382,5.73824053283454,5.738221831705479,5.738196903138274,5.7381657474430625
5.740355553735343,5.740386734551408,5.740411673703907,5.740430371519946,5.740442829039607,5.740449047886296,5.740449030068124,5.740442777734292,5.740430292915843,5.7404115772821065,5.74038663194214,5.740355457315158
5.742554297664395,5.742585499675267,5.742610453484502,5.742629159573224,5.742641619425134,5.742647835343323,5.742647810169645,5.742641546940503,5.742629048520612,5.7426103172588805,5.742585354707934,5.742554161441056
5.744762060137286,5.744793283951823,5.744818251955696,5.744836964847663,5.744849424738231,5.744855634890814,5.744855599325206,5.74484932233127,5.744836807951494,5.744818059494861,5.744793079140615,5.7447618676796806
5.746978854824487,5.747010101269391,5.747035082788193,5.747053800387182,5.747066257062508,5.747072457434426,5.747072407187003,5.747066112380996,5.747053578722808,5.747034810877725,5.747009811910198,5.746978582918579
5.749204696815998,5.749235967025732,5.749260961072256,5.749279680396413,5.749292129245756,5.749298314157677,5.749298243167652,5.749291924838369,5.749279367226912,5.749260576914597,5.749235558216349,5.749204312664783
5.751439603199294,5.751470898743149,5.751495903895654,5.751514620711725,5.751527055207223,5.751533216628399,5.751533116333036,5.751526766418568,5.751514178262932,5.751495361154108,5.751470321173409,5.7514390604668515
5.753683593876,5.753714916937663,5.753739931160352,5.7537586394668025,5.75377105037171,5.753777176949083,5.753777035250878,5.753770642368441,5.7537580143710265,5.75373916436999,5.753714100941682,5.753682827098502
5.755936692715931,5.7559680463473,5.75599306673658,5.756011758033032,5.756024132282853,5.756030207969165,5.756030007776675,5.756023555852137,5.756010874891928,5.755991983407917,5.755966893500412,5.755935609405444
5.758198929187947,5.758230317667916,5.758255340093697,5.758274002348276,5.7582863214693765,5.758292323584588,5.7582920407509235,5.758285507082983,5.758272754638412,5.758253809556654,5.758228688914722,5.75819739867659
5.760470340664737,5.760501770006556,5.760526788605027,5.760545404794324,5.760557642668575,5.760563539160296,5.760563139570666,5.760556492096691,5.760543642018563,5.7605246262475385,5.7604994688879465,5.760468178343542
5.762750975680423,5.76278245434934,5.762807460805523,5.7628260068497035,5.7628381265540005,5.762843872125604,5.762843307582732,5.762836501017462,5.762823516384695,5.762804405805509,5.762779203305218,5.762747920731694
5.765040898535598,5.765072438464495,5.765097420996861,5.765115862838065,5.765127812174555,5.765133342812285,5.765132545223702,5.765125515607062,5.76511234428865,5.765093104861345,5.765067845353149,5.765036582472548
5.767340195808537,5.767371813836402,5.7673967557587895,5.767415045224757,5.767426750396722,5.767431975632441,5.767430848799352,5.767423505799724,5.767410074192722,5.767390657874557,5.767365324630586,5.767334098026703
5.769648985564687,5.769680705476212,5.7697055831587445,5.76972365210117,5.7697350087599215,5.769739800730301,5.76973820874967,5.769730424802338,5.769716629000293,5.769696967991033,5.76967153742594,5.76964037054167
5.7719674303886785,5.7719992858111535,5.772024065784105,5.772041817760522,5.772052678319603,5.772056856291098,5.77205460717753,5.772046202164656,5.772031895509557,5.772011894142779,5.771986333000372,5.771955258951811
5.774295755838249,5.774327794366929,5.774352429196416,5.774369727641388,5.7743798832795585,5.774383191753049,5.774380014319263,5.774370733977478,5.774355709527932,5.774335232852284,5.774309494243452,5.77427855978303
5.776634276602579,5.776666565699802,5.7766909880901665,5.776707639439447,5.776716794522627,5.7767188722435305,5.776714383488075,5.776703869010275,5.776687834873258,5.776666692580199,5.776640710403575,5.776609981500865
5.778983433638733,5.779016069125506,5.779040183429869,5.779055912921505,5.779063648553242,5.779063984637617,5.779057643803434,5.779045389118755,5.779027933779055,5.779005857580006,5.778979538658161,5.778949108365784
5.781343847017363,5.781376965429269,5.781400635296637,5.78141505199023,5.781420773864393,5.781418645684234,5.781409689698944,5.781394981603012,5.781375525251921,5.7813521369936005,5.781325349954067,5.781295349529597
5.783716391395985,5.783750188284755,5.783773218362784,5.783785763915522,5.783788627272054,5.783783012577295,5.783770365740319,5.7837522003670605,5.783729926642264,5.783704693181005,5.7836772526069815,5.783647867366422
5.786102304418587,5.78613706227204,5.786159170293269,5.78616904238635,5.786167843083437,5.786157295961775,5.786139444658563,5.786116411810303,5.786090172080404,5.786062340773602,5.786033984197859,5.786005476527577
5.788503343774409,5.788539476729513,5.788560248807247,5.788566282916978,5.788559297377738,5.7885417741853775,5.788516595767286,5.7884867207643556,5.7884548997056005,5.788423404224599,5.788393757451107,5.78836650149453
5.790922017780441,5.7909601490233635,5.790978962264722,5.790979440077946,5.7909641863029435,5.790936804601177,5.7909013404101675,5.790861872702651,5.790822198658622,5.79078551585048,5.790754036747305,5.79072857462386
5.793361930159612,5.793403042604638,5.7934189144513555,5.7934112321302695,5.7933841064488565,5.7933428207821205,5.793292991821334,5.793240134201793,5.793189409571914,5.79314532694081,5.79311120220941,5.793088347262395
5.795828305890962,5.795874086405236,5.795885330439994,5.795865377173692,5.795821096193604,5.7957602898431455,5.795690581443385,5.795619172226845,5.795552887966293,5.795498089579523,5.795460007309606,5.795441071577052
5.798328794304841,5.798382582653695,5.798385859708086,5.79834676589754,5.798277527246446,5.7981895768504375,5.798092787731761,5.7979960010962595,5.79790779624095,5.797837051816348,5.797792581559094,5.797779995742025
5.8008745750729815,5.800944512530574,5.800931682179731,5.800861221775792,5.800755592312196,5.80063062478918,5.800497913679895,5.800367170261966,5.8002481661001415,5.800152661851116,5.800096193301012,5.800095568158262
5.803480913258993,5.803592138944427,5.803538063426753,5.80341377538993,5.8032559240430075,5.803082344835451,5.8029040003676595,5.80272952851297,5.802567964305741,5.802432164379336,5.802346889787092,5.802375033898769
5.802184138612288,5.806408001735196,5.806217592332496,5.806002827371157,5.805774918585371,5.805541764975452,5.805309149154489,5.805081913709346,5.8048649327121495,5.8046640759607495,5.8044871018961075,5.801207049139092
