9.69635624861075,9.696385163837268,9.696415843092776,9.696385163837268,9.69635624861075
9.69632733338423,9.696419371342296,9.69645005075793,9.696419371342296,9.69632733338423
9.696415841989053,9.696507881199759,9.696538561032945,9.696507881199759,9.696415841989053
9.696558652932879,9.696650694168511,9.696681374676675,9.696650694168511,9.696558652932879
9.696755767462562,9.696847811495429,9.696878492936008,9.696847811495429,9.696755767462562
9.697007187312991,9.697099234915447,9.697129917545897,9.697099234915447,9.697007187312991
9.697312914707124,9.697404966651577,9.697435650729364,9.697404966651577,9.697312914707124
9.69767295235602,9.69776500941494,9.697795695197563,9.69776500941494,9.69767295235602
9.698087303458879,9.698179366404819,9.698210054149792,9.698179366404819,9.698087303458879
9.698555971703094,9.698648041308699,9.698678731273567,9.698648041308699,9.698555971703094
9.699078961264318,9.699171038302323,9.699201730744676,9.699171038302323,9.699078961264318
9.699656276806513,9.699748362049775,9.699779057227225,9.699748362049775,9.699656276806513
9.70028792348203,9.70038001770353,9.700410715873744,9.70038001770353,9.70028792348203
9.700973906931702,9.701066010904555,9.701096712325235,9.701066010904555,9.700973906931702
9.701714233284903,9.701806347782375,9.701837052711282,9.701806347782375,9.701714233284903
9.702508909159684,9.702601034955197,9.702631743650137,9.702601034955197,9.702508909159684
9.703357941662833,9.703450079529988,9.70348079224883,9.703450079529988,9.703357941662833
9.704261338390024,9.7043534891026,9.70438420610327,9.7043534891026,9.704261338390024
9.705219107425906,9.705311271757882,9.70534199329838,9.705311271757882,9.705219107425906
9.706231257344259,9.706323436069818,9.7063541624082,9.706323436069818,9.706231257344259
9.707297797208097,9.707389991101643,9.70742072249605,9.707389991101643,9.707297797208097
9.708418736569836,9.708510946406005,9.708541683114646,9.708510946406005,9.708418736569836
9.709594085471423,9.709686312025093,9.709717054306264,9.709686312025093,9.709594085471423
9.710823854444513,9.710916098490816,9.7109468466029,9.710916098490816,9.710823854444513
9.712108054510617,9.712200316824958,9.712231071026416,9.712200316824958,9.712108054510617
9.713446697181283,9.713538978539336,9.713569739088733,9.713538978539336,9.713446697181283
9.714839794458275,9.71493209563601,9.714962862792003,9.71493209563601,9.714839794458275
9.716287358833751,9.716379680607444,9.716410454628791,9.716379680607444,9.716287358833751
9.717789403290482,9.717881746436715,9.717912527582284,9.717881746436715,9.717789403290482
9.719345941302034,9.71943830659772,9.719469095126474,9.71943830659772,9.719345941302034
9.720956986832977,9.721049375055365,9.7210801712264,9.721049375055365,9.720956986832977
9.722622554339127,9.72271496626582,9.722745770338328,9.72271496626582,9.722622554339127
9.724342658767744,9.724435095176702,9.72446590741001,9.724435095176702,9.724342658767744
9.726117315557792,9.72620977722735,9.726240597880903,9.72620977722735,9.726117315557792
9.72794654064015,9.728039028349034,9.728069857682407,9.728039028349034,9.72794654064015
9.729830350437899,9.729922864965223,9.729953703238124,9.729922864965223,9.729830350437899
9.731768761866546,9.731861303991836,9.731892151464113,9.731861303991836,9.731768761866546
9.733761792334299,9.733854362837512,9.733885219769142,9.733854362837512,9.733761792334299
9.735809459742356,9.73590205940387,9.735932926054987,9.73590205940387,9.735809459742356
9.737911782485156,9.738004412085804,9.738035288716684,9.738004412085804,9.737911782485156
9.740068779450697,9.740161439771759,9.740192326642834,9.740161439771759,9.740068779450697
9.742280470020805,9.742373161844037,9.742404059215893,9.742373161844037,9.742280470020805
9.744546874071451,9.744639598179095,9.744670506312476,9.744639598179095,9.744546874071451
9.74686801197307,9.74696076914785,9.74699168830367,9.74696076914785,9.74686801197307
9.74924390459086,9.749336695616012,9.749367626055347,9.749336695616012,9.74924390459086
9.751674573285122,9.751767398944397,9.751798340928502,9.751767398944397,9.751674573285122
9.754160039911593,9.754252900989272,9.754283854779574,9.754252900989272,9.754160039911593
9.756700326821784,9.756793224102687,9.756824189960799,9.756793224102687,9.756700326821784
9.759295456863336,9.759388391132841,9.759419369320552,9.759388391132841,9.759295456863336
9.761945453380372,9.76203842542442,9.762069416203712,9.76203842542442,9.761945453380372
9.764650340213866,9.764743350818973,9.76477435445202,9.764743350818973,9.764650340213866
9.767410141702012,9.767503191655287,9.76753420840446,9.767503191655287,9.767410141702012
9.770224882680612,9.770317972769764,9.770349002897635,9.770317972769764,9.770224882680612
9.773094588483463,9.773187719496816,9.773218763266158,9.773187719496816,9.773094588483463
9.776019284942747,9.776112457669248,9.776143515343048,9.776112457669248,9.776019284942747
9.778998998389445,9.77909221361868,9.779123285460134,9.77909221361868,9.778998998389445
9.782033755653744,9.782127014175948,9.78215810044847,9.782127014175948,9.782033755653744
9.78512358406546,9.785216886671533,9.785247987638755,9.785216886671533,9.78512358406546
9.788268511454456,9.788361858935971,9.788392974861754,9.788361858935971,9.788268511454456
9.791468566151101,9.791561959300317,9.79159309044875,9.791561959300317,9.791468566151101
9.794723776986695,9.794817216596567,9.794848363231965,9.794817216596567,9.794723776986695
9.798034173293914,9.798127660158112,9.798158822545041,9.798127660158112,9.798034173293914
9.801399784907296,9.801493319820214,9.801524498223463,9.801493319820214,9.801399784907296
9.804820642163687,9.804914225920447,9.804945420605065,9.804914225920447,9.804820642163687
9.808296775902722,9.8083904092992,9.808421620530481,9.8083904092992,9.808296775902722
9.811828217467319,9.811921901300147,9.811953129343632,9.811921901300147,9.811828217467319
9.815414998704142,9.815508733770729,9.815539978892229,9.815508733770729,9.815414998704142
9.81905715196414,9.819150939062673,9.819182201528246,9.819150939062673,9.81905715196414
9.822754710103018,9.822848550032486,9.822879830108462,9.822848550032486,9.822754710103018
9.826507706481776,9.826601600041972,9.826632897994955,9.826601600041972,9.826507706481776
9.830316174967217,9.83041012295876,9.830441439055623,9.83041012295876,9.830316174967217
9.834180149932495,9.83427415315683,9.834305487664723,9.83427415315683,9.834180149932495
9.838099666257632,9.838193725517058,9.838225078703415,9.838193725517058,9.838099666257632
9.84207475933008,9.842168875427749,9.842200247560292,9.842168875427756,9.84207475933008
9.846105465045278,9.846199638785205,9.846231030131952,9.846199638785237,9.846105465045278
9.850191819807202,9.850286051994264,9.85031746282355,9.850286051994381,9.850191819807202
9.854333860528953,9.854428151968834,9.854459582549381,9.85442815196927,9.854333860528953
9.858531624633319,9.858625976132297,9.85865742673344,9.858625976133922,9.858531624633319
9.86278515005337,9.862879562417453,9.862911033310034,9.862879562423526,9.86278515005337
9.867094475233056,9.867188949264749,9.867220440724344,9.867188949287414,9.867094475233056
9.871459639127758,9.871554175614015,9.87158568793302,9.871554175698602,9.871459639127757
9.87588068120475,9.875975280872058,9.87600681440461,9.875975281187745,9.875880681204743
9.880357641442796,9.880452304790472,9.880483860119162,9.88045230596863,9.880357641442773
9.884890560326857,9.88498528700995,9.88501686556294,9.884985291406919,9.884890560326774
9.8894794788143,9.889574265370449,9.88960587169457,9.889574281780249,9.889479478813984
9.894124438134615,9.894219269675098,9.894250919744664,9.894219330917647,9.894124438133437
9.898825478618935,9.898920298836343,9.89895205004489,9.898920527397888,9.898825478614539
9.903582632873714,9.903677238038021,9.903709295200047,9.90367809104592,9.903582632857304
9.908395885987183,9.90848956389187,9.908522640288869,9.908492747377869,9.908395885925934
9.913264943578536,9.913355327494271,9.91339179089366,9.913367208489934,9.913264943349912
9.918187879833633,9.918267845418612,9.918314821072459,9.918312186137584,9.918187878980234
9.915708132732252,9.923206184621671,9.923280293147275,9.923371667331772,9.915714072377472
