9.737593033806277,9.737622143487059,9.737653019163327,9.737622143487059,9.737593033806277
9.737563924125496,9.737656551347147,9.737687427184753,9.737656551347147,9.737563924125496
9.737653018050427,9.73774564653507,9.737776522793675,9.73774564653507,9.737653018050427
9.737796799289697,9.737889429816327,9.737920306755598,9.737889429816327,9.737796799289697
9.737995269101146,9.738087902448802,9.73811878032842,9.738087902448802,9.737995269101146
9.738248429235018,9.738341066182771,9.738371945262429,9.738341066182771,9.738248429235018
9.738556281933962,9.738648923260943,9.738679803800352,9.738648923260943,9.738556281933962
9.738918829933077,9.739011476418483,9.739042358677374,9.739011476418483,9.738918829933077
9.739336076459953,9.739428728883055,9.739459613121193,9.739428728883055,9.739336076459953
9.739808025234723,9.739900684374891,9.739931570852061,9.739900684374891,9.739808025234723
9.740334680470118,9.74042734710682,9.740458236082848,9.74042734710682,9.740334680470118
9.740916046871545,9.741008721784361,9.741039613519106,9.741008721784361,9.740916046871545
9.741552129637137,9.741644813605776,9.741675708359146,9.741644813605776,9.741552129637137
9.742242934457863,9.742335628262172,9.742366526294113,9.742335628262172,9.742242934457863
9.742988467517597,9.743081171937568,9.743112073508087,9.743081171937568,9.742988467517597
9.74378873549322,9.743881451309015,9.743912356678159,9.743881451309015,9.74378873549322
9.744643745554727,9.744736473546677,9.744767382974562,9.744736473546677,9.744643745554727
9.74555350536534,9.745646246313964,9.745677160060765,9.745646246313964,9.74555350536534
9.746518023081627,9.746610777767643,9.746641696093597,9.746610777767643,9.746518023081627
9.747537307353628,9.747630076557959,9.747660999723378,9.747630076557959,9.747537307353628
9.74861136732499,9.748704151828786,9.748735080094052,9.748704151828786,9.74861136732499
9.74974021263312,9.749833013217756,9.749863946843334,9.749833013217756,9.74974021263312
9.750923853409313,9.751016670856426,9.751047610102859,9.751016670856426,9.750923853409313
9.752162300278949,9.752255135370419,9.752286080498333,9.752255135370419,9.752162300278949
9.753455564361616,9.753548417879598,9.753579369149717,9.753548417879598,9.753455564361616
9.754803657271319,9.754896529998248,9.754927487671385,9.754896529998248,9.754803657271319
9.75620659111664,9.756299483835248,9.756330448172314,9.756299483835248,9.75620659111664
9.757664378500941,9.757757291994261,9.75778826325627,9.757757291994261,9.757664378500941
9.759177032522555,9.759269967573942,9.759300946022009,9.759269967573942,9.759177032522555
9.760744566774992,9.76083752416813,9.760868510063487,9.76083752416813,9.760744566774992
9.762366995347156,9.762459975866069,9.762490969470058,9.762459975866069,9.762366995347156
9.764044332823563,9.764137337252627,9.76416833882671,9.764137337252627,9.764044332823563
9.765776594284565,9.765869623408527,9.765900633214287,9.765869623408527,9.765776594284565
9.767563795306602,9.76765684991058,9.767687868209723,9.76765684991058,9.767563795306602
9.76940595196242,9.769499032831929,9.769530059886296,9.769499032831929,9.76940595196242
9.771303080821356,9.771396188742305,9.771427224813866,9.771396188742305,9.771303080821356
9.773255198949562,9.773348334708281,9.773379380059152,9.773348334708281,9.773255198949562
9.775262323910308,9.775355488293549,9.775386543185974,9.775355488293549,9.775262323910308
9.777324473764228,9.777417667559185,9.777448732255568,9.777417667559185,9.777324473764228
9.779441667069625,9.779534891063934,9.779565965826821,9.779534891063934,9.779441667069625
9.781613922882743,9.78170717786451,9.781738262956608,9.78170717786451,9.781613922882743
9.783841260758086,9.783934547515887,9.783965643200052,9.783934547515887,9.783841260758086
9.786123700748707,9.786217020071607,9.786248126610863,9.786217020071607,9.786123700748707
9.788461263406532,9.788554616084092,9.788585733741627,9.788554616084092,9.788461263406532
9.790853969782678,9.790947356604972,9.790978485644148,9.790947356604972,9.790853969782678
9.793301841427791,9.793395263185413,9.79342640386976,9.793395263185413,9.793301841427791
9.795804900392369,9.795898357876453,9.795929510469684,9.795898357876453,9.795804900392369
9.798363169227128,9.79845666322935,9.798487827995359,9.79845666322935,9.798363169227128
9.80097667098334,9.801070202295938,9.801101379498803,9.801070202295938,9.80097667098334
9.803645429213198,9.803738998628978,9.803770188532974,9.803738998628978,9.803645429213198
9.806369467970189,9.806463076282544,9.806494279152133,9.806463076282544,9.806369467970189
9.80914881180947,9.809242459812387,9.809273675912236,9.809242459812387,9.80914881180947
9.811983485788252,9.812077174276327,9.8121084038713,9.812077174276327,9.811983485788252
9.814873515466196,9.814967245234644,9.814998488589815,9.814967245234644,9.814873515466196
9.817818926905813,9.817912698750481,9.817943956131133,9.817912698750481,9.817818926905813
9.820819746672862,9.820913561390247,9.820944833061883,9.820913561390247,9.820819746672862
9.823876001836798,9.823969860224045,9.824001146452378,9.823969860224045,9.823876001836798
9.826987719971154,9.827081622826084,9.82711292387706,9.827081622826084,9.826987719971154
9.83015492915401,9.830248877275123,9.830280193414907,9.830248877275123,9.83015492915401
9.833377657968414,9.833471652154905,9.833502983649897,9.833471652154905,9.833377657968414
9.83665593550284,9.83674997655461,9.836781323671444,9.83674997655461,9.83665593550284
9.839989791351634,9.840083880069303,9.840115243074857,9.840083880069303,9.839989791351634
9.843379255615499,9.843473392800414,9.8435047719618,9.843473392800414,9.843379255615499
9.846824358901939,9.846918545356194,9.846949940940782,9.846918545356194,9.846824358901939
9.850325132325766,9.85041936885221,9.850450781127616,9.85041936885221,9.850325132325766
9.853881607509573,9.85397589491182,9.85400732414592,9.85397589491182,9.853881607509573
9.85749381658424,9.857588155666685,9.85761960212761,9.857588155666685,9.85749381658424
9.861161792189424,9.86125618375726,9.861287647713409,9.86125618375726,9.861161792189424
9.864885567474094,9.864980012333312,9.865011494053352,9.864980012333312,9.864885567474094
9.86866517609703,9.868759675054442,9.86879117480731,9.868759675054443,9.86866517609703
9.872500652227364,9.872595206090615,9.872626724145526,9.872595206090617,9.872500652227364
9.87639203054512,9.87648664012269,9.876518176749144,9.876486640122694,9.87639203054512
9.880339346241747,9.88043401234297,9.880465567810749,9.880434012342985,9.880339346241747
9.884342635020676,9.88443735845575,9.884468933034935,9.884437358455799,9.884342635020676
9.88840193309789,9.888496714677851,9.888528308638858,9.888496714678029,9.88840193309789
9.892517277202481,9.892612117739134,9.892643731352797,9.892612117739793,9.892517277202481
9.896688704577233,9.896783604882799,9.896815238420745,9.896783604885265,9.896688704577233
9.900916252979215,9.901011213865031,9.901042867600989,9.901011213874229,9.900916252979215
9.905199960680351,9.90529498295195,9.905326657166702,9.90529498298628,9.905199960680351
9.909539866468055,9.909634950906785,9.909666645906547,9.9096349510349,9.909539866468052
9.913936009645811,9.91403115694018,9.91406287312529,9.914031157418318,9.913936009645802
9.918388430033827,9.918483640523272,9.918515378644411,9.918483642307713,9.918388430033792
9.922897167969671,9.922992440688203,9.923024202802768,9.922992447347864,9.922897167969543
9.927462264309083,9.927557593416006,9.927589386457331,9.927557618270333,9.927462264308604
9.932083760427513,9.932179121885907,9.932210970984539,9.932179214644032,9.932083760425726
9.93676169822552,9.936857000081899,9.936888998285003,9.936857346261842,9.936761698218854
9.941496120155739,9.941591016959512,9.941623510807851,9.941592308927781,9.941496120130852
9.946287069371317,9.946380269455164,9.946414551689392,9.946385091173012,9.94628706927842
9.951134590567428,9.951221270069606,9.951262165558159,9.951239265064977,9.951134590220663
9.956038734806304,9.956100882546204,9.956166403223763,9.956168041154143,9.956038733511917
9.960999587351225,9.960969947487435,9.961127349002394,9.961220588209049,9.960999582519586
9.958486353809032,9.965644793986378,9.966145279978853,9.966580203062374,9.958519928282508
