5.340063726626969,5.340075854939225,5.340088136080737,5.340075854939225,5.340063726626969
5.340051598314712,5.340088441788815,5.340100722977747,5.340088441788815,5.340051598314712
5.340088135713522,5.340124979601519,5.340137260928415,5.340124979601519,5.340088135713522
5.340148624074625,5.340185468648156,5.340197750203564,5.340185468648156,5.340148624074625
5.340233063848295,5.340269909379009,5.34028219125348,5.340269909379009,5.340233063848295
5.340341455664274,5.340378302423832,5.3403905847079205,5.340378302423832,5.340341455664274
5.340473800331779,5.3405106485918585,5.340522931376123,5.3405106485918585,5.340473800331779
5.340630098839509,5.340666948871808,5.340679232246815,5.340666948871808,5.340630098839509
5.340810352355667,5.340847204431904,5.340859488488228,5.340847204431904,5.340810352355667
5.341014562227963,5.341051416619888,5.341063701448109,5.341051416619888,5.341014562227963
5.341242729983644,5.341279586963029,5.341291872653742,5.341279586963029,5.341242729983644
5.3414948573295,5.341531717168161,5.341544003811968,5.341531717168161,5.3414948573295
5.341770946151906,5.341807809121686,5.341820096809204,5.341807809121686,5.341770946151906
5.3420709985168235,5.342107864889612,5.342120153711473,5.342107864889612,5.3420709985168235
5.342395016669844,5.342431886717575,5.342444176764423,5.342431886717575,5.342395016669844
5.342743003036217,5.342779877030869,5.342792168393362,5.342779877030869,5.342743003036217
5.343114960220871,5.343151838434476,5.343164131203294,5.343151838434476,5.343114960220871
5.3435108910084566,5.343547773713104,5.34356006797894,5.343547773713104,5.3435108910084566
5.343930798363385,5.343967685831218,5.34397998168479,5.343967685831218,5.343930798363385
5.344374685429859,5.344411577933084,5.344423875465128,5.344411577933084,5.344374685429859
5.344842555531917,5.3448794533428075,5.344891752644082,5.3448794533428075,5.344842555531917
5.345334412173481,5.345371315564378,5.345383616725662,5.345371315564378,5.345334412173481
5.345850259038392,5.3458871682817115,5.34589947139381,5.3458871682817115,5.345850259038392
5.346390099990471,5.346427015358701,5.346439320512449,5.346427015358701,5.346390099990471
5.346953939073561,5.346990860839274,5.347003168125523,5.346990860839274,5.346953939073561
5.347541780511582,5.347578708947429,5.3475910184570665,5.347578708947429,5.347541780511582
5.348153628708584,5.348190564087306,5.348202875911247,5.348190564087306,5.348153628708584
5.34878948824881,5.34882643084324,5.348838745072425,5.34882643084324,5.34878948824881
5.34944936389675,5.349486313979812,5.349498630705218,5.349486313979812,5.34944936389675
5.350133260597211,5.350170218441925,5.35018253775456,5.350170218441925,5.350133260597211
5.35084118347537,5.350878149354859,5.350890471345765,5.350878149354859,5.35084118347537
5.351573137836849,5.351610112024343,5.351622436784597,5.351610112024343,5.351573137836849
5.352329129167789,5.352366111936623,5.3523784395573335,5.352366111936623,5.352329129167789
5.353109163134906,5.353146154758528,5.35315848533085,5.353146154758528,5.353109163134906
5.353913245585585,5.353950246337556,5.3539625799526736,5.353950246337556,5.353913245585585
5.354741382547937,5.354778392701942,5.354790729451083,5.354778392701942,5.354741382547937
5.355593580230894,5.355630600060733,5.3556429400351675,5.355630600060733,5.355593580230894
5.356469845024276,5.356506874803883,5.35651921809492,5.356506874803883,5.356469845024276
5.357370183498889,5.357407223502322,5.3574195702013165,5.357407223502322,5.357370183498889
5.358294602406598,5.358331652908049,5.358344003106399,5.358331652908049,5.358294602406598
5.359243108680423,5.359280169954223,5.359292523743372,5.359280169954223,5.359243108680423
5.3602157094346286,5.360252781755246,5.360265139226684,5.360252781755246,5.3602157094346286
5.361212411964812,5.361249495606863,5.361261856852129,5.361249495606863,5.361212411964812
5.362233223748008,5.362270318986253,5.362282684096932,5.362270318986253,5.362233223748008
5.363278152442776,5.363315259552126,5.363327628619859,5.363315259552126,5.363278152442776
5.364347205889309,5.3643843251448295,5.364396698261305,5.3643843251448295,5.364347205889309
5.365440392109526,5.365477523786446,5.365489901043404,5.365477523786446,5.365440392109526
5.36655771930719,5.366594863680895,5.366607245170133,5.366594863680895,5.36655771930719
5.367699195868006,5.367736353214048,5.367748739027418,5.367736353214048,5.367699195868006
5.368864830359734,5.368902000953833,5.368914391183241,5.368902000953833,5.368864830359734
5.3700546315322955,5.370091815650348,5.370104210387759,5.370091815650348,5.3700546315322955
5.371268608317899,5.371305806235972,5.371318205573411,5.371305806235972,5.371268608317899
5.372506769831145,5.3725439818254905,5.372556385855042,5.3725439818254905,5.372506769831145
5.373769125369156,5.373806351716206,5.373818760530012,5.373806351716206,5.373769125369156
5.375055684411686,5.375092925388063,5.375105339078333,5.375092925388063,5.375055684411686
5.376366456621259,5.376403712503771,5.376416131162776,5.376403712503771,5.376366456621259
5.377701451843283,5.377738722908937,5.37775114662901,5.377738722908937,5.377701451843283
5.379060680106181,5.37909796663218,5.379110395505725,5.37909796663218,5.379060680106181
5.380444151621529,5.380481453885277,5.380493888004762,5.380481453885277,5.380444151621529
5.381851876784184,5.381889195063293,5.381901634521253,5.381889195063293,5.381851876784184
5.383283866172421,5.383321200744708,5.383333645633752,5.383321200744708,5.383283866172421
5.3847401305480735,5.38477748169157,5.384789932104372,5.38477748169157,5.3847401305480735
5.386220680856667,5.386258048849619,5.386270504878933,5.386258048849619,5.386220680856667
5.387725528227575,5.387762913348449,5.387775375087094,5.387762913348449,5.387725528227575
5.38925468397415,5.389292086501636,5.389304554042512,5.389292086501636,5.38925468397415
5.3908081595938855,5.390845579806901,5.390858053242978,5.390845579806901,5.3908081595938855
5.392385966768554,5.392423404946246,5.3924358843705775,5.392423404946246,5.392385966768554
5.393988117364374,5.394025573786124,5.394038059291831,5.394025573786124,5.393988117364374
5.395614623432143,5.395652098377571,5.3956645900578675,5.395652098377571,5.395614623432143
5.3972654972074245,5.397302990956392,5.39731548890456,5.397302990956392,5.3972654972074245
5.398940751110683,5.398978263943294,5.398990768252709,5.398978263943297,5.398940751110683
5.4006403977474635,5.400677929944072,5.400690440708184,5.400677929944082,5.4006403977474635
5.40236444990854,5.402402001749743,5.402414519062104,5.402402001749785,5.40236444990854
5.404112920570105,5.404150492336726,5.404163016290994,5.4041504923368775,5.404112920570105
5.405885822893918,5.40592341486693,5.4059359455569655,5.405923414867492,5.405885822893918
5.407683170227487,5.407720782687715,5.407733320207878,5.407720782689816,5.407683170227487
5.409504976104248,5.409542609331249,5.409555153777525,5.409542609339086,5.409504976104248
5.411351254243736,5.411388908511595,5.411401459985798,5.4113889085408475,5.411351254243736
5.413222018551762,5.413259694113433,5.413272252738876,5.413259694222601,5.41322201855176
5.415117283120595,5.415154980149403,5.4151675461294015,5.415154980556826,5.415117283120589
5.417037062229126,5.417074780600496,5.417087354436633,5.417074782121023,5.417037062229103
5.418981370342898,5.419019108819869,5.41903169212648,5.419019114494576,5.418981370342812
5.420950222113422,5.420987975307712,5.421000573850774,5.420987996486104,5.4209502221131
5.422943632373153,5.422981379408288,5.422994014442127,5.422981458447469,5.422943632371949
5.424961616105059,5.424999278333388,5.425012028883021,5.4249995733129275,5.424961616100564
5.427004188263303,5.427041471620462,5.427054632124731,5.427042572503925,5.427004188246526
5.429071362723459,5.429107170302083,5.42912183803098,5.429111278873155,5.429071362660839
5.431163146149181,5.431193391231808,5.431213653220109,5.431208724695181,5.4311631459154395
5.43327950219195,5.433288977509353,5.433330041173643,5.433346203025249,5.43327950131947
5.435420142638409,5.435352357547191,5.435470713044394,5.435565927018894,5.4354201393817325
5.434329274852022,5.437228978956738,5.43763390839411,5.438026034580631,5.4343578843534175
