9.74277435502237,9.742803489258874,9.74283438965717,9.742803489258874,9.74277435502237
9.742745220785865,9.742837922173752,9.742868822733536,9.742837922173752,9.742745220785865
9.742834388543113,9.742927091195298,9.742957992176512,9.742927091195298,9.742834388543113
9.742978292393524,9.743070997089855,9.74310189875246,9.743070997089855,9.742978292393524
9.743176933596343,9.74326964111671,9.74330054372066,9.74326964111671,9.743176933596343
9.743430313903756,9.743523025028079,9.743553928833357,9.743523025028079,9.743430313903756
9.743738435560912,9.743831151069177,9.743862056335775,9.743831151069177,9.743738435560912
9.744101301305959,9.744194021978211,9.744224928966151,9.744194021978211,9.744101301305959
9.744518914370094,9.744611640986461,9.744642549955781,9.744611640986461,9.744518914370094
9.7449912784776,9.7450840118183,9.745114923029078,9.7450840118183,9.7449912784776
9.745518397845922,9.745611138691274,9.745642052403614,9.745611138691274,9.745518397845922
9.746100277185718,9.746193026316158,9.74622394279021,9.746193026316158,9.746100277185718
9.746736921700947,9.746829679897031,9.746860599392981,9.746829679897031,9.746736921700947
9.747428337088929,9.747521105131359,9.747552027909443,9.747521105131359,9.747428337088929
9.748174529540458,9.748267308210083,9.748298234530584,9.748267308210083,9.748174529540458
9.748975505739885,9.749068295817718,9.749099225940975,9.749068295817718,9.748975505739885
9.749831272865235,9.749924075132457,9.749955009318866,9.749924075132457,9.749831272865235
9.750741838588295,9.750834653826285,9.750865592336302,9.750834653826285,9.750741838588295
9.751707211074768,9.75180004006509,9.751830983159246,9.75180004006509,9.751707211074768
9.752727398984376,9.752820242508811,9.752851190447695,9.752820242508811,9.752727398984376
9.753802411471,9.753895270311551,9.753926223355835,9.753895270311551,9.753802411471
9.754932258182833,9.755025133121737,9.755056091532166,9.755025133121737,9.754932258182833
9.756116949262525,9.756209841082262,9.756240805119667,9.756209841082262,9.756116949262525
9.757356495347342,9.757449404830652,9.757480374755946,9.757449404830652,9.757356495347342
9.75865090756933,9.758743835499224,9.758774811573415,9.758743835499224,9.75865090756933
9.760000197555497,9.760093144715269,9.760124127199452,9.760093144715269,9.760000197555497
9.761404377427986,9.761497344601224,9.761528333756598,9.761497344601224,9.761404377427986
9.762863459804283,9.762956447774876,9.762987443862736,9.762956447774876,9.762863459804283
9.764377457797382,9.764470467349543,9.764501470631298,9.764470467349543,9.764377457797382
9.76594638501603,9.766039416934298,9.766070427671464,9.766039416934298,9.76594638501603
9.767570255564912,9.767663310634171,9.767694329088373,9.767663310634171,9.767570255564912
9.769249084044883,9.769342163050368,9.769373189483357,9.769342163050368,9.769249084044883
9.770982885553195,9.771075989280508,9.771107023954151,9.771075989280508,9.770982885553195
9.772771675683734,9.77286480491886,9.77289584809515,9.77286480491886,9.772771675683734
9.774615470527264,9.774708626056572,9.774739677997639,9.774708626056572,9.774615470527264
9.776514286671684,9.776607469281949,9.776638530250048,9.776607469281949,9.776514286671684
9.778468141202282,9.778561351680692,9.778592421938223,9.778561351680692,9.778468141202282
9.780477051702006,9.780570290836174,9.780601370645677,9.780570290836174,9.780477051702006
9.782541036251734,9.782634304829717,9.782665394453876,9.782634304829717,9.782541036251734
9.78466011343057,9.784753412240871,9.784784511942522,9.784753412240871,9.78466011343057
9.786834302316127,9.78692763214771,9.786958742189848,9.78692763214771,9.786834302316127
9.789063622484825,9.789156984127134,9.7891881047729,9.789156984127134,9.789063622484825
9.791348094012196,9.791441488255161,9.791472619767873,9.791441488255161,9.791348094012196
9.793687737473213,9.793781165107264,9.793812307750395,9.793781165107264,9.793687737473213
9.796082573942602,9.796176035758672,9.796207189795872,9.796176035758672,9.796082573942602
9.798532624995167,9.798626121784721,9.798657287479813,9.798626121784721,9.798532624995167
9.801037912706137,9.801131445261177,9.80116262287816,9.801131445261177,9.801037912706137
9.80359845965152,9.803692028764589,9.803723218567647,9.803692028764589,9.80359845965152
9.806214288908437,9.806307895372644,9.806339097626145,9.806307895372644,9.806214288908437
9.808885424055502,9.808979068664524,9.809010283633032,9.808979068664524,9.808885424055502
9.811611889173184,9.81170557272128,9.811736800669552,9.81170557272128,9.811611889173184
9.814393708844182,9.814487432126217,9.814518673319203,9.814487432126217,9.814393708844182
9.817230908153821,9.817324671965258,9.81735592666812,9.817324671965258,9.817230908153821
9.820123512690436,9.820217317827368,9.820248586305468,9.820217317827368,9.820123512690436
9.823071548545782,9.823165395804926,9.82319667832384,9.823165395804926,9.823071548545782
9.82607504231543,9.826168932494161,9.826200229319678,9.826168932494161,9.82607504231543
9.829134021099208,9.829227954995545,9.829259266393677,9.829227954995545,9.829134021099208
9.832248512501595,9.83234249091424,9.832373817151218,9.83234249091424,9.832248512501595
9.835418544632185,9.835512568360514,9.835543909702801,9.835512568360514,9.835418544632185
9.838644146106109,9.838738215950194,9.838769572664482,9.838738215950194,9.838644146106109
9.841925346044489,9.84201946280511,9.842050835158329,9.84201946280511,9.841925346044489
9.845262174074902,9.84535633855356,9.845387726812875,9.84535633855356,9.845262174074902
9.848654660331835,9.848748873330758,9.848780277763584,9.848748873330758,9.848654660331835
9.852102835457162,9.852197097779328,9.852228518653323,9.852197097779328,9.852102835457162
9.855606730600632,9.855701043049773,9.855732480632849,9.855701043049773,9.855606730600632
9.85916637742035,9.859260740800964,9.85929219536129,9.859260740800964,9.85916637742035
9.86278180808327,9.862876223200645,9.86290769500665,9.862876223200645,9.86278180808327
9.866453055265726,9.866547522925933,9.866579012246305,9.866547522925933,9.866453055265726
9.870180152153903,9.870274673163825,9.870306180267534,9.870274673163825,9.870180152153903
9.8739631324444,9.874057707611737,9.874089232768014,9.874057707611739,9.8739631324444
9.877802030344734,9.877896660478019,9.877928203956378,9.877896660478019,9.877802030344734
9.881696880573891,9.881791566482496,9.881823128552728,9.881791566482498,9.881696880573891
9.885647718362852,9.885742460857013,9.885774041789201,9.885742460857017,9.885647718362852
9.889654579455183,9.889749379345991,9.889780979410503,9.889749379346007,9.889654579455183
9.893717500107552,9.893812358206976,9.893843977674496,9.893812358207036,9.893717500107552
9.897836517090342,9.897931434211197,9.897963073352736,9.897931434211415,9.897836517090342
9.90201166768819,9.90210664464404,9.902138303731084,9.902106644644856,9.90201166768819
9.906242989700608,9.906338027305335,9.906369706610267,9.906338027308383,9.906242989700608
9.910530521442553,9.910625620508739,9.910657320306486,9.910625620520115,9.910530521442553
9.914874301745034,9.914969463077881,9.915001183652013,9.914969463120336,9.914874301745034
9.919274369955739,9.919369594330323,9.919401335995808,9.919369594488767,9.919274369955737
9.92373076593964,9.923826054016004,9.923857817204134,9.923826054607328,9.923730765939627
9.928243530079639,9.92833888208589,9.928370667661191,9.928338884292753,9.928243530079598
9.932812703277294,9.932908117826742,9.932939928269839,9.932908126062912,9.932812703277136
9.937438326953925,9.937533796630245,9.937565640452615,9.93753382736822,9.937438326953332
9.9421204430538,9.94221593793248,9.942247846154732,9.942216052648796,9.942120443051591
9.946859094059233,9.94695450019658,9.946986587858241,9.946954928326068,9.946859094050986
9.951654323073313,9.951749212874638,9.951781908661596,9.951750810684471,9.951654323042524
9.95650617429238,9.956598949110377,9.95663385273999,9.956604912250786,9.956506174177447
9.961414695731042,9.961499383655143,9.96154246802524,9.96152163852107,9.961414695302025
9.966379955007076,9.966434246424662,9.966507821822125,9.96651730317395,9.966379953405658
9.963875735609692,9.971342647409415,9.971530091824254,9.971652621130765,9.963886861441615
