3.8846103415022784,3.8846342217985512,3.8846580531649693,3.8846342217985512,3.8846103415022784
3.884586461206005,3.8846579555647285,3.8846817871926405,3.8846579555647285,3.884586461206005
3.8846580510616517,3.8847295477859043,3.8847533802023353,3.8847295477859043,3.8846580510616517
3.884777499373055,3.884849000043967,3.884872833775968,3.884849000043967,3.884777499373055
3.8849448087777447,3.885016314976599,3.88504015055127,3.885016314976599,3.8849448087777447
3.8851599829690833,3.885231496277375,3.88525533422189,3.885231496277375,3.8851599829690833
3.8854230266964094,3.8854945486959114,3.885518389537534,3.8854945486959114,3.8854230266964094
3.885733945765226,3.8858054780380455,3.8858293223041502,3.8858054780380455,3.885733945765226
3.886092747037417,3.886164291166058,3.8861881393841555,3.886164291166058,3.886092747037417
3.8864994384315183,3.886570995998944,3.8865948486966935,3.886570995998944,3.8864994384315183
3.886954028923021,3.8870256015127143,3.88704945921795,3.8870256015127143,3.886954028923021
3.887456528544718,3.8875281177407413,3.8875519809814927,3.8875281177407413,3.887456528544718
3.888006948387093,3.8880785557741513,3.888102425078658,3.8880785557741513,3.888006948387093
3.888605300598746,3.8886769277622477,3.8887008036589874,3.8886769277622477,3.888605300598746
3.889251598386867,3.8893232469129844,3.889347129930688,3.8893232469129844,3.889251598386867
3.8899458560177416,3.890017527493473,3.890041418161146,3.890017527493473,3.8899458560177416
3.8906880888173023,3.8907597848305353,3.8907836836774807,3.8907597848305353,3.8906880888173023
3.891478313171728,3.891550035311295,3.8915739428671303,3.891550035311295,3.891478313171728
3.8923165465280647,3.892388296383811,3.892412213178491,3.892388296383811,3.8923165465280647
3.8932028073949105,3.893274586557751,3.89329851312159,3.893274586557751,3.8932028073949105
3.8941371153431232,3.894208925405109,3.8942328622687947,3.894208925405109,3.8941371153431232
3.8951194910065827,3.8951913335609563,3.8952152812555765,3.8951913335609563,3.8951194910065827
3.8961499560829798,3.896221832724242,3.896245791781306,3.896221832724242,3.8961499560829798
3.8972285333346646,3.897300445658634,3.8973244166100867,3.897300445658634,3.8972285333346646
3.898355246589518,3.898427196193394,3.8984511795716417,3.898427196193394,3.898355246589518
3.8995301207418787,3.8996021092242996,3.899626105562229,3.8996021092242996,3.8995301207418787
3.9007531817534975,3.9008252107146086,3.900849220545609,3.9008252107146086,3.9007531817534975
3.90202445665455,3.90209652769606,3.9021205515540403,3.90209652769606,3.90202445665455
3.903343973544673,3.9034160882699194,3.903440126689332,3.9034160882699194,3.903343973544673
3.904711761594056,3.9047839216080655,3.9048079751239273,3.9047839216080655,3.904711761594056
3.906127851044566,3.9062000579541176,3.9062241271020284,3.9062000579541176,3.906127851044566
3.9075922732109176,3.907664528624606,3.9076886139407696,3.907664528624606,3.9075922732109176
3.909105060481885,3.9091773660101783,3.909201468031425,3.9091773660101783,3.909105060481885
3.9106662463215494,3.910738603576857,3.9107627228406647,3.910738603576857,3.9106662463215494
3.912275865270599,3.9123482758673314,3.912372412911844,3.9123482758673314,3.912275865270599
3.9139339529476604,3.9140064185022934,3.914030573866341,3.9140064185022934,3.9139339529476604
3.9156405460506774,3.9157130681818124,3.915737242404938,3.9157130681818124,3.9156405460506774
3.9173956823583316,3.9174682626867607,3.9174924563092333,3.9174682626867607,3.9173956823583316
3.9191994007315,3.919272040880267,3.9192962544431103,3.919272040880267,3.9191994007315
3.9210517411147627,3.9211244427092278,3.9211486767542345,3.9211244427092278,3.9210517411147627
3.9229527445379424,3.9230255092058464,3.9230497642756035,3.9230255092058464,3.9229527445379424
3.9249024531176997,3.924975282489223,3.92499955912713,3.924975282489223,3.9249024531176997
3.9269009100591545,3.9269738057669845,3.926998104517279,3.9269738057669845,3.9269009100591545
3.928948159657564,3.9290211233369554,3.9290454447447303,3.9290211233369554,3.928948159657564
3.9310442473000315,3.9311172805888743,3.9311416252000977,3.9311172805888743,3.9310442473000315
3.933189219467269,3.9332623240061473,3.9332866923676884,3.9332623240061473,3.933189219467269
3.9353831237353902,3.9354563011676493,3.9354806938272975,3.9354563011676493,3.9353831237353902
3.937626008777758,3.937699260749566,3.937723678256051,3.937699260749566,3.937626008777758
3.939917924366864,3.939991252527278,3.9400156954302936,3.939991252527278,3.939917924366864
3.942258921376258,3.9423323273772892,3.9423567962275117,3.9423323273772892,3.942258921376258
3.9446490517825192,3.944722537279194,3.9447470326283054,3.944722537279194,3.9446490517825192
3.947088368667267,3.947161935317692,3.947186457718403,3.947161935317692,3.947088368667267
3.9495769262192173,3.9496505756846476,3.949675125690716,3.9496505756846476,3.9495769262192173
3.952114779736283,3.952188513681182,3.9522130918474376,3.952188513681182,3.952114779736283
3.9547019856277146,3.954775805719824,3.9548004126021867,3.954775805719824,3.9547019856277146
3.957338601416289,3.957412509326689,3.957437145482193,3.957412509326689,3.957338601416289
3.9600246857405343,3.960098683143712,3.9601233491305274,3.960098683143712,3.9600246857405343
3.962760298357006,3.9628343869309215,3.962859083308375,3.9628343869309215,3.962760298357006
3.9655455001426034,3.965619681568751,3.965644408897348,3.965619681568751,3.9655455001426034
3.968380353096925,3.9684546290604046,3.9684793879018523,3.9684546290604046,3.968380353096925
3.97126492034468,3.9713392925342577,3.971364083451487,3.9713392925342577,3.97126492034468
3.9741992661381302,3.9742737362463085,3.974298559803493,3.9742737362463085,3.9741992661381302
3.977183455859584,3.9772580255826666,3.9772828823452477,3.9772580255826666,3.977183455859584
3.9802175560239337,3.980292227062091,3.9803171175968006,3.980292227062091,3.9802175560239337
3.983301634281236,3.9833764083385725,3.983401333213452,3.9833764083385725,3.983301634281236
3.9864357594193343,3.9865106382039563,3.9865355979883823,3.9865106382039563,3.9864357594193343
3.9896200013665304,3.989694986590612,3.9897199818553166,3.989694986590612,3.9896200013665304
3.992854431194302,3.99292952457415,3.992954555891244,3.9929295245741505,3.992854431194302
3.996139121120053,3.9962143243761807,3.996239392319174,3.9962143243761807,3.996139121120053
3.9994741445099278,3.999549459367115,3.9995745645109437,3.999549459367116,3.9994741445099278
4.002859575881653,4.00293500406902,4.002960146990065,4.0029350040690215,4.002859575881653
4.00629549090744,4.006371034158507,4.006396215434618,4.006371034158514,4.00629549090744
4.0097819664169085,4.009857626469669,4.009882846680197,4.009857626469696,4.0097819664169085
4.013319080400096,4.013394858997065,4.013420118722886,4.013394858997163,4.013319080400096
4.016906912010464,4.016982810898696,4.017008110722303,4.01698281089906,4.016906912010464
4.020545541567993,4.020621562498954,4.020646903004662,4.020621562500318,4.020545541567993
4.024235050562297,4.024311195291206,4.024336577065912,4.02431119529629,4.024235050562296
4.027975521655788,4.028051791938961,4.028077215574891,4.028051791957937,4.0279755216557875
4.031767038686905,4.0318434362716555,4.031868902376548,4.031843436342472,4.031767038686901
4.035609686673348,4.035686213260128,4.035711722495195,4.03568621352442,4.035609686673336
4.039503551815363,4.039580208916291,4.039605762137775,4.039580209902653,4.0395035518153195
4.04344872149885,4.043525509909776,4.043551108696946,4.0435255135909784,4.043448721498685
4.047445284297312,4.047522202128637,4.047547850752984,4.047522215867249,4.047445284296695
4.051493329966751,4.051570365301683,4.051596078068427,4.0515704165755455,4.05149332996445
4.0555929493987515,4.055670052937559,4.055695881540254,4.055670244296698,4.055592949390161
4.059744234328328,4.059821217553478,4.059847352904381,4.05982193172476,4.059744234296253
4.063947275607021,4.064023432238711,4.064050582996225,4.064026097596784,4.0639472754872585
4.068202153093992,4.068274855146177,4.068305651595221,4.068284802526987,4.06820215264682
4.0725088766207715,4.072568386159652,4.072612568216559,4.072605510772133,4.072508874951099
4.0768670415214805,4.07687744731451,4.076970927001023,4.077016000053821,4.076867035287151
4.08127381951589,4.081103637393198,4.081377895239576,4.081620729974253,4.08127379623763
4.079023595573785,4.084885590478045,4.085816489570556,4.08681543134853,4.079092848664935
