3.8557984835562817,3.8558221096109357,3.855845636782769,3.8558221096109357,3.8557984835562817
3.8557748575016277,3.8558454392691583,3.8558689666972894,3.8558454392691583,3.8557748575016277
3.855845634708796,3.8559162188085563,3.8559397470141072,3.8559162188085563,3.855845634708796
3.855963861800623,3.856034449796032,3.856057979300149,3.856034449796032,3.855963861800623
3.856129541393285,3.8562001348479136,3.8562236661717932,3.8562001348479136,3.856129541393285
3.8563426771524303,3.8564132776300575,3.856436811294967,3.8564132776300575,3.8563426771524303
3.856603273793309,3.8566738828579883,3.856697419385285,3.8566738828579883,3.856603273793309
3.8569113370809585,3.856981956297073,3.8570054962082243,3.856981956297073,3.8569113370809585
3.857266873830415,3.8573375047627403,3.8573610485793455,3.8573375047627403,3.857266873830415
3.8576698919069727,3.857740536120736,3.857764084364544,3.857740536120736,3.8576698919069727
3.858120400226477,3.8581910592874182,3.8582146124803494,3.8581910592874182,3.858120400226477
3.858618408755658,3.8586890842300923,3.858712642894259,3.8586890842300923,3.858618408755658
3.8591639285125114,3.859234621967385,3.8592581866251083,3.859234621967385,3.8591639285125114
3.8597569715667026,3.8598276845696575,3.8598512557434907,3.8598276845696575,3.8597569715667026
3.860397551040025,3.860468285159457,3.8604918633722067,3.860468285159457,3.860397551040025
3.8610856811068923,3.8611564379120127,3.861180023686754,3.8611564379120127,3.8610856811068923
3.8618213769948677,3.861892158055761,3.8619157519158653,3.861892158055761,3.8618213769948677
3.8626046549852338,3.862675461872925,3.8626990643420727,3.862675461872925,3.8626046549852338
3.863435532413609,3.8635063667001175,3.8635299783023216,3.8635063667001175,3.863435532413609
3.86431402767059,3.8643848909289944,3.864408512188621,3.8643848909289944,3.86431402767059
3.8652401602024486,3.865311054006944,3.8653346854487314,3.865311054006944,3.8652401602024486
3.866213950511854,3.866284876437817,3.8663085185868975,3.866284876437817,3.866213950511854
3.8672354201586465,3.867306379782692,3.8673300331646114,3.867306379782692,3.8672354201586465
3.8683045917606442,3.86837558666069,3.868399251801427,3.86837558666069,3.8683045917606442
3.869421488994492,3.8694925207498163,3.8695161981758046,3.8694925207498163,3.869421488994492
3.8705861365965477,3.8706572067878535,3.8706808970259994,3.8706572067878535,3.8705861365965477
3.8717985603638123,3.8718696705732856,3.871893374150992,3.8718696705732856,3.8717985603638123
3.8730587871548954,3.873129938966268,3.8731536564114526,3.873129938966268,3.8730587871548954
3.874366844891024,3.8744380398896348,3.8744617717307497,3.8744380398896348,3.874366844891024
3.8757227625570883,3.875794002329944,3.875817749096,3.875794002329944,3.8757227625570883
3.877126570202734,3.8771978563385705,3.8772216185591524,3.8771978563385705,3.877126570202734
3.8785782989434843,3.8786496330328295,3.8786734112381187,3.8786496330328295,3.8785782989434843
3.8800779809619104,3.880149364597143,3.8801731593179416,3.880149364597143,3.8800779809619104
3.8816256495088397,3.881697084284254,3.8817208960519984,3.881697084284254,3.8816256495088397
3.8832213389046024,3.883292826416469,3.8833166557632572,3.883292826416469,3.8832213389046024
3.884865084540324,3.8849366263869496,3.884960473845556,3.8849366263869496,3.884865084540324
3.8865569228792483,3.886628520661041,3.8866523867649434,3.886628520661041,3.8865569228792483
3.888296891458114,3.888368546777642,3.888392432061036,3.888368546777642,3.888296891458114
3.8900850288885582,3.8901567433506155,3.89018064834844,3.8901567433506155,3.8900850288885582
3.8919213748585735,3.8919931500702387,3.8920170753181917,3.8919931500702387,3.8919213748585735
3.8938059701339927,3.893877807704694,3.8939017537392604,3.893877807704694,3.8938059701339927
3.895738856560029,3.895810758101604,3.895834725460069,3.895810758101604,3.895738856560029
3.897720077062841,3.8977920441896035,3.897816033410079,3.8977920441896035,3.897720077062841
3.899749675651156,3.8998217099799524,3.8998457216013938,3.8998217099799524,3.899749675651156
3.9018276974179145,3.9018998005681924,3.9019238351304235,3.9018998005681924,3.9018276974179145
3.9039541885419777,3.904026362135847,3.9040504201795763,3.904026362135847,3.9039541885419777
3.906129196289856,3.9062014419521507,3.906225524018998,3.9062014419521507,3.906129196289856
3.9083527690174953,3.9084250883758367,3.908449195008349,3.9084250883758367,3.9083527690174953
3.9106249561720916,3.910697350856954,3.91072148259863,3.910697350856954,3.9106249561720916
3.912945808293958,3.9130182799387296,3.9130424373340382,3.9130182799387296,3.912945808293958
3.915315377018424,3.915387927259472,3.915412110853878,3.915387927259472,3.915315377018424
3.9177337150777856,3.9178063455545193,3.917830555894497,3.9178063455545193,3.9177337150777856
3.9202008763032876,3.9202735886582216,3.920297826291285,3.9202735886582216,3.9202008763032876
3.9227169156271575,3.9227897115059767,3.922813976980693,3.9227897115059767,3.9227169156271575
3.9252818890846735,3.925354770136297,3.925379064002314,3.925354770136297,3.9252818890846735
3.92789585381628,3.9279688216929243,3.9279931445009884,3.9279688216929243,3.92789585381628
3.930558868069741,3.9306319244269883,3.9306562767289663,3.9306319244269883,3.930558868069741
3.9332709912023414,3.9333441376991995,3.933368520048102,3.9333441376991995,3.9332709912023414
3.9360322836831294,3.936105521982098,3.936129934932098,3.936105521982098,3.9360322836831294
3.9388428070951913,3.9389161388623286,3.9389405829687867,3.9389161388623286,3.9388428070951913
3.9417026241379878,3.941776051042974,3.9418005268624565,3.941776051042974,3.9417026241379878
3.944611798629718,3.9446853223459195,3.9447098304362243,3.9446853223459195,3.944611798629718
3.9475703955097328,3.9476440177142704,3.9476685586344438,3.9476440177142704,3.9475703955097328
3.95057848084099,3.950652203214803,3.9506767775251657,3.950652203214803,3.95057848084099
3.9536361218125524,3.9537099460404646,3.953734554302632,3.9537099460404646,3.9536361218125524
3.956743386742133,3.956817314512919,3.956841957289822,3.956817314512919,3.956743386742133
3.9599003450786747,3.9599743780851258,3.959999055941037,3.9599743780851258,3.9599003450786747
3.963107067404989,3.9631812073439785,3.9632059208445294,3.9631812073439785,3.963107067404989
3.96636362544042,3.966437874012972,3.966462623725177,3.966437874012972,3.96636362544042
3.9696700920435677,3.969744450954922,3.9697692374472027,3.969744450954922,3.9696700920435677
3.973026541215046,3.9731010121747254,3.973125836016931,3.9731010121747263,3.973026541215046
3.9764330481002927,3.9765076328221696,3.976532494585599,3.9765076328221727,3.9764330481002927
3.9798896889924142,3.9799643891947776,3.9799892894522064,3.97996438919479,3.9798896889924142
3.983396541335087,3.9834713587407014,3.9834962980664077,3.9834713587407484,3.983396541335087
3.986953683725492,3.98702862006164,3.9870535990314564,3.987028620061816,3.986953683725492
3.9905611959173015,3.9906362529157593,3.990661272107186,3.990636252916417,3.9905611959173015
3.994219158823709,3.994294338220459,3.994319398213043,3.9942943382229137,3.994219158823709
3.997927654520504,3.9980029580544914,3.9980280594311592,3.998002958063654,3.9979276545205034
4.001686766249191,4.001762195657481,4.001787339009476,4.001762195691674,4.001686766249189
4.005496578420151,4.005572135419686,4.005597321364901,4.005572135547296,4.005496578420145
4.009357176615835,4.009432862835172,4.0094580920865,4.0094328633114245,4.009357176615814
4.013268647593879,4.01334446431837,4.0133697379386035,4.013344466095791,4.013268647593799
4.017231079289576,4.01730702651093,4.017332346863254,4.017307033144439,4.017231079289279
4.021244560814344,4.021320633687619,4.021346007978551,4.021320658444531,4.021244560813236
4.025309182430364,4.025385358076296,4.025410811552856,4.025385450471547,4.02530918242623
4.0294250353855325,4.0295012237830345,4.029526848838133,4.029501568611268,4.029425035370097
4.033592210931506,4.033668072504344,4.03369421108197,4.033669359437489,4.033592210873872
4.037810794570894,4.037885064420877,4.037912983752399,4.037889867382961,4.037810794355698
4.042080832462903,4.042148827587958,4.042183212860498,4.0421667527187335,4.042080831659394
4.046402135425898,4.046446621875637,4.046504708656112,4.046513520241604,4.046402132425702
4.050773135897456,4.050731237639477,4.0508759014606275,4.0509809089781434,4.05077312469507
4.048558496173925,4.054829713668919,4.055287172927365,4.055761511880087,4.048591934153849
