3.9069026471758295,3.906926773290399,3.9069508504199617,3.906926773290399,3.9069026471758295
3.9068785210612598,3.9069507527127953,3.9069748301072362,3.9069507527127953,3.9068785210612598
3.9069508482895334,3.907023082337097,3.907047160530223,3.907023082337097,3.9069508482895334
3.9070715257204776,3.9071437637655464,3.907167843291192,3.9071437637655464,3.9070715257204776
3.9072405560255494,3.907312799669759,3.9073368810618083,3.907312799669759,3.9072405560255494
3.9074579429456224,3.9075301937908233,3.907554277583235,3.9075301937908233,3.9074579429456224
3.9077236912911286,3.9077959509394518,3.9078200376662746,3.9077959509394518,3.9077236912911286
3.9080378069422452,3.908110076996162,3.9081341671915606,3.908110076996162,3.9080378069422452
3.9084002968491225,3.908472578911508,3.9084966731097808,3.908472578911508,3.9084002968491225
3.9088111690321528,3.9088834647063466,3.9089075634419475,3.9088834647063466,3.9088111690321528
3.9092704325822805,3.9093427434721497,3.9093668472797085,3.9093427434721497,3.9092704325822805
3.9097780976613543,3.9098504253713577,3.9098745347856996,3.9098504253713577,3.9097780976613543
3.9103341755025216,3.910406521637768,3.9104306371939375,3.910406521637768,3.9103341755025216
3.910938678410664,3.911011044576976,3.911035166810253,3.911011044576976,3.910938678410664
3.911591619762869,3.9116640075668476,3.9116881370127734,3.9116640075668476,3.911591619762869
3.9122930140089553,3.912365425058038,3.9123895622524314,3.912365425058038,3.9122930140089553
3.9130428766720264,3.9131153125745524,3.9131394580535335,3.9131153125745524,3.9130428766720264
3.9138412243490737,3.913913686714346,3.9139378410143566,3.913913686714346,3.9138412243490737
3.9146880747116226,3.9147605651499684,3.914784728807791,3.9147605651499684,3.9146880747116226
3.915583446506411,3.915655966629247,3.9156801401820274,3.915655966629247,3.915583446506411
3.9165273595561194,3.9165999109760126,3.91662409496128,3.9165999109760126,3.9165273595561194
3.9175198347601365,3.9175924190908678,3.9176166140465556,3.9175924190908678,3.9175198347601365
3.9185608940953727,3.918633512951997,3.9186577194164642,3.918633512951997,3.9185608940953727
3.9196505606171046,3.919723215616017,3.9197474341280705,3.919723215616017,3.9196505606171046
3.9207888584598756,3.920861551218872,3.9208857823177814,3.920861551218872,3.9207888584598756
3.9219758128384252,3.9220485449767652,3.922072789202293,3.9220485449767652,3.9219758128384252
3.92321145004867,3.9232842231871405,3.9233084810795535,3.9232842231871405,3.92321145004867
3.9244957974687176,3.9245686132296953,3.924592885329795,3.9245686132296953,3.9244957974687176
3.925828883559934,3.925901743567448,3.9259260304165835,3.925901743567448,3.925828883559934
3.927210737868041,3.9272836437478373,3.9273079458879305,3.9272836437478373,3.927210737868041
3.9286413910242635,3.928714344403866,3.928738662377433,3.928714344403866,3.9286413910242635
3.930120874746516,3.9301938772552925,3.930218211605461,3.9301938772552925,3.930120874746516
3.9316492218406336,3.9317222751098555,3.9317466263803915,3.9317222751098555,3.9316492218406336
3.9332264662016407,3.9332995718645494,3.9333239405998737,3.9332995718645494,3.9332264662016407
3.934852642815066,3.934925802506937,3.934950189252148,3.934925802506937,3.934852642815066
3.9365277877583007,3.9366010031165044,3.936625408417399,3.9366010031165044,3.9365277877583007
3.9382519382019954,3.9383252108660614,3.9383496352691565,3.9383252108660614,3.9382519382019954
3.9400251324114994,3.940098464023183,3.940122908075738,3.940098464023183,3.9400251324114994
3.9418474097483513,3.9419208019516923,3.941945266201727,3.9419208019516923,3.9418474097483513
3.943718810671795,3.9437922651131885,3.9438167501095083,3.9437922651131885,3.943718810671795
3.9456393767403592,3.9457128950686124,3.9457374013608284,3.9457128950686124,3.9456393767403592
3.947609150613461,3.947682734479865,3.9477072626184126,3.947682734479865,3.947609150613461
3.9496281760530696,3.949701827111456,3.9497263776476212,3.949701827111456,3.9496281760530696
3.951696497925393,3.9517702178322045,3.9517947913181413,3.9517702178322045,3.951696497925393
3.9538141622026273,3.9538879526169803,3.9539125496057346,3.9538879526169803,3.9538141622026273
3.95598121596474,3.9560550785484865,3.9560796995940164,3.9560550785484865,3.95598121596474
3.9581977074012897,3.9582716438190877,3.9582962894762854,3.9582716438190877,3.9581977074012897
3.960463685813305,3.9605376977326783,3.960562368557394,3.9605376977326783,3.960463685813305
3.9627792016151937,3.962853290706599,3.962877987255658,3.962853290706599,3.9627792016151937
3.9651443063367005,3.965218474273593,3.9652431971048214,3.965218474273593,3.9651443063367005
3.9675590526249067,3.967633301083806,3.96765805075605,3.967633301083806,3.9675590526249067
3.9700234942462758,3.97009782490683,3.970122601979981,3.97009782490683,3.9700234942462758
3.972537686088742,3.972612100633794,3.972636905668805,3.972612100633794,3.972537686088742
3.9751016841638385,3.975176184279492,3.9752010178384056,3.975176184279492,3.9751016841638385
3.977715545608877,3.9777901329845613,3.9778149956305295,3.9777901329845613,3.977715545608877
3.980379328689167,3.9804540050177044,3.9804788973150065,3.9804540050177044,3.980379328689167
3.9830930928002743,3.9831678597779465,3.9831927822920186,3.9831678597779465,3.9830930928002743
3.985856898470336,3.9859317577969504,3.9859567110944005,3.9859317577969504,3.985856898470336
3.988670807362409,3.988745760741363,3.98877074539,3.988745760741363,3.988670807362409
3.991534882276867,3.9916099314152182,3.9916349479840685,3.9916099314152182,3.991534882276867
3.9944491871538412,3.9945243337623744,3.9945493828217047,3.9945243337623744,3.9944491871538412
3.9974137870757094,3.997489032868999,3.9975141149903433,3.997489032868999,3.9974137870757094
4.000428748269623,4.000504094966105,4.0005292107222825,4.000504094966105,4.000428748269623
4.003494138110083,4.003569587432121,4.003594737397261,4.003569587432121,4.003494138110083
4.0066100251215655,4.006685578795517,4.00671076354508,4.006685578795517,4.0066100251215655
4.00977647898118,4.009852138737468,4.009877358848268,4.009852138737468,4.00977647898118
4.012993570521385,4.013069338094563,4.013094594144791,4.013069338094563,4.012993570521385
4.016261371732745,4.016337248861564,4.016362541430813,4.016337248861564,4.016261371732745
4.019579955766731,4.019655944194212,4.019681273863496,4.019655944194212,4.019579955766731
4.022949396938569,4.023025498412066,4.023050865763843,4.023025498412066,4.022949396938569
4.026369770730127,4.026445987001402,4.026471392619604,4.026445987001403,4.026369770730127
4.0298411537928684,4.029917486618157,4.0299429310882005,4.02991748661816,4.0298411537928684
4.033363623950823,4.033440075090901,4.033465558999726,4.033440075090914,4.033363623950823
4.036937260203628,4.0370138314238755,4.0370393553599655,4.037013831423921,4.036937260203628
4.040562142729602,4.040638835800047,4.0406644003534815,4.04063883580022,4.040562142729602
4.044238352888871,4.044315169584171,4.044340775346737,4.044315169584811,4.044238352888871
4.047965973226537,4.0480429153257,4.048068562891265,4.04804291532809,4.047965973226537
4.0517450874759,4.051822156761082,4.051847846726887,4.051822156769999,4.051745087475899
4.055575780561718,4.055652978813509,4.055678711784983,4.055652978846787,4.055575780561716
4.059458138603526,4.059535467583185,4.0595612441918,4.059535467707384,4.059458138603521
4.063392248918999,4.063469710301954,4.063495531271809,4.063469710765482,4.063392248918977
4.06737820002737,4.067455795154842,4.06748166155114,4.067455796884772,4.067378200027292
4.071416081653012,4.071493810604748,4.071519724761101,4.071493817061019,4.071416081652722
4.0755059847294985,4.0755838428625655,4.075609811842148,4.075583866958009,4.075505984728414
4.079648001406271,4.079725966434943,4.07975201495012,4.079726056361529,4.079648001402224
4.083842225069475,4.083920208832302,4.083946427475478,4.083920544447254,4.083842225054362
4.088088750442721,4.088166418813085,4.088193144138139,4.088167671361421,4.088088750386293
4.092387674144448,4.0924637744571015,4.0924922615226365,4.092468449091932,4.0923876739337555
4.096739097872181,4.096808946122179,4.096843881179474,4.0968263923239,4.096739097085484
4.101143146770462,4.101189233911761,4.101248127683191,4.101254344870669,4.10114314383304
4.105600075821864,4.105556918162604,4.105705253864666,4.105799918734533,4.105600064853865
4.103342065865915,4.109733312304458,4.110216254133759,4.110640214603482,4.103374610377296
