3.4176394273222717,3.4176428860646877,3.4176480950287917,3.4176428860646877,3.4176394273222717
3.4176359685798556,3.4176515955173024,3.417656804506427,3.4176515955173024,3.4176359685798556
3.4176480949426256,3.4176637219845807,3.4176689310085413,3.4176637219845807,3.4176480949426256
3.4176636383134587,3.417679265489367,3.4176844745579795,3.417679265489367,3.4176636383134587
3.4176825987216217,3.4176982260609323,3.4177034351840123,3.4176982260609323,3.4176825987216217
3.4177049762028107,3.417720603734971,3.4177258129223342,3.417720603734971,3.4177049762028107
3.4177307707991473,3.417746398553606,3.4177516078150685,3.417746398553606,3.4177307707991473
3.4177599825591787,3.417775610565385,3.4177808199107647,3.417775610565385,3.4177599825591787
3.417792611537881,3.417808239825285,3.4178134492643966,3.417808239825285,3.417792611537881
3.4178286577966546,3.417844286394707,3.4178494959373693,3.417844286394707,3.4178286577966546
3.417868121403328,3.4178837503414825,3.417888959997512,3.4178837503414825,3.417868121403328
3.417911002432161,3.4179266317398684,3.4179318415190822,3.4179266317398684,3.417911002432161
3.4179573009638333,3.417972930670551,3.417978140582769,3.417972930670551,3.4179573009638333
3.418007017085462,3.4180226472206443,3.4180278572756837,3.4180226472206443,3.418007017085462
3.4180601508905886,3.418075781483692,3.4180809916913732,3.418075781483692,3.4180601508905886
3.418116702479183,3.4181323335596687,3.4181375439298103,3.4181323335596687,3.418116702479183
3.4181766719576503,3.418192303554977,3.4181975140973995,3.418192303554977,3.4181766719576503
3.418240059438821,3.4182556915824516,3.418260902306976,3.4182556915824516,3.418240059438821
3.418306865041959,3.418322497761358,3.418327708677806,3.418322497761358,3.418306865041959
3.418377088892761,3.4183927222173938,3.4183979333355863,3.4183927222173938,3.418377088892761
3.4184507311233543,3.4184663650826894,3.4184715764124505,3.4184663650826894,3.4184507311233543
3.4185277918723016,3.418543426495809,3.418548638046961,3.418543426495809,3.4185277918723016
3.418608271284598,3.4186239066017503,3.418629118384118,3.4186239066017503,3.418608271284598
3.418692169511675,3.418707805551947,3.4187130175753553,3.418707805551947,3.418692169511675
3.4187794867113976,3.418795123504267,3.418800335778542,3.418795123504267,3.4187794867113976
3.4188702230480716,3.418885860623017,3.4188910731579845,3.418885860623017,3.4188702230480716
3.4189643786924337,3.418980017078939,3.418985229884427,3.418980017078939,3.4189643786924337
3.4190619538216662,3.4190775930492157,3.419082806135053,3.4190775930492157,3.4190619538216662
3.4191629486193866,3.419178588717468,3.4191838020934835,3.419178588717468,3.4191629486193866
3.419267363275652,3.4192830042737574,3.419288217949781,3.4192830042737574,3.419267363275652
3.4193751979869647,3.419390839914587,3.419396053900451,3.419390839914587,3.4193751979869647
3.419486452956266,3.419502095842903,3.4195073101484397,3.419502095842903,3.419486452956266
3.419601128392942,3.4196167722680944,3.4196219869031363,3.4196167722680944,3.419601128392942
3.419719224512825,3.4197348694059952,3.4197400843803787,3.4197348694059952,3.419719224512825
3.4198407415381906,3.4198563874788874,3.4198616028024467,3.4198563874788874,3.4198407415381906
3.419965679697765,3.4199813267154977,3.4199865423980693,3.4199813267154977,3.419965679697765
3.4200940392267185,3.420109687351002,3.4201149034024256,3.420109687351002,3.4200940392267185
3.420225820366675,3.4202414696270274,3.420246686057141,3.4202414696270274,3.420225820366675
3.420361023365706,3.4203766737916492,3.4203818906102947,3.4203766737916492,3.420361023365706
3.420499648478339,3.4205153000993986,3.420520517316417,3.4205153000993986,3.420499648478339
3.4206416959655526,3.4206573488112584,3.4206625664364934,3.4206573488112584,3.4206416959655526
3.4207871660947817,3.420802820194668,3.4208080382379644,3.420802820194668,3.4207871660947817
3.4209360591399176,3.420951714523522,3.4209569329947254,3.420951714523522,3.4209360591399176
3.421088375381309,3.4211040320781754,3.4211092509871333,3.4211040320781754,3.421088375381309
3.4212441151057655,3.4212597731454397,3.4212649925020022,3.4212597731454397,3.4212441151057655
3.4214032786065585,3.4214189380185918,3.421424157832609,3.4214189380185918,3.4214032786065585
3.42156586618342,3.421581526997369,3.4215867472786927,3.421581526997369,3.42156586618342
3.4217318781425483,3.421747540387974,3.421752761146457,3.421747540387974,3.4217318781425483
3.421901314796607,3.421916978503075,3.421922199748574,3.421916978503075,3.421901314796607
3.422074176464729,3.4220898416618097,3.422095063404181,3.4220898416618097,3.422074176464729
3.422250463472514,3.422266130189784,3.4222713524388864,3.422266130189784,3.422250463472514
3.4224301761520364,3.4224458444190757,3.4224510671847694,3.4224458444190757,3.4224301761520364
3.422613314841843,3.4226289846882367,3.422634207980383,3.4226289846882367,3.422613314841843
3.422799879886952,3.4228155513422935,3.4228207751707576,3.4228155513422935,3.422799879886952
3.422989871638865,3.4230055447327494,3.423010769107396,3.4230055447327494,3.422989871638865
3.4231832904555572,3.4231989652175883,3.4232041901482844,3.4231989652175883,3.4231832904555572
3.4233801367014864,3.423395813161271,3.4234010386578873,3.423395813161271,3.4233801367014864
3.4235804107475944,3.4235960889347465,3.4236013150071534,3.4235960889347465,3.4235804107475944
3.423784112971306,3.4237997929154456,3.423805019573517,3.4237997929154456,3.423784112971306
3.4239912437565345,3.4240069254872867,3.424012152740896,3.4240069254872867,3.4239912437565345
3.424201803493681,3.4242174870406767,3.4242227148997033,3.4242174870406767,3.424201803493681
3.424415792579639,3.424431477972517,3.424436706446839,3.424431477972517,3.424415792579639
3.4246332114177935,3.424648898686197,3.424654127785696,3.424648898686197,3.4246332114177935
3.4248540604180273,3.4248697495916067,3.4248749793261655,3.4248697495916067,3.4248540604180273
3.425078339996719,3.4250940311051306,3.425099261484635,3.4250940311051306,3.425078339996719
3.425306050576748,3.4253217436496555,3.425326974683994,3.4253217436496555,3.425306050576748
3.4255371925874973,3.4255528876545696,3.425558119353632,3.4255528876545696,3.4255371925874973
3.425771766464852,3.4257874635557672,3.425792695929445,3.4257874635557672,3.425771766464852
3.4260097726512084,3.4260254717956475,3.426030704853836,3.4260254717956475,3.4260097726512084
3.426251211595467,3.426266912823122,3.4262721465757173,3.426266912823122,3.426251211595467
3.426496083753044,3.426511787093612,3.4265170215505134,3.426511787093612,3.426496083753044
3.4267443895858687,3.426760095069054,3.4267653302401637,3.4267600950690547,3.4267443895858687
3.426996129562389,3.4270118372179033,3.4270170731131246,3.427011837217904,3.426996129562389
3.42725130415757,3.427267014015131,3.4272722506443722,3.427267014015135,3.42725130415757
3.4275099138529006,3.42752562594223,3.4275308633154045,3.4275256259422457,3.4275099138529006
3.427771959136394,3.4277876734872113,3.4277929116142443,3.4277876734872685,3.427771959136394
3.4280374405025897,3.428053157144579,3.4280583960354427,3.4280531571447943,3.4280374405025897
3.428306358452559,3.4283220774152547,3.4283273170800808,3.428322077416058,3.428306358452559
3.4285787134939025,3.428594434806266,3.4285996752557693,3.4285944348092636,3.4285787134939025
3.4288545061407447,3.4288702298295792,3.4288754710766427,3.4288702298407676,3.4288545061407447
3.4291337369136743,3.4291494629977795,3.4291547050633024,3.4291494630395345,3.429133736913674
3.4294164063393957,3.429432134808042,3.4294373777424605,3.4294321349638737,3.429416406339394
3.4297025149486644,3.429718245683068,3.429723489644885,3.429718246264642,3.429702514948657
3.429992063264269,3.4300077957549613,3.4300130412933676,3.430007797925431,3.4299920632642418
3.4302850517309227,3.430300784083853,3.4303060331326183,3.430300792184176,3.430285051730822
3.4305814803066528,3.4305972058887426,3.4306024651206046,3.4305972361196337,3.4305814803062753
3.430881346081089,3.430897043069522,3.430902334346743,3.4308971558930246,3.430881346079681
3.4311846293935675,3.431200233827783,3.431205621149619,3.431200654891874,3.431184629388313
3.431491212922232,3.4315065883923146,3.431512208205129,3.4315081598288018,3.4314912129026207
3.431335225582763,3.4318156441233776,3.431821408937304,3.431821508818769,3.4313354360954005
