8.163063441449331,8.163083056511311,8.163106202244329,8.163083056511311,8.163063441449331
8.16304382638735,8.16311326377419,8.163136409636378,8.16311326377419,8.16304382638735
8.16310620154248,8.163175639740107,8.163198785872556,8.163175639740107,8.16310620154248
8.16320074537833,8.163270184810031,8.163293331353842,8.163270184810031,8.16320074537833
8.163327458533448,8.16339689962252,8.163420046718787,8.16339689962252,8.163327458533448
8.163486341883955,8.163555785053713,8.163578932843546,8.163555785053713,8.163486341883955
8.163677396543582,8.163746842217364,8.163769990841875,8.163746842217364,8.163677396543582
8.16390062386366,8.163970072464839,8.163993222065155,8.163970072464839,8.16390062386366
8.16415602543316,8.164225477385138,8.164248628102392,8.164225477385138,8.16415602543316
8.164443603078698,8.164513058804921,8.164536210780264,8.164513058804921,8.164443603078698
8.16476335886457,8.164832818788526,8.164855972163119,8.164832818788526,8.16476335886457
8.16511529509277,8.165184759637995,8.165207914553017,8.165184759637995,8.16511529509277
8.165499414303017,8.165568883893108,8.16559204048976,8.165568883893108,8.165499414303017
8.165915719272816,8.16598519433142,8.166008352750918,8.16598519433142,8.165915719272816
8.16636421301745,8.166433693968285,8.166456854351871,8.166433693968285,8.16636421301745
8.166844898790053,8.166914386056908,8.166937548545842,8.166914386056908,8.166844898790053
8.167357780081641,8.167427274088375,8.167450438823947,8.167427274088375,8.167357780081641
8.167902860621153,8.16797236179171,8.167995528915235,8.16797236179171,8.167902860621153
8.16848014437551,8.168549653133917,8.168572822786736,8.168549653133917,8.16848014437551
8.169089635549657,8.16915915232003,8.169182324643518,8.16915915232003,8.169089635549657
8.169731338586624,8.169800863793178,8.169824038928738,8.169800863793178,8.169731338586624
8.170405258167582,8.170474792234629,8.170497970323702,8.170474792234629,8.170405258167582
8.171111399211902,8.171180942563861,8.171204123747918,8.171180942563861,8.171111399211902
8.171849766877221,8.171919319938619,8.171942504359171,8.171919319938619,8.171849766877221
8.172620366559503,8.172689929754988,8.172713117553585,8.172689929754988,8.172620366559503
8.173423203893126,8.17349277764746,8.173515968965688,8.17349277764746,8.173423203893126
8.17425828475093,8.174327869489007,8.1743510644685,8.174327869489007,8.17425828475093
8.175125615244317,8.17519521139116,8.175218410173592,8.17519521139116,8.175125615244317
8.176025201723322,8.176094809704082,8.176118012431173,8.176094809704082,8.176025201723322
8.17695705077668,8.177026671016664,8.17704987783018,8.177026671016664,8.17695705077668
8.177921169231945,8.177990802156595,8.178014013198354,8.177990802156595,8.177921169231945
8.178917564155546,8.178987210190458,8.179010425602325,8.178987210190458,8.178917564155546
8.179946242852894,8.180015902423825,8.18003912234772,8.180015902423825,8.179946242852894
8.181007212868483,8.181076886401348,8.18110011097924,8.181076886401348,8.181007212868483
8.182100481985977,8.18217016990685,8.18219339928077,8.18217016990685,8.182100481985977
8.183226058228303,8.183295760963448,8.183318995275481,8.183295760963448,8.183226058228303
8.184383949857787,8.18445366783363,8.184476907225918,8.18445366783363,8.184383949857787
8.185574165376229,8.185643899019382,8.185667143634133,8.185643899019382,8.185574165376229
8.186796713525034,8.186866463262293,8.186889713241769,8.186866463262293,8.186796713525034
8.188051603285299,8.188121369543662,8.1881446250302,8.188121369543662,8.188051603285299
8.189338843877975,8.189408627084628,8.189431888220618,8.189408627084628,8.189338843877975
8.190658444763937,8.190728245346273,8.190751512274188,8.190728245346273,8.190658444763937
8.19201041564415,8.192080234029769,8.192103506892137,8.192080234029769,8.19201041564415
8.193394766459761,8.193464603076473,8.193487882015901,8.193464603076473,8.193394766459761
8.194811507392249,8.194881362668086,8.194904647827252,8.194881362668086,8.194811507392249
8.196260648863552,8.196330523226766,8.19635381474842,8.196330523226766,8.196260648863552
8.197742201536196,8.19781209541527,8.197835393442244,8.19781209541527,8.197742201536196
8.19925617631345,8.199326090137097,8.199349394812291,8.199326090137097,8.19925617631345
8.20080258433944,8.20087251853662,8.200895830003022,8.20087251853662,8.20080258433944
8.202381436999332,8.202451391999235,8.202474710399912,8.202451391999235,8.202381436999332
8.203992745919441,8.20406272215152,8.20408604762962,8.20406272215152,8.203992745919441
8.205636522967414,8.205706520861366,8.205729853560124,8.205706520861366,8.205636522967414
8.207312780252362,8.207382800238147,8.207406140300886,8.207382800238147,8.207312780252362
8.209021530125037,8.209091572632877,8.209114920203001,8.209091572632877,8.209021530125037
8.210762785177963,8.210832850638356,8.21085620585937,8.210832850638356,8.210762785177963
8.21253655824564,8.212606647089356,8.212630010104842,8.212606647089356,8.21253655824564
8.214342862404678,8.214412975062762,8.21443634601641,8.214412975062762,8.214342862404678
8.216181710973983,8.21625184787777,8.216275226913357,8.21625184787777,8.216181710973983
8.218053117514923,8.218123279096037,8.218146666357441,8.218123279096037,8.218053117514923
8.219957095831514,8.220027282521876,8.220050678153065,8.220027282521876,8.219957095831514
8.221893659970586,8.221963872202416,8.221987276347468,8.221963872202416,8.221893659970586
8.223862824221978,8.223933062427802,8.223956475230892,8.223933062427802,8.223862824221978
8.225864603118714,8.225934867731375,8.225958289336786,8.225934867731375,8.225864603118714
8.22789901143721,8.227969302889859,8.227992733441972,8.227969302889859,8.22789901143721
8.22996606419744,8.230036382923554,8.230059822566867,8.230036382923554,8.22996606419744
8.232065776663152,8.232136123096538,8.232159571975647,8.232136123096538,8.232065776663152
8.234198164342061,8.234268538916849,8.234291997176474,8.234268538916849,8.234198164342061
8.236363242986046,8.236433646136712,8.236457113921672,8.236433646136712,8.236363242986046
8.238561028591363,8.238631460752721,8.238654938207958,8.238631460752721,8.238561028591363
8.240791537398842,8.240861999006059,8.240885486276628,8.24086199900606,8.240791537398842
8.243054785894119,8.24312527738271,8.243148774613786,8.243125277382715,8.243054785894119
8.245350790807828,8.245421312613663,8.245444819950542,8.24542131261368,8.245350790807828
8.247679569115828,8.247750121675132,8.247773639263244,8.24775012167519,8.247679569115828
8.250041138039427,8.25011172178875,8.25013524977369,8.250111721788969,8.250041138039427
8.252435515045608,8.252506130421715,8.252529668949363,8.25250613042253,8.252435515045608
8.254862717847248,8.254933365286686,8.254956914503644,8.254933365289729,8.254862717847248
8.257322764403353,8.257393444340828,8.257417004396055,8.257393444352182,8.257322764403353
8.259815672919292,8.259886385781588,8.259909956832487,8.259886385823968,8.25981567291929
8.262341461847031,8.26241220803032,8.262435790265428,8.262412208188481,8.26234146184703
8.264900149885346,8.26497092967049,8.264994523394188,8.264970930260766,8.264900149885335
8.267491755979895,8.267562569216526,8.267586175164963,8.267562571419479,8.267491755979856
8.270116299322545,8.270187144250777,8.270210764770132,8.270187152472353,8.270116299322396
8.272773799346052,8.272844668203955,8.272868311642908,8.272844698887443,8.2727737993455
8.27546427569194,8.275535138350548,8.275558835424965,8.275535252863463,8.275464275689881
8.2781877480214,8.27825849107461,8.278282355776573,8.27825891844477,8.278187748013714
8.280944234910416,8.281014435316427,8.281038891268683,8.281016030291582,8.280944234881725
8.283733747402255,8.283801833306317,8.283828452924316,8.283807785864488,8.283733747295166
8.286556251403955,8.286616402959652,8.286651006573685,8.286638618320616,8.286556251004239
8.289411448427119,8.289442221972934,8.289506253442148,8.289525131244723,8.289411446935155
8.292297497319876,8.292220480489389,8.29239235132004,8.292529903656744,8.292297491751029
8.29082243212931,8.294735544781904,8.295298460982355,8.295890333558777,8.290863881202709
