5.332524602196697,5.332536702033896,5.332548954660371,5.332536702033896,5.332524602196697
5.332512502359498,5.332549260288356,5.332561512962116,5.332549260288356,5.332512502359498
5.332548954294231,5.332585712635773,5.332597965447096,5.332585712635773,5.332548954294231
5.332609300321104,5.332646059346168,5.332658312385332,5.332646059346168,5.332609300321104
5.332693540889057,5.332730300868491,5.33274255422578,5.332730300868491,5.332693540889057
5.332801676625969,5.332838437830631,5.332850691596331,5.332838437830631,5.332801676625969
5.332933708338659,5.332970471039424,5.332982725303827,5.332970471039424,5.332933708338659
5.3330896370129,5.333126401480664,5.333138656334068,5.333126401480664,5.3330896370129
5.3332694638134335,5.333306230319112,5.333318485851825,5.333306230319112,5.3332694638134335
5.333473190083979,5.333509958898517,5.333522215200853,5.333509958898517,5.333473190083979
5.333700817347258,5.333737588741629,5.333749845903913,5.333737588741629,5.333700817347258
5.333952347305007,5.3339891215502195,5.334001379662787,5.3339891215502195,5.333952347305007
5.334227781838009,5.334264559205106,5.3342768183583065,5.334264559205106,5.334227781838009
5.334527123006108,5.334563903766176,5.3345761640503735,5.334563903766176,5.334527123006108
5.334850373048245,5.334887157472412,5.3348994189779795,5.334887157472412,5.334850373048245
5.335197534382476,5.33523432274192,5.335246585559254,5.33523432274192,5.335197534382476
5.335568609606021,5.335605402171969,5.335617666391475,5.335605402171969,5.335568609606021
5.335963601495275,5.336000398539011,5.33601266425112,5.336000398539011,5.335963601495275
5.3363825130058675,5.336419314798731,5.336431582093891,5.336419314798731,5.3363825130058675
5.3368253472726845,5.336862154086079,5.336874423054756,5.336862154086079,5.3368253472726845
5.337292107609915,5.337328919715309,5.337341190447994,5.337328919715309,5.337292107609915
5.337782797511097,5.337819615180026,5.33783188776723,5.337819615180026,5.337782797511097
5.338297420649157,5.338334244153232,5.338346518685494,5.338334244153232,5.338297420649157
5.338835980876467,5.338872810487372,5.338885087055253,5.338872810487372,5.338835980876467
5.339398482224884,5.3394353182143846,5.339447596908472,5.3394353182143846,5.339398482224884
5.339984928905811,5.340021771545754,5.340034052456667,5.340021771545754,5.339984928905811
5.340595325310249,5.340632174872569,5.340644458090949,5.340632174872569,5.340595325310249
5.341229676008853,5.341266532765572,5.341278818382098,5.341266532765572,5.341229676008853
5.341887985751994,5.341924849975232,5.341937138080606,5.341924849975232,5.341887985751994
5.342570259469818,5.34260713143179,5.342619422116756,5.34260713143179,5.342570259469818
5.343276502272319,5.34331338224534,5.343325675600664,5.34331338224534,5.343276502272319
5.344006719449391,5.3440436077058795,5.344055903822374,5.3440436077058795,5.344006719449391
5.344760916470912,5.344797813283395,5.344810112251901,5.344797813283395,5.344760916470912
5.345539098986802,5.345576004627921,5.345588306539318,5.345576004627921,5.345539098986802
5.346341272827111,5.346378187569618,5.346390492514824,5.346378187569618,5.346341272827111
5.347167444002082,5.347204368118851,5.347216676188823,5.347204368118851,5.347167444002082
5.348017618702238,5.348054552466262,5.348066863752001,5.348054552466262,5.348017618702238
5.348891803298464,5.348928746982862,5.348941061575406,5.348928746982862,5.348891803298464
5.349790004342077,5.349826958220099,5.349839276210534,5.349826958220099,5.349790004342077
5.350712228564932,5.350749192909957,5.350761514389408,5.350749192909957,5.350712228564932
5.351658482879488,5.351695457965036,5.3517077830246755,5.351695457965036,5.351658482879488
5.352628774378916,5.3526657604786445,5.352678089209695,5.3526657604786445,5.352628774378916
5.353623110337187,5.353660107724895,5.353672440218622,5.353660107724895,5.353623110337187
5.3546414982091575,5.354678507158796,5.354690843506514,5.354678507158796,5.3546414982091575
5.355683945630681,5.355720966416346,5.355733306709426,5.355720966416346,5.355683945630681
5.3567504604187,5.356787493314643,5.356799837644501,5.356787493314643,5.3567504604187
5.357841050571348,5.35787809585198,5.357890444310084,5.35787809585198,5.357841050571348
5.358955724268053,5.358992782207944,5.35900513488582,5.358992782207944,5.358955724268053
5.360094489869648,5.360131560743538,5.360143917732766,5.360131560743538,5.360094489869648
5.361257355918487,5.361294440001276,5.361306801393489,5.361294440001276,5.361257355918487
5.362444331138537,5.362481428705304,5.362493794592195,5.362481428705304,5.362444331138537
5.363655424435511,5.363692535761507,5.363704906234828,5.363692535761507,5.363655424435511
5.364890644896974,5.364927770257631,5.364940145409194,5.364927770257631,5.364890644896974
5.366150001792468,5.366187141463398,5.366199521385073,5.366187141463398,5.366150001792468
5.367433504573625,5.36747065883063,5.367483043614351,5.36747065883063,5.367433504573625
5.368741162874302,5.36877833199337,5.368790721731134,5.36877833199337,5.368741162874302
5.370072986510692,5.370110170768012,5.370122565551881,5.370110170768012,5.370072986510692
5.371428985481474,5.371466185153421,5.371478585075523,5.371466185153421,5.371428985481474
5.372809169967917,5.372846385331076,5.372858790483605,5.372846385331076,5.372809169967917
5.374213550334035,5.374250781665192,5.374263192140409,5.374250781665192,5.374213550334035
5.375642137126711,5.3756793847028606,5.375691800593099,5.3756793847028606,5.375642137126711
5.377094941075842,5.377132205174188,5.37714462657185,5.377132205174188,5.377094941075842
5.378571973094469,5.378609253992434,5.378621680989993,5.378609253992434,5.378571973094469
5.3800732442789325,5.3801105422541555,5.3801229749441575,5.3801105422541555,5.3800732442789325
5.381598765909007,5.38163608123935,5.38164851971442,5.38163608123935,5.381598765909007
5.383148549448056,5.38318588241161,5.38319832676444,5.38318588241161,5.383148549448056
5.3847226065431775,5.384759957418259,5.384772407741625,5.384759957418259,5.3847226065431775
5.386320949025358,5.386358318090519,5.386370774477271,5.386358318090519,5.386320949025358
5.387943588909625,5.387980976443654,5.387993438986724,5.387980976443655,5.387943588909625
5.389590538395211,5.389627944677137,5.389640413469534,5.389627944677139,5.389590538395211
5.391261809865702,5.391299235174799,5.391311710309616,5.391299235174803,5.391261809865702
5.392957415889211,5.392994860504999,5.393007342075412,5.392994860505011,5.392957415889211
5.394677369218535,5.394714833420769,5.394727321520055,5.394714833420821,5.394677369218535
5.396421682791321,5.396459166859983,5.396471661581533,5.396459166860176,5.396421682791321
5.398190369730245,5.398227873945427,5.398240375382866,5.398227873946149,5.398190369730245
5.399983443343173,5.400020967984702,5.40003347623227,5.400020967987399,5.399983443343173
5.401800917123337,5.401838462469336,5.401850977623336,5.401838462479401,5.401800917123337
5.40364280474952,5.403680371071013,5.403692893235201,5.403680371108575,5.403642804749519
5.405509120086217,5.405546707627014,5.40555923693273,5.405546707767199,5.405509120086215
5.407399877183807,5.407437486085437,5.4074500227666675,5.407437486608617,5.407399877183799
5.409315090278611,5.409352720300246,5.409365264973703,5.409352722252796,5.4093150902785805
5.411254773792332,5.411292423266211,5.411304977975898,5.411292430553259,5.411254773792222
5.4132189423279495,5.41325660426466,5.413269176376539,5.413256631460415,5.413218942327536
5.4152076106447,5.415245258219885,5.415257874934942,5.415245359716275,5.415207610643154
5.417220793511017,5.417258326029161,5.417271088418815,5.41725870482051,5.417220793505249
5.419258504845252,5.419295546821165,5.4193088307427,5.419296960495926,5.419258504823722
5.42132075270164,5.421355908380438,5.421371109945579,5.421361184309623,5.421320752621274
5.423407510027725,5.423435606623268,5.423457898917208,5.423455296745481,5.423407509727746
5.425518544158841,5.425520491593071,5.425568964777451,5.425593976452221,5.42551854303912
5.42765242279001,5.427558233092364,5.427702874423887,5.42783248352462,5.427652418610464
5.426561231355726,5.429356525696482,5.42985119842975,5.430380046738992,5.426597969605986
