7.3232070743033315,7.323260464320021,7.323325402856098,7.323260464320021,7.3232070743033315
7.323153684286642,7.323348501710824,7.323413441445679,7.323348501710824,7.323153684286642
7.3233253967474745,7.323520221257407,7.323585163354211,7.323520221257407,7.3233253967474745
7.323580791094432,7.323775626179771,7.3238405718017585,7.323775626179771,7.323580791094432
7.323919872334759,7.324114721485513,7.324179671796041,7.324114721485513,7.323919872334759
7.324342647263387,7.324537513970041,7.32460247013262,7.324537513970041,7.324342647263387
7.324849124463198,7.325044012216836,7.32510897539518,7.325044012216836,7.324849124463198
7.325439314305383,7.32563422659781,7.325699197955867,7.32563422659781,7.325439314305383
7.326113228949846,7.326308169273709,7.326373149975716,7.326308169273709,7.326113228949846
7.3268708823457045,7.327065854194617,7.327130845405126,7.327065854194617,7.3268708823457045
7.327712290231838,7.327907297100503,7.327972299984432,7.327907297100503,7.327712290231838
7.328637470137533,7.328832515521864,7.328897531244536,7.328832515521864,7.328637470137533
7.329646441383185,7.3298415287804275,7.329906558507606,7.3298415287804275,7.329646441383185
7.330739225081069,7.3309343579899275,7.330999402887866,7.3309343579899275,7.330739225081069
7.331915844136201,7.332111026056958,7.332176087292433,7.332111026056958,7.331915844136201
7.3331763232472476,7.3333715576818905,7.333436636422249,7.3333715576818905,7.3331763232472476
7.334520688907532,7.334715979359869,7.334781076773064,7.334715979359869,7.334520688907532
7.33594896940609,7.336144319381881,7.3362094366365165,7.336144319381881,7.33594896940609
7.337461194828813,7.337656607835889,7.337721746101258,7.337656607835889,7.337461194828813
7.339057397059661,7.339252876608048,7.339318037054177,7.339252876608048,7.339057397059661
7.340737609781944,7.340933159383985,7.340998343181671,7.340933159383985,7.340737609781944
7.342501868479674,7.3426974916501555,7.342762699971013,7.3426974916501555,7.342501868479674
7.344350210439004,7.3445459106952775,7.344611144711774,7.3445459106952775,7.344350210439004
7.346282674749722,7.346478455611826,7.346543716497322,7.346478455611826,7.346282674749722
7.348299302306818,7.348495167297608,7.34856045622641,7.348495167297608,7.348299302306818
7.35040013581215,7.350596088457415,7.350661406604798,7.350596088457415,7.35040013581215
7.352585219776141,7.352781263604733,7.352846612147005,7.352781263604733,7.352585219776141
7.354854600519592,7.3550507390635484,7.355116119178067,7.3550507390635484,7.354854600519592
7.357208326175533,7.357404562970202,7.357469975835432,7.357404562970202,7.357208326175533
7.359646446691165,7.359842785275326,7.359908232070885,7.359842785275326,7.359646446691165
7.36216901382988,7.3623654577458755,7.362430939652556,7.3623654577458755,7.36216901382988
7.364776081173331,7.364972633967186,7.365038152167016,7.364972633967186,7.364776081173331
7.367467704123608,7.367664369345157,7.367729925021431,7.367664369345157,7.367467704123608
7.3702439399054525,7.370440721108466,7.370506315445791,7.370440721108466,7.3702439399054525
7.373104847568577,7.373301748310883,7.373367382495221,7.373301748310883,7.373104847568577
7.376050487990036,7.376247511833654,7.37631318705236,7.376247511833654,7.376050487990036
7.379080923876684,7.379278074387939,7.379343791829806,7.379278074387939,7.379080923876684
7.382196219767697,7.382393500517355,7.382459261372658,7.382393500517355,7.382196219767697
7.3853964420371785,7.385593856600572,7.3856596620611015,7.385593856600572,7.3853964420371785
7.388681658896832,7.388879210853981,7.388945062113097,7.388879210853981,7.388681658896832
7.392051940398712,7.392249633334456,7.392315531587124,7.392249633334456,7.392051940398712
7.395507358438047,7.395705195942169,7.395771142384999,7.395705195942169,7.395507358438047
7.399047986756137,7.399245972423493,7.399311968254789,7.399245972423493,7.399047986756137
7.402673900943326,7.402872038373974,7.402938084793772,7.402872038373974,7.402673900943326
7.406385178442059,7.406583471241379,7.4066495694514884,7.406583471241379,7.406385178442059
7.410181898549984,7.410380350328816,7.410446501532872,7.410380350328816,7.410181898549984
7.414064142423176,7.414262756797942,7.414328962201433,7.414262756797942,7.414064142423176
7.418031993079391,7.418230773672224,7.418297034482547,7.418230773672224,7.418031993079391
7.42208553540142,7.422284485840297,7.422350803266795,7.422284485840297,7.42208553540142
7.42622485614052,7.4264239800593845,7.4264903553133905,7.4264239800593845,7.42622485614052
7.430450043919901,7.4306493449588,7.430715779253681,7.4306493449588,7.430450043919901
7.434761189238312,7.434960671043521,7.435027165594719,7.434960671043521,7.434761189238312
7.439158384473694,7.439358050697845,7.439424606722922,7.439358050697845,7.439158384473694
7.443641723886895,7.443841578189116,7.443908196907799,7.443841578189116,7.443641723886895
7.448211303625493,7.448411349671526,7.448478032305745,7.448411349671526,7.448211303625493
7.452867221727659,7.453067463190001,7.453134210963944,7.453067463190001,7.452867221727659
7.457609578126131,7.4578100186841585,7.457876832824301,7.4578100186841585,7.457609578126131
7.462438474652233,7.462639117992342,7.462705999727501,7.462639117992342,7.462438474652233
7.467354015040005,7.467554864855735,7.467621815417108,7.467554864855735,7.467354015040005
7.4723563049303765,7.472557364922546,7.472624385543757,7.472557364922546,7.4723563049303765
7.4774454518754405,7.477646725752279,7.477713817669424,7.477646725752279,7.4774454518754405
7.482621565342796,7.482823056820079,7.482890221271769,7.482823056820079,7.482621565342796
7.487884756719976,7.488086469521155,7.488153707748558,7.488086469521155,7.487884756719976
7.493235139318937,7.493437077175281,7.493504390422171,7.493437077175281,7.493235139318937
7.498672828380653,7.498874995031373,7.49894238454417,7.498874995031373,7.498672828380653
7.504197941079763,7.504400340272147,7.504467807299971,7.504400340272147,7.504197941079763
7.509810596529304,7.5100132320188635,7.510080777813567,7.5100132320188635,7.509810596529304
7.515510915785539,7.515713791336132,7.515781417152352,7.515713791336132,7.515510915785539
7.521299021852842,7.521502141236816,7.521569848332024,7.521502141236816,7.521299021852842
7.527175039688681,7.527378406687005,7.527446196321538,7.527378406687005,7.527175039688681
7.533139096208658,7.533342714611062,7.533410588048186,7.533342714611062,7.533139096208658
7.539191320291659,7.539395193896769,7.5394631524027105,7.53939519389677,7.539191320291659
7.545331842785056,7.545535975400533,7.545604020244534,7.545535975400538,7.545331842785056
7.551560796510012,7.551765191952685,7.551833324407046,7.551765191952703,7.551560796510012
7.557878316266846,7.558082978362845,7.558151199702986,7.558082978362912,7.557878316266846
7.564284538840499,7.564489471425351,7.564557782929891,7.564489471425603,7.564284538840499
7.570779603006066,7.570984809924705,7.571053212875643,7.570984809925644,7.570779603006066
7.5773636495344165,7.577569134640819,7.5776376303240855,7.577569134644323,7.5773636495344165
7.584036821197896,7.584242588353344,7.5843111780607195,7.584242588366418,7.584036821197895
7.5907992627761045,7.591005315842327,7.5910740008785,7.591005315891123,7.590799262776102
7.597651121061757,7.597857463874945,7.597926245583667,7.597857464057056,7.597651121061747
7.604592544866559,7.604799181140076,7.6048680610016515,7.604799181819736,7.60459254486652
7.611623685026841,7.611830617988106,7.611899597982665,7.611830620524672,7.611623685026694
7.618744694407313,7.618951925444302,7.619021009405417,7.618951934911043,7.618744694406764
7.625955727893391,7.6261632515150755,7.626232450169221,7.626163286846003,7.625955727891339
7.633256942316193,7.633464727415239,7.633534077118186,7.633464859274177,7.633256942308528
7.640648495983425,7.640856416321577,7.640926048569126,7.640856908433753,7.640648495954808
7.648130545908224,7.648338123101212,7.648408521529345,7.648339959718436,7.6481305458013855
7.655703231603047,7.65590869002529,7.655981635449574,7.655915544484526,7.655703231204165
7.663366580503916,7.663563402349924,7.6636454174975075,7.663588983952382,7.663366579014673
7.671119956381144,7.671284504233125,7.671399230418231,7.671379977612723,7.67111995082097
7.667202035996876,7.679006960564305,7.679238554389029,7.679363277815587,7.6672148212454605
