5.4259690161034495,5.426005230953128,5.426046195772804,5.426005230953128,5.4259690161034495
5.425932801253771,5.426055696556778,5.426096661995195,5.426055696556778,5.425932801253771
5.426046192093834,5.42616909161395,5.426210058458086,5.42616909161395,5.426046192093834
5.426222512290111,5.426345418388369,5.426386387425248,5.426345418388369,5.426222512290111
5.426461765485807,5.426584680523467,5.426625652540189,5.426584680523467,5.426461765485807
5.426763956703886,5.42688688304253,5.426927858826297,5.42688688304253,5.426763956703886
5.427129092347278,5.427252032348891,5.427293012687042,5.427252032348891,5.427129092347278
5.427557180199122,5.4276801362261775,5.427721121906216,5.4276801362261775,5.427557180199122
5.4280482294230685,5.428171203838618,5.428212195648237,5.428171203838618,5.4280482294230685
5.428602250563637,5.428725245731392,5.428766244458507,5.428725245731392,5.428602250563637
5.429219255546623,5.4293422738310415,5.429383280263816,5.4293422738310415,5.429219255546623
5.4298992576795575,5.430022301445936,5.430063316372812,5.430022301445936,5.4298992576795575
5.4306422716522285,5.430765343266778,5.430806367476503,5.430765343266778,5.4306422716522285
5.431448313537243,5.431571415367181,5.431612449648841,5.431571415367181,5.431448313537243
5.43231740079065,5.432440535204293,5.432481580347334,5.432440535204293,5.43231740079065
5.433249552252627,5.433372721619461,5.433413778413725,5.433372721619461,5.433249552252627
5.4342447881481935,5.4343679948389765,5.434409064074724,5.4343679948389765,5.4342447881481935
5.435303130088004,5.43542637647484,5.435467458942787,5.43542637647484,5.435303130088004
5.436424601069184,5.4365478895256185,5.436588986016955,5.4365478895256185,5.436424601069184
5.437609225476217,5.437732558377317,5.437773669683743,5.437732558377317,5.437609225476217
5.438857029081889,5.438980408804333,5.439021535718087,5.438980408804333,5.438857029081889
5.440168039048288,5.440291467970454,5.440332611284336,5.440291467970454,5.440168039048288
5.441542283927854,5.441665764429899,5.441706924937311,5.441665764429899,5.441542283927854
5.4429797936644855,5.443103328128444,5.443144506623401,5.443103328128444,5.4429797936644855
5.444480599594695,5.444604190404554,5.444645387681736,5.444604190404554,5.444480599594695
5.446044734448829,5.446168383990624,5.446209600845382,5.446168383990624,5.446044734448829
5.447672232352328,5.447795943014224,5.447837180242628,5.447795943014224,5.447672232352328
5.449363128827053,5.449486902999434,5.449528161398286,5.449486902999434,5.449363128827053
5.451117460792655,5.4512413008682135,5.451282581235091,5.4512413008682135,5.451117460792655
5.452935266568011,5.453059174941833,5.453100478075108,5.453059174941833,5.452935266568011
5.454816585872706,5.4549405649423575,5.454981891641229,5.4549405649423575,5.454816585872706
5.456761459828566,5.456885511994185,5.456926863058708,5.456885511994185,5.456761459828566
5.458769930961258,5.458894058625636,5.458935434856755,5.458894058625636,5.458769930961258
5.460842043201933,5.460966248770608,5.461007650970179,5.460966248770608,5.460842043201933
5.462977841888928,5.463102127770268,5.463143556741093,5.463102127770268,5.462977841888928
5.465177373769519,5.46530174237482,5.465343198920673,5.46530174237482,5.465177373769519
5.4674406870017425,5.467565140745303,5.467606625670962,5.467565140745303,5.4674406870017425
5.469767831156252,5.469892372455471,5.469933886566746,5.469892372455471,5.469767831156252
5.472158857218238,5.472283488493699,5.472325032597464,5.472283488493699,5.472158857218238
5.474613817589408,5.474738541264973,5.474780116169194,5.474738541264973,5.474613817589408
5.47713276609002,5.477257584592914,5.477299191106674,5.477257584592914,5.47713276609002
5.479715757960963,5.479840673721863,5.479882312655397,5.479840673721863,5.479715757960963
5.482362849865897,5.4824878653190225,5.482529537483753,5.4824878653190225,5.482362849865897
5.485074099893458,5.485199217476661,5.485240923685215,5.485199217476661,5.485074099893458
5.487849567559504,5.487974789714359,5.488016530780604,5.487974789714359,5.487849567559504
5.490689313809426,5.490814642981316,5.4908564197203935,5.490814642981316,5.490689313809426
5.493593401020507,5.493718839658719,5.493760652887067,5.493718839658719,5.493593401020507
5.496561893004349,5.496687443562161,5.49672929409755,5.496687443562161,5.496561893004349
5.499594855009344,5.4997205199441135,5.499762408605674,5.4997205199441135,5.499594855009344
5.502692353723202,5.502818135496462,5.502860063104717,5.502818135496462,5.502692353723202
5.505854457275551,5.505980358353093,5.506022325729985,5.505980358353093,5.505854457275551
5.509081235240566,5.509207258092538,5.509249266061462,5.509207258092538,5.509081235240566
5.512372758639678,5.512498905740678,5.512540955126509,5.512498905740678,5.512372758639678
5.51572909994434,5.515855373773494,5.5158974654026185,5.515855373773494,5.51572909994434
5.51915033307882,5.5192767361198865,5.519318870820237,5.5192767361198865,5.51915033307882
5.522636533423091,5.522763068164548,5.522805246765627,5.522763068164548,5.522636533423091
5.526187777815748,5.526314446750886,5.526356670083803,5.526314446750886,5.526187777815748
5.5298041445570005,5.529930950184015,5.529973219081512,5.529930950184015,5.5298041445570005
5.53348571341171,5.53361265823379,5.533654973530277,5.53361265823379,5.53348571341171
5.537232565612491,5.537359652137919,5.5374020146694996,5.537359652137919,5.537232565612491
5.541044783862871,5.5411720146051096,5.541214425209615,5.5411720146051096,5.541044783862871
5.544922452340503,5.54504982981829,5.545092289335315,5.54504982981829,5.544922452340503
5.54886565670044,5.548993183437886,5.54903569270881,5.548993183437886,5.54886565670044
5.552874484078468,5.553002162605143,5.553044722473169,5.553002162605143,5.552874484078468
5.556949023094493,5.557076855945527,5.557119467255709,5.557076855945527,5.556949023094493
5.561089363855991,5.5612173535721645,5.561260017171442,5.5612173535721645,5.561089363855991
5.565295597961513,5.565423747089354,5.56546646382658,5.565423747089354,5.565295597961513
5.569567818504254,5.569696129596129,5.569738900322105,5.569696129596129,5.569567818504254
5.573906120075674,5.574034595689888,5.574077421257394,5.574034595689888,5.573906120075674
5.578310598769182,5.578439241470071,5.578482122733899,5.578439241470071,5.578310598769182
5.582781352183883,5.582910164541911,5.582953102358892,5.582910164541912,5.582781352183883
5.5873184794283715,5.587447464020225,5.58749045924927,5.587447464020228,5.5873184794283715
5.591922081124605,5.592051240533292,5.5920942940354115,5.592051240533296,5.591922081124605
5.5965922594118185,5.596721596226756,5.596764708865111,5.596721596226772,5.5965922594118185
5.601329117950505,5.601458634767615,5.601501807407548,5.601458634767676,5.601329117950505
5.606132761926468,5.606262461348239,5.606305694857336,5.606262461348467,5.606132761926468
5.611003298054913,5.611133182690372,5.6111764779386295,5.6111331826912245,5.611003298054913
5.6159408345846185,5.616070907048978,5.616114264909277,5.616070907052157,5.6159408345846185
5.620945481302152,5.621075744215201,5.621119165565059,5.621075744227069,5.620945481302152
5.626017349536167,5.626147805516011,5.626191291243963,5.6261478055603025,5.6260173495361645
5.631156552161738,5.631287203801171,5.631330754830532,5.631287203966469,5.6311565521617295
5.636363203604751,5.636494053382817,5.63653767076025,5.636494053999726,5.636363203604719
5.641637419846261,5.641768469798038,5.641812155023882,5.641768472100406,5.641637419846142
5.646979318426308,5.6471105689108905,5.647154325171252,5.647110577503569,5.646979318425865
5.652389018444292,5.65252046355031,5.652564300311437,5.652520495619092,5.652389018442635
5.657866640538605,5.65799825095917,5.658042201091755,5.6579983706432495,5.657866640532421
5.663412306744201,5.6635439659939975,5.663588149552915,5.663544412667597,5.663412306721114
5.669026139634597,5.66915740676207,5.669202268261995,5.669159073795054,5.6690261395484
5.674708257279062,5.674837485695331,5.674884675236077,5.6748437072382725,5.674708256957236
5.680458743756708,5.680579818328545,5.680635454331603,5.680603037783228,5.680458742555124
5.686277477011267,5.686367786436383,5.6864544826370365,5.686454443891622,5.686277472524975
5.683340142559995,5.692139546561186,5.692340424418234,5.692462961331172,5.68335174780381
