7.2906362245715455,7.2906891700022705,7.290753647277707,7.2906891700022705,7.2906362245715455
7.2905832791408205,7.290776712771532,7.290841191236538,7.290776712771532,7.2905832791408205
7.290753641230369,7.290947081878012,7.291011562682026,7.290947081878012,7.290753641230369
7.291006829391843,7.291200280504872,7.291264764797398,7.291200280504872,7.291006829391843
7.291342848576901,7.29153631360412,7.291600802534777,7.29153631360412,7.291342848576901
7.291761705506139,7.291955187896818,7.292019682615378,7.291955187896818,7.291761705506139
7.292263408669335,7.292456911873337,7.292521413529773,7.292456911873337,7.292263408669335
7.292847968325806,7.2930414957937,7.293106005538215,7.2930414957937,7.292847968325806
7.293515396504791,7.293708951687977,7.2937734706710575,7.293708951687977,7.293515396504791
7.294265707005939,7.294459293356767,7.294523822729213,7.294459293356767,7.294265707005939
7.295098915399838,7.295292536371731,7.295357077284699,7.295292536371731,7.295098915399838
7.296015039028637,7.296208698076207,7.296273251681252,7.296208698076207,7.296015039028637
7.297014097006719,7.297207797585893,7.297272365035006,7.297207797585893,7.297014097006719
7.298096110221453,7.298289855789588,7.298354438235241,7.298289855789588,7.298096110221453
7.299261101334014,7.299454895350023,7.2995194939452,7.299454895350023,7.299261101334014
7.300509094780267,7.300702940704738,7.300767556602989,7.300702940704738,7.300509094780267
7.301840116771736,7.302034018067053,7.302098652422517,7.302034018067053,7.301840116771736
7.3032541952966135,7.303448155427076,7.303512809394541,7.303448155427076,7.3032541952966135
7.30475136012088,7.304945382552824,7.3050100572877525,7.304945382552824,7.30475136012088
7.30633164278945,7.306525730991376,7.306590427649949,7.306525730991376,7.30633164278945
7.307995076627423,7.308189234070107,7.308253953809269,7.308189234070107,7.307995076627423
7.309741696741383,7.309935926898005,7.310000670875496,7.309935926898005,7.309741696741383
7.31157154002077,7.311765846367036,7.311830615741445,7.311765846367036,7.31157154002077
7.313484645139344,7.313679031153602,7.3137438270843935,7.313679031153602,7.313484645139344
7.315481052556679,7.3156755217200455,7.315740345367609,7.3156755217200455,7.315481052556679
7.317560804519764,7.317755360316246,7.317820212841934,7.317755360316246,7.317560804519764
7.319723945064653,7.319918590981266,7.319983473547436,7.319918590981266,7.319723945064653
7.321970520018193,7.322165259545091,7.322230173315139,7.322165259545091,7.321970520018193
7.324300576999823,7.324495413630411,7.324560359768826,7.324495413630411,7.324300576999823
7.326714165423436,7.326909102654501,7.326974082326895,7.326909102654501,7.326714165423436
7.329211336499325,7.329406377831152,7.329471392204306,7.329406377831152,7.329211336499325
7.331792143236181,7.331987292172682,7.332052342414583,7.331987292172682,7.331792143236181
7.334456640443185,7.334651900492018,7.334716987771902,7.334651900492018,7.334456640443185
7.337204884732143,7.3374002594048395,7.337465384893234,7.3374002594048395,7.337204884732143
7.340036934519723,7.340232427331807,7.340297592200566,7.340232427331807,7.340036934519723
7.342952850029733,7.343148464500844,7.343213669923204,7.343148464500844,7.342952850029733
7.345952693295496,7.3461484329495175,7.346213680100121,7.3461484329495175,7.345952693295496
7.349036528162276,7.349232396527455,7.349297686582403,7.349232396527455,7.349036528162276
7.352204420289788,7.352400420898865,7.352465755035753,7.352400420898865,7.352204420289788
7.355456437154776,7.355652573545104,7.355717952943067,7.355652573545104,7.355456437154776
7.3587926480536625,7.358988923767333,7.359054349607087,7.358988923767333,7.3587926480536625
7.362213124105269,7.362409542689239,7.362475016153119,7.362409542689239,7.362213124105269
7.36571793825361,7.365914503259825,7.3659800255318295,7.365914503259825,7.36571793825361
7.369307165270759,7.3695038802562784,7.3695694525221125,7.3695038802562784,7.369307165270759
7.372980881759783,7.37317775028691,7.373243373734024,7.37317775028691,7.372980881759783
7.3767391661577575,7.376936191794157,7.377001867611792,7.376936191794157,7.3767391661577575
7.38058209873885,7.380779285057682,7.380845014436907,7.380779285057682,7.38058209873885
7.384509761617468,7.384707112197511,7.384772896331271,7.384707112197511,7.384509761617468
7.388522238751499,7.388719757177278,7.388785597260432,7.388719757177278,7.388522238751499
7.392619615945601,7.3928173058075135,7.392883203036877,7.3928173058075135,7.392619615945601
7.396801980854589,7.396999845749033,7.397065801323424,7.396999845749033,7.396801980854589
7.401069422986875,7.401267466516375,7.401333481636653,7.401267466516375,7.401069422986875
7.405422033707994,7.405620259481331,7.40568633535044,7.405620259481331,7.405422033707994
7.409859906244201,7.41005831787654,7.410124455699553,7.41005831787654,7.409859906244201
7.41438313568614,7.414581736799157,7.414647937783318,7.414581736799157,7.41438313568614
7.418991818992587,7.4191906132146,7.419256878569366,7.4191906132146,7.418991818992587
7.423686054994274,7.423885045960373,7.423951376897457,7.423885045960373,7.423686054994274
7.428465944397774,7.42866513574995,7.428731533483368,7.42866513574995,7.428465944397774
7.433331589789485,7.433530985176754,7.4335974509228615,7.433530985176754,7.433331589789485
7.438283095639654,7.438482698718196,7.438549233695739,7.438482698718196,7.438283095639654
7.443320568306515,7.4435203827397975,7.443586988169949,7.4435203827397975,7.443320568306515
7.448444116040464,7.4486441454993795,7.44871082260579,7.4486441454993795,7.448444116040464
7.453653848988348,7.453854097151341,7.453920847160174,7.453854097151341,7.453653848988348
7.4589498791978,7.4591503497509954,7.4592171738909805,7.4591503497509954,7.4589498791978
7.464332320621662,7.464533017259008,7.464599916761477,7.464533017259008,7.464332320621662
7.469801289122491,7.470002215545877,7.470069191644813,7.470002215545877,7.469801289122491
7.475356902477122,7.4755580623965265,7.475625116328607,7.4755580623965265,7.475356902477122
7.480999280381335,7.481200677514947,7.481267810519586,7.481200677514947,7.480999280381335
7.4867285444545715,7.48693018252893,7.486997395848325,7.48693018252893,7.4867285444545715
7.492544818244749,7.492746700994874,7.492813995874053,7.492746700994875,7.492544818244749
7.498448227233146,7.498650358402675,7.498717736089535,7.498650358402678,7.498448227233146
7.504438898839356,7.50464128218068,7.50470874392604,7.504641282180689,7.504438898839356
7.510516962426344,7.510719601700727,7.510787148758373,7.510719601700762,7.510516962426344
7.516682549305545,7.516885448283258,7.5169530819100085,7.516885448283384,7.516682549305545
7.522935792742081,7.523138955202456,7.523206676658278,7.523138955202927,7.522935792742081
7.529276827960029,7.52948025769135,7.52954806823965,7.5294802576931055,7.529276827960029
7.535705792147773,7.535909492946475,7.53597739385509,7.535909492953027,7.535705792147772
7.5422228244634475,7.54242680013074,7.542494792675493,7.542426800155193,7.542222824463446
7.548828066040452,7.549032320369355,7.549100405847199,7.549032320460613,7.548828066040446
7.555521659993027,7.555726196719633,7.5557943764975795,7.555726197060218,7.5555216599930075
7.56230375142188,7.5625085740431235,7.562576849740638,7.562508575314226,7.5623037514218066
7.569174487419554,7.569379598513093,7.569447972682367,7.569379603256983,7.5691744874192795
7.576134017073983,7.5763394157616215,7.5764078944241895,7.576339433466334,7.576134017072957
7.583182491460912,7.583388163953479,7.583456766054969,7.583388230029408,7.58318249145708
7.59032006357027,7.590525947950181,7.590594740575907,7.590526194552792,7.590320063555967
7.597546887845116,7.597752743041094,7.59782197243387,7.597753663389085,7.597546887791714
7.604863117453265,7.605068036631895,7.605138614772233,7.605071471471539,7.604863117253892
7.6122688883114975,7.612469496746007,7.612544803377727,7.612482315944369,7.612268887567136
7.619764225777305,7.619948036375312,7.620040563085423,7.61999587903021,7.619764222998215
7.627348500163282,7.627469589301265,7.627625262234114,7.627648143340106,7.627348489787453
7.635017250911305,7.634908239119213,7.635294432954817,7.63557462239283,7.635017212172614
7.631104822782438,7.641803315270577,7.643021238343478,7.644290330815618,7.631194061138504
