3.8887673964176823,3.8887913919303263,3.888815282963895,3.8887913919303263,3.8887673964176823
3.8887434009050383,3.888815074262899,3.8888389655578033,3.888815074262899,3.8887434009050383
3.888815280849415,3.8888869565843027,3.888910848671558,3.8888869565843027,3.888815280849415
3.8889353607832033,3.8890070404882273,3.8890309338988773,3.8890070404882273,3.8889353607832033
3.8891036433633657,3.88917532863179,3.8891992238969313,3.88917532863179,3.8891036433633657
3.8893201323103352,3.88939182473564,3.889415722386438,3.88939182473564,3.8893201323103352
3.88958483240816,3.8896565335841027,3.8896804341518183,3.8896565335841027,3.88958483240816
3.889897749504691,3.8899694610253692,3.889993365041374,3.8899694610253692,3.889897749504691
3.89025889051181,3.890330613971724,3.890354521967526,3.890330613971724,3.89025889051181
3.8906682634057064,3.890740000399819,3.890763912907078,3.890740000399819,3.8906682634057064
3.891125877227183,3.891197629350983,3.8912215469015363,3.891197629350983,3.891125877227183
3.8916317420820157,3.891703510931579,3.8917274340574584,3.891703510931579,3.8916317420820157
3.8921858691413505,3.892257656313401,3.8922815855468555,3.892257656313401,3.8921858691413505
3.8927882706421384,3.892860077734114,3.8928840136076297,3.892860077734114,3.8927882706421384
3.8934389598876216,3.893510788497732,3.893534731544052,3.893510788497732,3.8934389598876216
3.8941379512478504,3.8942098029751424,3.894233753727288,3.8942098029751424,3.8941379512478504
3.894885260160256,3.894957136604671,3.894981095595964,3.894957136604671,3.894885260160256
3.8956809031302475,3.8957528058926894,3.895776773656771,3.8957528058926894,3.8956809031302475
3.8965248977318696,3.8965968284142622,3.896620805485114,3.8965968284142622,3.8965248977318696
3.8974172626084855,3.8974892228138387,3.8975132097258047,3.8974892228138387,3.8974172626084855
3.8983580174735173,3.8984300088059856,3.8984540060937904,3.8984300088059856,3.8983580174735173
3.8993471831112156,3.8994192071761637,3.8994432153749354,3.8994192071761637,3.8993471831112156
3.900384781377479,3.9004568397815413,3.9004808594268328,3.9004568397815413,3.900384781377479
3.9014708352007132,3.9015429295518596,3.9015669611796664,3.9015429295518596,3.9014708352007132
3.902605368582734,3.9026775004903285,3.9027015446371136,3.9026775004903285,3.902605368582734
3.9037884065997077,3.9038605776745747,3.9038846348772855,3.9038605776745747,3.9037884065997077
3.9050199754031407,3.905092187257625,3.905116258053717,3.905092187257625,3.9050199754031407
3.906300102220907,3.9063723564689377,3.906396441396394,3.9063723564689377,3.906300102220907
3.907628815358319,3.907701113615472,3.907725213212825,3.907701113615472,3.907628815358319
3.9090061441992385,3.9090784880828,3.909102602889152,3.9090784880828,3.9090061441992385
3.9104321192072393,3.910504510336266,3.91052864089131,3.910504510336266,3.9104321192072393
3.911906771926797,3.9119792119221843,3.912003358766225,3.9119792119221843,3.911906771926797
3.9134301349845364,3.9135026254690763,3.9135267891430527,3.9135026254690763,3.9134301349845364
3.9150022420905133,3.9150747846889606,3.915098965734463,3.9150747846889606,3.9150022420905133
3.916623128039538,3.916695724378673,3.9167199233379697,3.916695724378673,3.916623128039538
3.91829282871255,3.918365480421241,3.918389697837294,3.918365480421241,3.91829282871255
3.9200113810780244,3.9200840897872924,3.920108326203782,3.9200840897872924,3.9200113810780244
3.9217788231934296,3.92185159053651,3.9218758464978576,3.92185159053651,3.9217788231934296
3.923595194206726,3.9236680218191333,3.923692297870516,3.9236680218191333,3.923595194206726
3.9254605343579017,3.9255334238774955,3.925557720564874,3.9255334238774955,3.9254605343579017
3.9273748849805608,3.927447838047608,3.9274721559177443,3.927447838047608,3.9273748849805608
3.9293382885035504,3.9294113067607865,3.929435646361266,3.9294113067607865,3.9293382885035504
3.9313507884526278,3.9314238735453246,3.931448235424579,3.9314238735453246,3.9313507884526278
3.9334124294521757,3.9334855830282045,3.9335099677355307,3.9334855830282045,3.9334124294521757
3.935523257226959,3.9355964809368538,3.935620889022437,3.9355964809368538,3.935523257226959
3.937683318603923,3.9377566141009464,3.937781046115883,3.9377566141009464,3.937683318603923
3.93989266151404,3.9399660304542476,3.939990486950562,3.9399660304542476,3.93989266151404
3.9421513349941932,3.942224779036499,3.942249260567169,3.942224779036499,3.9421513349941932
3.9444593891891113,3.944532909995349,3.9445574171143267,3.944532909995349,3.9444593891891113
3.9468168753533384,3.946890474588331,3.946915007850566,3.946890474588331,3.9468168753533384
3.9492238458532567,3.9492975251848796,3.9493220851463358,3.9492975251848796,3.9492238458532567
3.9516803541691465,3.951754115268391,3.9517787024860747,3.951754115268391,3.9516803541691465
3.954186454897294,3.954260299438337,3.9542849144703123,3.954260299438337,3.954186454897294
3.9567422037521394,3.9568161334124046,3.9568407768178213,3.9568161334124046,3.9567422037521394
3.959347657568474,3.9594216740287,3.9594463463678116,3.9594216740287,3.959347657568474
3.962002874303678,3.9620769792479837,3.9621016810821703,3.9620769792479837,3.962002874303678
3.964707913040004,3.964782108155955,3.964806840047745,3.964782108155955,3.964707913040004
3.9674628339869042,3.9675371209655785,3.967561883478673,3.9675371209655785,3.9674628339869042
3.970267698483405,3.970342079019458,3.970366872718748,3.970342079019458,3.970267698483405
3.9731225690005187,3.9731970447922524,3.973221870243848,3.9731970447922524,3.9731225690005187
3.9760275091437127,3.976102081893141,3.976126939664386,3.976102081893141,3.9760275091437127
3.9789825836554105,3.9790572550683256,3.9790821457278263,3.9790572550683256,3.9789825836554105
3.981987858417545,3.982062630203586,3.982087554321228,3.982062630203586,3.981987858417545
3.9850434004541575,3.9851182743268763,3.9851432324738516,3.9851182743268763,3.9850434004541575
3.9881492779340384,3.988224255610966,3.988249248359793,3.988224255610966,3.9881492779340384
3.9913055601734113,3.9913806433761287,3.991405671300675,3.9913806433761287,3.9913055601734113
3.994512317638673,3.994587508092876,3.9946125717683802,3.994587508092876,3.994512317638673
3.9977696219491654,3.9978449213847345,3.9978700213878318,3.9978449213847345,3.9977696219491654
4.001077545880005,4.001152956031071,4.001178092939812,4.001152956031071,4.001077545880005
4.004436163364946,4.004511685969962,4.00453686036384,4.0045116859699625,4.004436163364946
4.007845549499305,4.007921186301113,4.0079463987610815,4.007921186301113,4.007845549499305
4.011305780542919,4.011381533288814,4.011406784397316,4.0113815332888185,4.011305780542919
4.014816933923151,4.014892804364958,4.014918094705944,4.014892804364971,4.014816933923151
4.018379088237948,4.018455078132076,4.018480408291042,4.0184550781321215,4.018379088237948
4.021992323258945,4.022068434366434,4.022093804930462,4.022068434366606,4.021992323258945
4.025656719934606,4.025732954021107,4.025758365578984,4.025732954021747,4.025656719934606
4.029372360393424,4.029448719228924,4.029474172371504,4.029448719231311,4.029372360393424
4.03313932794716,4.033215813304773,4.033241308626287,4.0332158133136815,4.03313932794716
4.036957707094133,4.037034320745397,4.0370598588482425,4.037034320778643,4.036957707094131
4.040827583522557,4.040904327219684,4.040929908732272,4.040904327343765,4.040827583522551
4.044749044113927,4.044825919523367,4.04485154516665,4.044825919986451,4.044749044113907
4.048722176946477,4.048799185400772,4.048824856236468,4.048799187129049,4.0487221769463995
4.05274707129876,4.052824212870167,4.0528499312271995,4.052824219320268,4.05274707129847
4.056823817653773,4.056901087696327,4.056926860628693,4.056901111768746,4.056823817652692
4.060952507705703,4.0610298839472705,4.0610557361415065,4.061029973787927,4.060952507701667
4.0651332343812125,4.065210628735596,4.065236650696605,4.065210964029843,4.065133234366145
4.069366091942702,4.06944317058608,4.069469698552695,4.069444421937501,4.069366091886442
4.073651176560104,4.07372668796417,4.073754975845902,4.073731358131928,4.0736511763500385
4.077988589579371,4.078057853900807,4.078092583775576,4.078075283430712,4.077988588795016
4.082378456381649,4.082423979508883,4.0824826471545235,4.082489028245954,4.082378453452965
4.086821035639342,4.086777386014514,4.0869254225096325,4.087020154364747,4.086821024703955
4.084570314164181,4.090939532007766,4.0914219281224256,4.09184556761885,4.0846028275969335
