5.480383104395214,5.480386477306423,5.480409545004759,5.480426845813214,5.4804383797020435,5.480444146651414,5.480444146651414,5.4804383797020435,5.480426845813214,5.480409545004759,5.480386477306423,5.480383104395214
5.480379731484005,5.480408566220856,5.480431634069827,5.4804489349912595,5.480460468955406,5.480466235942437,5.480466235942437,5.480460468955406,5.4804489349912595,5.480431634069827,5.480408566220856,5.480379731484005
5.480409544901547,5.480438379896283,5.480461447951564,5.4804787490277285,5.48049028309503,5.480496050133639,5.480496050133639,5.48049028309503,5.4804787490277285,5.480461447951564,5.480438379896283,5.480409544901547
5.480447083094232,5.480475918416446,5.4804989867337115,5.480516288006365,5.48052782220466,5.480533589308765,5.480533589308765,5.48052782220466,5.480516288006365,5.4804989867337115,5.480475918416446,5.480447083094232
5.4804923461880195,5.480521181907307,5.480544250542232,5.480561552053131,5.480573086410258,5.480578853593777,5.480578853593777,5.480573086410258,5.480561552053131,5.480544250542232,5.480521181907307,5.4804923461880195
5.480545334351087,5.480574170537043,5.480597239545305,5.480614541336209,5.4806260758800045,5.480631843156861,5.480631843156861,5.4806260758800045,5.480614541336209,5.480597239545305,5.480574170537043,5.480545334351087
5.480606047793823,5.480634884516048,5.480657953953327,5.480675256065993,5.480686790824299,5.48069255820841,5.48069255820841,5.480686790824299,5.480675256065993,5.480657953953327,5.480634884516048,5.480606047793823
5.480674486768837,5.480703324096931,5.480726394018907,5.480743696495098,5.4807552314957535,5.48076099900104,5.48076099900104,5.4807552314957535,5.480743696495098,5.480726394018907,5.480703324096931,5.480674486768837
5.480750651570944,5.48077948957451,5.480802560036867,5.480819862918346,5.480831398189192,5.480837165829575,5.480837165829575,5.480831398189192,5.480819862918346,5.480802560036867,5.48077948957451,5.480750651570944
5.480834542537164,5.48086338128581,5.480886452344234,5.480903755672763,5.4809152912416454,5.480921059031046,5.480921059031046,5.4809152912416454,5.480903755672763,5.480886452344234,5.48086338128581,5.480834542537164
5.480926160046719,5.480954999610056,5.4809780713202345,5.4809953751375815,5.481006911032345,5.481012678984686,5.481012678984686,5.481006911032345,5.4809953751375815,5.4809780713202345,5.480954999610056,5.480926160046719
5.4810255045210265,5.481054344968667,5.4810774173862935,5.4810947217342285,5.4811062579827174,5.481112026111921,5.481112026111921,5.4811062579827174,5.4810947217342285,5.4810774173862935,5.481054344968667,5.4810255045210265
5.481132576423691,5.481161417825254,5.481184491006022,5.481201795926317,5.48121333255638,5.48121910087637,5.48121910087637,5.48121333255638,5.481201795926317,5.481184491006022,5.481161417825254,5.481132576423691
5.481247376260495,5.481276218685606,5.481299292685216,5.481316598219643,5.481328135259128,5.481333903783832,5.481333903783832,5.481328135259128,5.481316598219643,5.481299292685216,5.481276218685606,5.481247376260495
5.481369904579401,5.481398748097686,5.481421822971839,5.481439129162178,5.481450666638938,5.481456435382278,5.481456435382278,5.481450666638938,5.481439129162178,5.481421822971839,5.481398748097686,5.481369904579401
5.481500161970525,5.481529006651618,5.481552082456023,5.4815693893440525,5.481580927285941,5.4815866962618465,5.4815866962618465,5.481580927285941,5.4815693893440525,5.481552082456023,5.481529006651618,5.481500161970525
5.481638149066143,5.481666994979684,5.481690071770052,5.481707379397555,5.481718917832428,5.481724687054826,5.481724687054826,5.481718917832428,5.481707379397555,5.481690071770052,5.481666994979684,5.481638149066143
5.481783866540671,5.481812713756305,5.4818357915883515,5.481853099997117,5.481864638952834,5.481870408435653,5.481870408435653,5.481864638952834,5.481853099997117,5.4818357915883515,5.481812713756305,5.481783866540671
5.481937315110658,5.481966163698034,5.481989242627481,5.4820065518593015,5.482018091363721,5.482023861120893,5.482023861120893,5.482018091363721,5.4820065518593015,5.481989242627481,5.481966163698034,5.481937315110658
5.482098495534767,5.482127345563546,5.48215042564612,5.482167735742788,5.482179275823776,5.482185045869231,5.482185045869231,5.482179275823776,5.482167735742788,5.48215042564612,5.482127345563546,5.482098495534767
5.482267408613771,5.482296260153616,5.4823193414450495,5.4823366524483665,5.482348193133788,5.482353963481461,5.482353963481461,5.482348193133788,5.4823366524483665,5.4823193414450495,5.482296260153616,5.482267408613771
5.4824440551905305,5.4824729083111166,5.482495990867148,5.482513302818916,5.48252484413664,5.482530614800466,5.482530614800466,5.48252484413664,5.482513302818916,5.482495990867148,5.4824729083111166,5.4824440551905305
5.482628436149986,5.482657290920992,5.482680374797367,5.482697687739394,5.482709229717294,5.482715000711209,5.482715000711209,5.482709229717294,5.482697687739394,5.482680374797367,5.482657290920992,5.482628436149986
5.482820552419138,5.482849408910252,5.482872494162719,5.482889808136822,5.482901350802772,5.482907122140712,5.482907122140712,5.482901350802772,5.482889808136822,5.482872494162719,5.482849408910252,5.482820552419138
5.483020404967029,5.483049263247947,5.4830723499322644,5.483089664980258,5.4831012083621395,5.483106980058045,5.483106980058045,5.4831012083621395,5.483089664980258,5.4830723499322644,5.483049263247947,5.483020404967029
5.483227994804728,5.483256854945156,5.48327994311709,5.4832972592808,5.4833088034064925,5.483314575474306,5.483314575474306,5.4833088034064925,5.4832972592808,5.48327994311709,5.483256854945156,5.483227994804728
5.483443322985315,5.483472185054969,5.48349527477029,5.483512592091547,5.4835241369889385,5.4835299094426,5.4835299094426,5.4835241369889385,5.483512592091547,5.48349527477029,5.483472185054969,5.483443322985315
5.4836663906038625,5.483695254672465,5.483718345986953,5.483735664507589,5.4837472102045695,5.483752983058027,5.483752983058027,5.4837472102045695,5.483735664507589,5.483718345986953,5.483695254672465,5.4836663906038625
5.483897198797408,5.483926064934694,5.483949157904136,5.483966477665993,5.483978024190456,5.483983797457656,5.483983797457656,5.483978024190456,5.483966477665993,5.483949157904136,5.483926064934694,5.483897198797408
5.484135748744941,5.484164617020655,5.484187711700846,5.48420503274577,5.484216580125614,5.484222353820504,5.484222353820504,5.484216580125614,5.48420503274577,5.484187711700846,5.484164617020655,5.484135748744941
5.48438204166738,5.484410912151275,5.484434008598021,5.484451330967865,5.484462879230992,5.484468653367525,5.484468653367525,5.484462879230992,5.484451330967865,5.484434008598021,5.484410912151275,5.48438204166738
5.48463607882755,5.484664951589391,5.484688049858503,5.484705373595128,5.484716922769444,5.484722697361571,5.484722697361571,5.484716922769444,5.484705373595128,5.484688049858503,5.484664951589391,5.48463607882755
5.484897861530156,5.484926736639721,5.484949836787023,5.484967161932293,5.484978712045709,5.484984487107386,5.484984487107386,5.484978712045709,5.484967161932293,5.484949836787023,5.484926736639721,5.484897861530156
5.4851673911217675,5.485196268648846,5.485219370730164,5.485236697325955,5.4852482484063865,5.485254023951574,5.485254023951574,5.4852482484063865,5.485236697325955,5.485219370730164,5.485196268648846,5.4851673911217675
5.485444668990785,5.4854735490051745,5.485496653076353,5.4855139811645435,5.485525533239912,5.4855313092825675,5.4855313092825675,5.485525533239912,5.4855139811645435,5.485496653076353,5.4854735490051745,5.485444668990785
5.485729696567421,5.485758579138935,5.485781685255823,5.4857990148783005,5.4858105679765305,5.485816344530617,5.485816344530617,5.4858105679765305,5.4857990148783005,5.485781685255823,5.485758579138935,5.485729696567421
5.486022475323669,5.486051360522131,5.48607446874059,5.48609179993925,5.4861033540882715,5.486109131167756,5.486109131167756,5.4861033540882715,5.48609179993925,5.48607446874059,5.486051360522131,5.486022475323669
5.48632300677328,5.48635189466853,5.486375005044429,5.486392337861177,5.486403893088925,5.486409670707774,5.486409670707774,5.486403893088925,5.486392337861177,5.486375005044429,5.48635189466853,5.48632300677328
5.486631292471735,5.486660183133624,5.486683295722845,5.486700630199589,5.486712186534006,5.486717964706189,5.486717964706189,5.486712186534006,5.486700630199589,5.486683295722845,5.486660183133624,5.486631292471735
5.4869473340162145,5.486976227514607,5.486999342373041,5.487016678551702,5.487028236020732,5.487034014760225,5.487034014760225,5.487028236020732,5.487016678551702,5.486999342373041,5.486976227514607,5.4869473340162145
5.487271133045568,5.487300029450342,5.487323146633893,5.487340484556399,5.487352043187996,5.487357822508772,5.487357822508772,5.487352043187996,5.487340484556399,5.487323146633893,5.487300029450342,5.487271133045568
5.487602691240286,5.487631590621335,5.487654710185918,5.487672049894206,5.487683609716326,5.487689389632363,5.487689389632363,5.487683609716326,5.487672049894206,5.487654710185918,5.487631590621335,5.487602691240286
5.487942010322468,5.487970912749702,5.487994034751244,5.488011376287257,5.488022937327864,5.488028717853146,5.488028717853146,5.488022937327864,5.488011376287257,5.487994034751244,5.487970912749702,5.487942010322468
5.488289092055795,5.488317997599135,5.488341122093574,5.4883584654992665,5.48837002778633,5.488375808934843,5.488375808934843,5.48837002778633,5.4883584654992665,5.488341122093574,5.488317997599135,5.488289092055795
5.488643938245488,5.488672846974873,5.48869597401816,5.488713319335496,5.488724882896993,5.488730664682722,5.488730664682722,5.488724882896993,5.488713319335496,5.48869597401816,5.488672846974873,5.488643938245488
5.489006550738283,5.489035462723666,5.489058592371765,5.489075939642718,5.489087504506628,5.489093286943566,5.489093286943566,5.489087504506628,5.489075939642718,5.489058592371765,5.489035462723666,5.489006550738283
5.489376931422391,5.489405846733744,5.489428979042631,5.4894463283091826,5.489457894503497,5.489463677605636,5.489463677605636,5.489457894503497,5.4894463283091826,5.489428979042631,5.489405846733744,5.489376931422391
5.48975508222747,5.489784000934778,5.489807135960442,5.489824487264586,5.489836054817296,5.489841838598637,5.489841838598637,5.489836054817296,5.489824487264586,5.489807135960442,5.489784000934778,5.48975508222747
5.4901410051245785,5.490169927297846,5.490193065096292,5.490210418480028,5.4902219874191385,5.49022777189368,5.49022777189368,5.4902219874191385,5.490210418480028,5.490193065096292,5.490169927297846,5.4901410051245785
5.490534702126152,5.4905636278353995,5.490586768462642,5.490604123967985,5.490615694321503,5.4906214795032495,5.4906214795032495,5.490615694321503,5.490604123967985,5.490586768462642,5.4905636278353995,5.490534702126152
5.490936175285955,5.490965104601219,5.490988248113291,5.491005605782263,5.491017177578205,5.491022963481164,5.491022963481164,5.491017177578205,5.491005605782263,5.490988248113291,5.490965104601219,5.490936175285955
5.491345426699047,5.491374359690385,5.491397506143329,5.491414866017964,5.4914264392843535,5.491432225922537,5.491432225922537,5.4914264392843535,5.491414866017964,5.491397506143329,5.491374359690385,5.491345426699047
5.491762458501744,5.491791395239231,5.491814544689108,5.491831906811451,5.491843481576316,5.491849268963739,5.491849268963739,5.491843481576316,5.491831906811451,5.491814544689108,5.491791395239231,5.491762458501744
5.492187272871581,5.492216213425308,5.492239365928192,5.4922567303403,5.492268306631677,5.492274094782357,5.492274094782357,5.492268306631677,5.4922567303403,5.492239365928192,5.492216213425308,5.492187272871581
5.492619872027265,5.492648816467343,5.492671972079324,5.492689338823261,5.492700916669198,5.492706705597159,5.492706705597159,5.492700916669198,5.492689338823261,5.492671972079324,5.492648816467343,5.492619872027265
5.493060258228638,5.493089206625199,5.493112365402382,5.49312973452023,5.493141313948776,5.493147103668045,5.493147103668045,5.493141313948776,5.49312973452023,5.493112365402382,5.493089206625199,5.493060258228638
5.49350843377664,5.493537386199833,5.493560548198337,5.493577919732186,5.493589500771405,5.493595291296009,5.493595291296009,5.493589500771405,5.493577919732186,5.493560548198337,5.493537386199833,5.49350843377664
5.493964401013252,5.493993357533247,5.49401652280921,5.494033896801163,5.494045479479121,5.494051270823098,5.494051270823098,5.494045479479121,5.494033896801163,5.49401652280921,5.493993357533247,5.493964401013252
5.494428162321469,5.494457123008459,5.494480291618032,5.494497668110202,5.494509252454978,5.4945150446323625,5.4945150446323625,5.494509252454978,5.494497668110202,5.494480291618032,5.494457123008459,5.494428162321469
5.494899720125246,5.494928685049439,5.494951857048793,5.494969236083308,5.494980822122983,5.4949866151478215,5.4949866151478215,5.494980822122983,5.494969236083308,5.494951857048793,5.494928685049439,5.494899720125246
5.495379076889451,5.4954080461210815,5.4954312215664025,5.4954486031854,5.49546019094807,5.495465984834406,5.495465984834406,5.49546019094807,5.4954486031854,5.4954312215664025,5.4954080461210815,5.495379076889451
5.495866235119829,5.495895208729149,5.495918387676638,5.495935771922273,5.495947361436039,5.495953156197925,5.495953156197925,5.495947361436039,5.495935771922273,5.495918387676638,5.495895208729149,5.495866235119829
5.496361197362944,5.496390175420229,5.496413357926108,5.496430744840545,5.4964423361335175,5.496448131785007,5.496448131785007,5.4964423361335175,5.496430744840545,5.496413357926108,5.496390175420229,5.496361197362944
5.496863966206139,5.496892948781688,5.496916134902193,5.496933524527611,5.4969451176279085,5.496950914183063,5.496950914183063,5.4969451176279085,5.496933524527611,5.496916134902193,5.496892948781688,5.496863966206139
5.497374544277489,5.497403531441617,5.497426721233007,5.497444113611598,5.497455708547349,5.497461506020231,5.497461506020231,5.497455708547349,5.497444113611598,5.497426721233007,5.497403531441617,5.497374544277489
5.497892934245741,5.497921926068795,5.497945119587341,5.49796251476131,5.4979741115606515,5.4979799099653315,5.4979799099653315,5.4979741115606515,5.49796251476131,5.497945119587341,5.497921926068795,5.497892934245741
5.498419138820281,5.498448135372623,5.498471332674619,5.498488730686186,5.498500329377266,5.498506128727815,5.498506128727815,5.498500329377266,5.498488730686186,5.498471332674619,5.498448135372623,5.498419138820281
5.49895316075107,5.498982162103089,5.499005363244845,5.499022764136245,5.499034364747217,5.499040165057714,5.499040165057714,5.499034364747217,5.499022764136245,5.499005363244845,5.498982162103089,5.49895316075107
5.499495002828596,5.499524009050705,5.499547214088553,5.49956461790203,5.49957622046106,5.499582021745589,5.499582021745589,5.49957622046106,5.49956461790203,5.499547214088553,5.499524009050705,5.499495002828596
5.500044667883826,5.500073679046463,5.500096888036748,5.50011429481457,5.5001258993498325,5.500131701622478,5.500131701622478,5.5001258993498325,5.50011429481457,5.500096888036748,5.500073679046463,5.500044667883826
5.5006021587881495,5.500631174961773,5.500654387960871,5.500671797745308,5.50068340428499,5.500689207559846,5.500689207559846,5.50068340428499,5.500671797745308,5.500654387960871,5.500631174961773,5.5006021587881495
5.50116747845333,5.501196499708426,5.501219716772721,5.5012371296060705,5.501248738178362,5.501254542469527,5.501254542469527,5.501248738178362,5.5012371296060705,5.501219716772721,5.501196499708426,5.50116747845333
5.501740629831439,5.501769656238521,5.501792877424423,5.5018102933489885,5.501821903982099,5.501827709303672,5.501827709303672,5.501821903982099,5.5018102933489885,5.501792877424423,5.501769656238521,5.501740629831439
5.502321615914819,5.50235064754442,5.502373872908358,5.502391291966465,5.502402904688605,5.502408711054698,5.502408711054698,5.502402904688605,5.502391291966465,5.502373872908358,5.50235064754442,5.502321615914819
5.502910439736008,5.502939476658691,5.502962706257118,5.5029801284910995,5.502991743330498,5.502997550755221,5.502997550755221,5.502991743330498,5.5029801284910995,5.502962706257118,5.502939476658691,5.502910439736008
5.5035071043677,5.503536146654055,5.5035593805434395,5.503576805995651,5.503588422980544,5.503594231478014,5.503594231478014,5.503588422980544,5.503576805995651,5.5035593805434395,5.503536146654055,5.5035071043677
5.504111612922679,5.504140660643319,5.504163898880153,5.504181327592966,5.504192946751596,5.504198756335939,5.504198756335939,5.504192946751596,5.504181327592966,5.504163898880153,5.504140660643319,5.504111612922679
5.504723968553759,5.504753021779329,5.504776264420127,5.504793696435923,5.504805317796552,5.504811128481894,5.504811128481894,5.504805317796552,5.504793696435923,5.504776264420127,5.504753021779329,5.504723968553759
5.505344174453736,5.505373233254902,5.505396480356199,5.505413915717385,5.505425539308276,5.505431351108753,5.505431351108753,5.505425539308276,5.505413915717385,5.505396480356199,5.505373233254902,5.505344174453736
5.505972233855315,5.506001298302776,5.50602454992113,5.5060419886701215,5.5060536145195575,5.506059427449307,5.506059427449307,5.5060536145195575,5.5060419886701215,5.50602454992113,5.506001298302776,5.505972233855315
5.506608150031061,5.50663722019554,5.506660476387531,5.506677918566764,5.506689546703033,5.506695360776201,5.506695360776201,5.506689546703033,5.506677918566764,5.506660476387531,5.50663722019554,5.506608150031061
5.507251926293331,5.507281002245581,5.507304263067812,5.507321708719739,5.507333339171142,5.507339154401881,5.507339154401881,5.507333339171142,5.507321708719739,5.507304263067812,5.507281002245581,5.507251926293331
5.507903565994216,5.50793264780502,5.507955913314117,5.507973362481205,5.507984995276056,5.507990811678521,5.507990811678521,5.507984995276056,5.507973362481205,5.507955913314117,5.50793264780502,5.507903565994216
5.508563072525478,5.508592160265646,5.508615430518256,5.508632883242994,5.508644518409618,5.508650335997971,5.508650335997971,5.508644518409618,5.508632883242994,5.508615430518256,5.508592160265646,5.508563072525478
5.509230449318487,5.5092595430588585,5.5092828181116555,5.509300274436548,5.50931191200328,5.509317730791689,5.509317730791689,5.50931191200328,5.509300274436548,5.5092828181116555,5.5092595430588585,5.509230449318487
5.509905699844155,5.5099347996556,5.50995807956528,5.509975539532846,5.509987179528036,5.509992999530676,5.509992999530676,5.509987179528036,5.509975539532846,5.50995807956528,5.5099347996556,5.509905699844155
5.510588827612876,5.510617933566294,5.510641218389576,5.510658682042358,5.510670324494366,5.510676145725416,5.510676145725416,5.510670324494366,5.510658682042358,5.510641218389576,5.510617933566294,5.510588827612876
5.511279836174458,5.511308948340778,5.511332238134408,5.511349705514964,5.511361350452161,5.511367172925807,5.511367172925807,5.511361350452161,5.511349705514964,5.511332238134408,5.511308948340778,5.511279836174458
5.511978729118055,5.512007847568239,5.5120311423889845,5.512048613539891,5.512060260990662,5.512066084721098,5.512066084721098,5.512060260990662,5.512048613539891,5.5120311423889845,5.512007847568239,5.511978729118055
5.512685510072105,5.5127146348771445,5.512737934781798,5.512755409745654,5.512767059738394,5.512772884739817,5.512772884739817,5.512767059738394,5.512755409745654,5.512737934781798,5.5127146348771445,5.512685510072105
5.513400182704259,5.513429313935178,5.51345261898056,5.513470097799974,5.513481750363098,5.5134875766497125,5.5134875766497125,5.513481750363098,5.513470097799974,5.51345261898056,5.513429313935178,5.513400182704259
5.514122750721317,5.5141518884491685,5.514175198692124,5.5141926814097335,5.514204336571659,5.514210164157678,5.514210164157678,5.514204336571659,5.5141926814097335,5.514175198692124,5.5141518884491685,5.514122750721317
5.514853217869152,5.514882362165025,5.514905677662423,5.514923164320878,5.514934822110043,5.514940651009683,5.514940651009683,5.514934822110043,5.514923164320878,5.514905677662423,5.514882362165025,5.514853217869152
5.515591587932652,5.515620738867664,5.5156440596764,5.5156615503183755,5.515673210763226,5.515679040990712,5.515679040990712,5.515673210763226,5.5156615503183755,5.5156440596764,5.515620738867664,5.515591587932652
5.516337864735633,5.516367022380941,5.516390348557938,5.516407843226123,5.516419506355122,5.516425337924685,5.516425337924685,5.516419506355122,5.516407843226123,5.516390348557938,5.516367022380941,5.516337864735633
5.517092052140793,5.5171212165675785,5.517144548169784,5.5171620469068925,5.517173712748514,5.517179545674389,5.517179545674389,5.517173712748514,5.5171620469068925,5.517144548169784,5.5171212165675785,5.517092052140793
5.517854154049611,5.517883325329094,5.517906662413485,5.517924165262247,5.51793583384498,5.517941668141412,5.517941668141412,5.51793583384498,5.517924165262247,5.517906662413485,5.517883325329094,5.517854154049611
5.518624174402297,5.518653352605732,5.518676695229311,5.518694202232479,5.518705873584823,5.518711709266064,5.518711709266064,5.518705873584823,5.518694202232479,5.518676695229311,5.518653352605732,5.518624174402297
5.5194021171777115,5.519431302376384,5.519454650596181,5.519472161796529,5.519483835947,5.519489673027307,5.519489673027307,5.519483835947,5.519472161796529,5.519454650596181,5.519431302376384,5.5194021171777115
5.520187986393292,5.520217178658526,5.520240532531597,5.520258047971918,5.520269724949045,5.5202755634426826,5.5202755634426826,5.520269724949045,5.520258047971918,5.520240532531597,5.520217178658526,5.520187986393292
5.52098178610498,5.521010985508129,5.521034345091561,5.52105186481467,5.521063544646994,5.521069384568234,5.521069384568234,5.521063544646994,5.52105186481467,5.521034345091561,5.521010985508129,5.52098178610498
5.521783520407139,5.521812727019595,5.521836092370503,5.521853616419234,5.521865299135316,5.521871140498435,5.521871140498435,5.521865299135316,5.521853616419234,5.521836092370503,5.521812727019595,5.521783520407139
5.522593193432491,5.5226224073256835,5.522645778501209,5.522663306918418,5.522674992546828,5.522680835366114,5.522680835366114,5.522674992546828,5.522663306918418,5.522645778501209,5.5226224073256835,5.522593193432491
5.5234108093520335,5.523440030597426,5.523463407654739,5.5234809404833065,5.5234926290526305,5.523498473342375,5.523498473342375,5.5234926290526305,5.5234809404833065,5.523463407654739,5.523440030597426,5.5234108093520335
5.524236372374963,5.5242656010440525,5.5242889840403535,5.524306521323181,5.524318212862018,5.524324058636522,5.524324058636522,5.524318212862018,5.524306521323181,5.5242889840403535,5.5242656010440525,5.524236372374963
5.525069886748592,5.52509912291292,5.5251225119054395,5.525140053685447,5.525151748222411,5.525157595495982,5.525157595495982,5.525151748222411,5.525140053685447,5.5251225119054395,5.52509912291292,5.525069886748592
5.525911356758287,5.525940600489423,5.5259639955354185,5.5259815418555505,5.525993239419275,5.525999088206227,5.525999088206227,5.525993239419275,5.5259815418555505,5.5259639955354185,5.525940600489423,5.525911356758287
5.52676078672737,5.526790038096926,5.526813439253687,5.5268309901569115,5.5268426907760375,5.526848541090694,5.526848541090694,5.5268426907760375,5.5268309901569115,5.526813439253687,5.526790038096926,5.52676078672737
5.5276181810170515,5.5276474400966755,5.527670847421522,5.527688402950826,5.527700106654017,5.5277059585107065,5.5277059585107065,5.527700106654017,5.527688402950826,5.527670847421522,5.5276474400966755,5.5276181810170515
5.528483544026346,5.528512810887724,5.528536224438006,5.5285537846364035,5.528565491452331,5.528571344865392,5.528571344865392,5.528565491452331,5.5285537846364035,5.528536224438006,5.528512810887724,5.528483544026346
5.529356880191991,5.52938615490685,5.529409574739944,5.529427139650473,5.529438849607826,5.5294447045916035,5.5294447045916035,5.529438849607826,5.529427139650473,5.529409574739944,5.52938615490685,5.529356880191991
5.530238193988367,5.5302674766284685,5.530290902801791,5.530308472467505,5.530320185594993,5.53032604216384,5.53032604216384,5.530320185594993,5.530308472467505,5.530290902801791,5.5302674766284685,5.530238193988367
5.531127489927416,5.531156780564563,5.531180213135553,5.531197787599537,5.531209503925879,5.531215362094157,5.531215362094157,5.531209503925879,5.531197787599537,5.531180213135553,5.531156780564563,5.531127489927416
5.532024772558554,5.532054071264589,5.532077510290722,5.532095089596081,5.532106809150016,5.532112668932092,5.532112668932092,5.532106809150016,5.532095089596081,5.532077510290722,5.532054071264589,5.532024772558554
5.532930046468593,5.5329593533154,5.532982798854178,5.533000383044043,5.533012105854324,5.533017967264575,5.533017967264575,5.533012105854324,5.533000383044043,5.532982798854178,5.5329593533154,5.532930046468593
5.533843316281654,5.533872631341154,5.533896083450119,5.533913672567641,5.533925398663036,5.533931261715847,5.533931261715847,5.533925398663036,5.533913672567641,5.533896083450119,5.533872631341154,5.533843316281654
5.534764586659086,5.5347939100032395,5.53481736873996,5.534834962828318,5.534846692237613,5.534852556947376,5.534852556947376,5.534846692237613,5.534834962828318,5.53481736873996,5.5347939100032395,5.534764586659086
5.53569386229937,5.535723194000182,5.535746659422262,5.53576425852466,5.5357759912766555,5.535781857657774,5.535781857657774,5.5357759912766555,5.53576425852466,5.535746659422262,5.535723194000182,5.53569386229937
5.536631147938048,5.536660488067563,5.53668396023264,5.5367015643923025,5.536713300515817,5.536719168582698,5.536719168582698,5.536713300515817,5.5367015643923025,5.53668396023264,5.536660488067563,5.536631147938048
5.537576448347628,5.537605796977931,5.5376292759436705,5.537646885203852,5.537658624727722,5.537664494494782,5.537664494494782,5.537658624727722,5.537646885203852,5.5376292759436705,5.537605796977931,5.537576448347628
5.538529768337492,5.538559125540712,5.538582611364821,5.538600225768795,5.538611968721872,5.538617840203538,5.538617840203538,5.538611968721872,5.538600225768795,5.538582611364821,5.538559125540712,5.538529768337492
5.539491112753823,5.539520478602128,5.539543971342341,5.539561590933414,5.539573337344564,5.539579210555271,5.539579210555271,5.539573337344564,5.539561590933414,5.539543971342341,5.539520478602128,5.539491112753823
5.5404604864795,5.540489861045106,5.540513360759192,5.5405309855806895,5.5405427354788,5.54054861043299,5.54054861043299,5.5405427354788,5.5405309855806895,5.540513360759192,5.540489861045106,5.5404604864795
5.5414378944340195,5.541467277789181,5.541490784534947,5.541508414630224,5.5415201680441974,5.541526044756321,5.541526044756321,5.5415201680441974,5.541508414630224,5.541490784534947,5.541467277789181,5.5414378944340195
5.542423341573405,5.542452733790421,5.5424762476257055,5.5424938830381425,5.542505639996897,5.5425115184814135,5.5425115184814135,5.542505639996897,5.5424938830381425,5.5424762476257055,5.542452733790421,5.542423341573405
5.543416832890113,5.543446234041326,5.543469755024001,5.543487395797002,5.543499156329477,5.543505036600858,5.543505036600858,5.543499156329477,5.543487395797002,5.543469755024001,5.543446234041326,5.543416832890113
5.544418373412941,5.544447783570737,5.544471311758714,5.544488957935713,5.544500722070863,5.5445066041435815,5.5445066041435815,5.544500722070863,5.544488957935713,5.544471311758714,5.544447783570737,5.544418373412941
5.545427968206941,5.545457387443751,5.545480922894976,5.545498574519431,5.545510342286228,5.545516226174775,5.545516226174775,5.545510342286228,5.545498574519431,5.545480922894976,5.545457387443751,5.545427968206941
5.546445622373328,5.546475050761629,5.546498593534079,5.546516250649476,5.546528022076913,5.54653390779578,5.54653390779578,5.546528022076913,5.546516250649476,5.546498593534079,5.546475050761629,5.546445622373328
5.547471341049381,5.547500778661691,5.547524328813388,5.547541991463239,5.547553766580319,5.547559654144014,5.547559654144014,5.547553766580319,5.547541991463239,5.547524328813388,5.547500778661691,5.547471341049381
5.548505129408356,5.548534576317242,5.548558133906235,5.5485758021340805,5.548587580969835,5.548593470392868,5.548593470392868,5.548587580969835,5.5485758021340805,5.548558133906235,5.548534576317242,5.548505129408356
5.549546992659387,5.549576448937459,5.54960001402184,5.5496176878712475,5.549629470454719,5.549635361751616,5.549635361751616,5.549629470454719,5.5496176878712475,5.54960001402184,5.549576448937459,5.549546992659387
5.550596936047397,5.550626401767314,5.550649974405209,5.550667653919772,5.550679440280025,5.5506853334653155,5.5506853334653155,5.550679440280025,5.550667653919772,5.550649974405209,5.550626401767314,5.550596936047397
5.551654964853,5.551684440087467,5.551708020337037,5.55172570556038,5.5517374957264956,5.551743390814721,5.551743390814721,5.5517374957264956,5.55172570556038,5.551708020337037,5.551684440087467,5.551654964853
5.552721084392404,5.5527505692141705,5.552774157133619,5.552791848109392,5.552803642110472,5.552809539116181,5.552809539116181,5.552803642110472,5.552791848109392,5.552774157133619,5.5527505692141705,5.552721084392404
5.553795300017321,5.553824794499185,5.553848390146749,5.553866086918631,5.553877884783795,5.553883783721549,5.553883783721549,5.553877884783795,5.553866086918631,5.553848390146749,5.553824794499185,5.553795300017321
5.554877617114863,5.554907121329668,5.554930724763625,5.554948427375323,5.554960229133709,5.554966130018077,5.554966130018077,5.554960229133709,5.554948427375323,5.554930724763625,5.554907121329668,5.554877617114863
5.555968041107446,5.555997555128089,5.556021166406752,5.556038874902003,5.556050680582768,5.5560565834283295,5.5560565834283295,5.556050680582768,5.556038874902003,5.556021166406752,5.555997555128089,5.555968041107446
5.5570665774527015,5.55709610135212,5.557119720533844,5.557137434956413,5.557149244588734,5.557155149410077,5.557155149410077,5.557149244588734,5.557137434956413,5.557119720533844,5.55709610135212,5.5570665774527015
5.558173231643365,5.55820276549455,5.558226392637725,5.558244113031408,5.55825592664448,5.558261833456203,5.558261833456203,5.55825592664448,5.558244113031408,5.558226392637725,5.55820276549455,5.558173231643365
5.559288009207185,5.559317553083174,5.5593411882462345,5.559358914654851,5.559370732277893,5.559376641094602,5.559376641094602,5.559370732277893,5.559358914654851,5.5593411882462345,5.559317553083174,5.559288009207185
5.5604109157068216,5.560440469680704,5.5604641129221175,5.560481845389523,5.560493667051768,5.560499577888082,5.560499577888082,5.560493667051768,5.560481845389523,5.5604641129221175,5.560440469680704,5.5604109157068216
5.561541956739749,5.561571520884661,5.561595172262937,5.561612910833015,5.561624736563717,5.5616306494342655,5.5616306494342655,5.561624736563717,5.561612910833015,5.561595172262937,5.561571520884661,5.561541956739749
5.5626811379381484,5.562710712327278,5.562734371900969,5.562752116617629,5.562763946446066,5.562769861365484,5.562769861365484,5.562763946446066,5.562752116617629,5.562734371900969,5.562710712327278,5.5626811379381484
5.563828464968817,5.563858049675401,5.5638817175030955,5.563899468410283,5.563911302365749,5.563917219348685,5.563917219348685,5.563911302365749,5.563899468410283,5.5638817175030955,5.563858049675401,5.563828464968817
5.564983943533059,5.565013538630383,5.565037214770713,5.565054971912399,5.56506681002421,5.565072729085323,5.565072729085323,5.56506681002421,5.565054971912399,5.565037214770713,5.565013538630383,5.564983943533059
5.566147579366583,5.566177184927987,5.566200869439623,5.5662186328598136,5.566230475157304,5.566236396311259,5.566236396311259,5.566230475157304,5.5662186328598136,5.566200869439623,5.566177184927987,5.566147579366583
5.567319378239405,5.567348994338281,5.567372687279934,5.567390457022661,5.567402303535189,5.567408226796665,5.567408226796665,5.567402303535189,5.567390457022661,5.567372687279934,5.567348994338281,5.567319378239405
5.5684993459557415,5.568528972665529,5.568552674095953,5.568570450205284,5.568582300962225,5.568588226345913,5.568588226345913,5.568582300962225,5.568570450205284,5.568552674095953,5.568528972665529,5.5684993459557415
5.569687488353906,5.569717125748101,5.569740835726091,5.569758618246121,5.569770473276875,5.56977640079747,5.56977640079747,5.569770473276875,5.569758618246121,5.569740835726091,5.569717125748101,5.569687488353906
5.570883811306209,5.570913459458355,5.570937178042748,5.570954967017608,5.57096682635159,5.570972756023806,5.570972756023806,5.57096682635159,5.570954967017608,5.570937178042748,5.570913459458355,5.570883811306209
5.572088320718846,5.572117979702543,5.57214170695222,5.572159502426064,5.572171366092718,5.572177297931271,5.572177297931271,5.572171366092718,5.572159502426064,5.57214170695222,5.572117979702543,5.572088320718846
5.5733010225318,5.573330692420698,5.57335442839458,5.573372230411603,5.573384098440387,5.57339003246001,5.57339003246001,5.573384098440387,5.573372230411603,5.57335442839458,5.573330692420698,5.5733010225318
5.5745219227187315,5.574551603586535,5.5745753483435845,5.574593156948011,5.574605029368408,5.57461096558384,5.57461096558384,5.574605029368408,5.574593156948011,5.5745753483435845,5.574551603586535,5.5745219227187315
5.57575102728687,5.575780719207339,5.575804472806565,5.575822288042648,5.575834164884162,5.575840103310157,5.575840103310157,5.575834164884162,5.575822288042648,5.575804472806565,5.575780719207339,5.57575102728687
5.576988342276916,5.577018045323863,5.577041807824315,5.577059629736343,5.5770715110285,5.577077451679819,5.577077451679819,5.5770715110285,5.577059629736343,5.577041807824315,5.577018045323863,5.576988342276916
5.578233873762928,5.578263588010219,5.578287359470991,5.578305188103285,5.578317073875631,5.578323016767049,5.578323016767049,5.578317073875631,5.578305188103285,5.578287359470991,5.578263588010219,5.578233873762928
5.579487627852212,5.57951735337377,5.579541133854,5.579558969250913,5.579570859533018,5.579576804679318,5.579576804679318,5.579570859533018,5.579558969250913,5.579541133854,5.57951735337377,5.579487627852212
5.5807496106852215,5.580779347555024,5.580803137113893,5.580820979319811,5.580832874141265,5.580838821557244,5.580838821557244,5.580832874141265,5.580820979319811,5.580803137113893,5.580779347555024,5.5807496106852215
5.5820198284354445,5.582049576727521,5.5820733754242555,5.5820912244836,5.582103123874017,5.582109073574481,5.582109073574481,5.582103123874017,5.5820912244836,5.5820733754242555,5.582049576727521,5.5820198284354445
5.583298287309292,5.583328047097732,5.583351854991602,5.583369710948826,5.58338161493784,5.583387566937609,5.583387566937609,5.58338161493784,5.583369710948826,5.583351854991602,5.583328047097732,5.583298287309292
5.584584993545994,5.584614764904942,5.584638582055264,5.584656444954853,5.584668353572125,5.584674307886024,5.584674307886024,5.584668353572125,5.584656444954853,5.584638582055264,5.584614764904942,5.584584993545994
5.585879953417486,5.585909736421142,5.585933562887279,5.585951432773754,5.585963346048963,5.585969302691834,5.585969302691834,5.585963346048963,5.585951432773754,5.585933562887279,5.585909736421142,5.585879953417486
5.587183173228302,5.587212967950924,5.587236803792279,5.5872546807101955,5.587266598673045,5.587272557659741,5.587272557659741,5.587266598673045,5.5872546807101955,5.587236803792279,5.587212967950924,5.587183173228302
5.58849465931546,5.588524465831362,5.588548311107389,5.588566195101336,5.588578117781552,5.588584079126935,5.588584079126935,5.588578117781552,5.588566195101336,5.588548311107389,5.588524465831362,5.58849465931546
5.589814418048352,5.589844236431908,5.589868091202104,5.589885982316704,5.589897909744037,5.589903873462982,5.589903873462982,5.589897909744037,5.589885982316704,5.589868091202104,5.589844236431908,5.589814418048352
5.591142455828637,5.591172286154274,5.591196150478181,5.591214048758097,5.591225980962316,5.591231947069709,5.591231947069709,5.591225980962316,5.591214048758097,5.591196150478181,5.591172286154274,5.591142455828637
5.592478779090115,5.592508621432325,5.592532495369538,5.592550400859456,5.592562337870361,5.592568306381101,5.592568306381101,5.592562337870361,5.592550400859456,5.592532495369538,5.592508621432325,5.592478779090115
5.593823394298637,5.593853248731963,5.593877132342119,5.593895045086773,5.59390698693418,5.593912957863174,5.593912957863174,5.59390698693418,5.593895045086773,5.593877132342119,5.593853248731963,5.593823394298637
5.59517630795197,5.59520617455102,5.5952300678938025,5.595247987937954,5.595259934651707,5.595265908013879,5.595265908013879,5.595259934651707,5.595247987937954,5.5952300678938025,5.59520617455102,5.59517630795197
5.596537526579698,5.596567405419136,5.596591308554277,5.5966092359427275,5.596621187552692,5.596627163362974,5.596627163362974,5.596621187552692,5.5966092359427275,5.596591308554277,5.596567405419136,5.596537526579698
5.597907056743101,5.597936947897653,5.597960860884932,5.597978795662515,5.597990752198582,5.597996730471918,5.597996730471918,5.597990752198582,5.597978795662515,5.597960860884932,5.597936947897653,5.597907056743101
5.5992849050350415,5.599314808579491,5.5993387314787375,5.599356673690324,5.599368635182408,5.5993746159337565,5.5993746159337565,5.599368635182408,5.599356673690324,5.5993387314787375,5.599314808579491,5.5992849050350415
5.6006710780798565,5.600700994089047,5.6007249269601385,5.600742876650637,5.600754843128673,5.600760826373003,5.600760826373003,5.600754843128673,5.600742876650637,5.6007249269601385,5.600700994089047,5.6006710780798565
5.602065582533235,5.602095511082073,5.60211945398493,5.602137411199283,5.602149382693238,5.60215536844553,5.60215536844553,5.602149382693238,5.602137411199283,5.60211945398493,5.602095511082073,5.602065582533235
5.603468425082099,5.603498366245552,5.603522319240151,5.603540284023339,5.603552260563197,5.603558248838446,5.603558248838446,5.603552260563197,5.603540284023339,5.603522319240151,5.603498366245552,5.603468425082099
5.604879612444505,5.604909566297598,5.6049335294439615,5.604951501841004,5.6049634834567765,5.604969474269987,5.604969474269987,5.6049634834567765,5.604951501841004,5.6049335294439615,5.604909566297598,5.604879612444505
5.606299151369508,5.6063291179873325,5.606353091345533,5.60637107140148,5.606383058123205,5.606389051489395,5.606389051489395,5.606383058123205,5.60637107140148,5.606353091345533,5.6063291179873325,5.606299151369508
5.6077270486370585,5.607757028094766,5.607781011724921,5.607798999484867,5.607810991342603,5.607816987276805,5.607816987276805,5.607810991342603,5.607798999484867,5.607781011724921,5.607757028094766,5.6077270486370585
5.609163311057875,5.60919330343068,5.609217297392965,5.609235292902034,5.609247289925871,5.609253288443126,5.609253288443126,5.609247289925871,5.609235292902034,5.609217297392965,5.60919330343068,5.609163311057875
5.6106079454733395,5.610637950836517,5.610661955191151,5.610679958494515,5.61069196071456,5.610697961829924,5.610697961829924,5.61069196071456,5.610679958494515,5.610661955191151,5.610637950836517,5.6106079454733395
5.612060958755366,5.612090977184257,5.612114991991514,5.612133003134373,5.612145010580765,5.612151014309306,5.612151014309306,5.612145010580765,5.612133003134373,5.612114991991514,5.612090977184257,5.612060958755366
5.613522357806294,5.6135523893763,5.613576414696501,5.613594433724101,5.613606446426999,5.613612452783798,5.613612452783798,5.613606446426999,5.613594433724101,5.613576414696501,5.6135523893763,5.613522357806294
5.61499214955876,5.615022194345348,5.615046230238869,5.6150642571964875,5.61507627518608,5.61508228418623,5.61508228418623,5.61507627518608,5.6150642571964875,5.615046230238869,5.615022194345348,5.61499214955876
5.616470340975588,5.61650039905429,5.616524445581554,5.616542480514512,5.6165545038210105,5.61656051547962,5.61656051547962,5.6165545038210105,5.616542480514512,5.616524445581554,5.61650039905429,5.616470340975588
5.617956939049662,5.6179870104960745,5.61801106771756,5.618029110671213,5.618041139324857,5.618047153657043,5.618047153657043,5.618041139324857,5.618029110671213,5.61801106771756,5.6179870104960745,5.617956939049662
5.6194519508038185,5.619482035693599,5.619506103669831,5.619524154689577,5.619536188720632,5.619542205741527,5.619542205741527,5.619536188720632,5.619524154689577,5.619506103669831,5.619482035693599,5.6194519508038185
5.620955383290707,5.620985481699583,5.621009560491143,5.621027619622417,5.621039659061173,5.621045678785924,5.621045678785924,5.621039659061173,5.621027619622417,5.621009560491143,5.620985481699583,5.620955383290707
5.6224672435926895,5.622497355596449,5.622521445263974,5.622539512552252,5.622551557429024,5.622557579872787,5.622557579872787,5.622551557429024,5.622539512552252,5.622521445263974,5.622497355596449,5.6224672435926895
5.62398753882171,5.624017664496211,5.624041765100385,5.624059840591179,5.624071890936314,5.62407791611426,5.62407791611426,5.624071890936314,5.624059840591179,5.624041765100385,5.624017664496211,5.62398753882171
5.625516276119176,5.6255464155403425,5.625570527141901,5.625588610880769,5.625600666724631,5.625606694651948,5.625606694651948,5.625600666724631,5.625588610880769,5.625570527141901,5.6255464155403425,5.625516276119176
5.627053462655835,5.6270836158996556,5.627107738559394,5.627125830591926,5.6271378919649155,5.627143922656799,5.627143922656799,5.6271378919649155,5.627125830591926,5.627107738559394,5.6270836158996556,5.627053462655835
5.6285991056316576,5.628629272774189,5.62865340655295,5.628671506924784,5.628683573857321,5.628689607328984,5.628689607328984,5.628683573857321,5.628671506924784,5.62865340655295,5.628629272774189,5.6285991056316576
5.630153212275711,5.630183393393077,5.63020753835176,5.630225647108569,5.630237719631105,5.630243755897771,5.630243755897771,5.630237719631105,5.630225647108569,5.63020753835176,5.630183393393077,5.630153212275711
5.631715789846039,5.63174598501443,5.631770141213989,5.631788258401487,5.631800336544499,5.631806375621409,5.631806375621409,5.631800336544499,5.631788258401487,5.631770141213989,5.63174598501443,5.631715789846039
5.633286845629539,5.633317054925215,5.633341222426658,5.633359348090601,5.633371431884594,5.633377473786997,5.633377473786997,5.633371431884594,5.633359348090601,5.633341222426658,5.633317054925215,5.633286845629539
5.634866386941843,5.63489661044113,5.63492078930552,5.634938923491706,5.634951012967207,5.634957057710372,5.634957057710372,5.634951012967207,5.634938923491706,5.63492078930552,5.63489661044113,5.634866386941843
5.636454421127187,5.636484658906481,5.636508849194934,5.636526991949199,5.636539087136771,5.636545134735973,5.636545134735973,5.636539087136771,5.636526991949199,5.636508849194934,5.636484658906481,5.636454421127187
5.638050955558291,5.638081207694058,5.638105409467745,5.638123560835971,5.638135661766198,5.6381417122367345,5.6381417122367345,5.638135661766198,5.638123560835971,5.638105409467745,5.638081207694058,5.638050955558291
5.6396559976362415,5.639686264205015,5.639710477525165,5.639728637553272,5.639740744256768,5.639746797613944,5.639746797613944,5.639740744256768,5.639728637553272,5.639710477525165,5.639686264205015,5.6396559976362415
5.641269554790359,5.641299835868741,5.641324060796639,5.641342229530588,5.641354342037996,5.641360398297133,5.641360398297133,5.641354342037996,5.641342229530588,5.641324060796639,5.641299835868741,5.641269554790359
5.642891634478073,5.642921930142742,5.6429461667397245,5.642964344225522,5.6429764625675105,5.642982521743943,5.642982521743943,5.6429764625675105,5.642964344225522,5.6429461667397245,5.642921930142742,5.642891634478073
5.6445222441848095,5.644552554512507,5.644576802839969,5.644594989123663,5.644607113330932,5.644613175440008,5.644613175440008,5.644607113330932,5.644594989123663,5.644576802839969,5.644552554512507,5.6445222441848095
5.6461613914238535,5.646191716491394,5.64621597661079,5.6462341717384685,5.646246301841743,5.646252366898827,5.646252366898827,5.646246301841743,5.6462341717384685,5.64621597661079,5.646191716491394,5.6461613914238535
5.647809083736228,5.647839423620499,5.647863695593339,5.647881899611132,5.647894035641169,5.647900103661638,5.647900103661638,5.647894035641169,5.647881899611132,5.647863695593339,5.647839423620499,5.647809083736228
5.649465328690575,5.6494956834685315,5.64951996735638,5.649538180310467,5.649550322298046,5.649556393297293,5.649556393297293,5.649550322298046,5.649538180310467,5.64951996735638,5.6494956834685315,5.649465328690575
5.651130133883018,5.65116050363169,5.651184799496171,5.6512030214327655,5.651215169408703,5.651221243402133,5.651221243402133,5.651215169408703,5.6512030214327655,5.651184799496171,5.65116050363169,5.651130133883018
5.652803506937046,5.652833891733535,5.652858199636329,5.652876430601696,5.652888584596828,5.652894661599863,5.652894661599863,5.652888584596828,5.652876430601696,5.652858199636329,5.652833891733535,5.652803506937046
5.654485455503383,5.654515855424863,5.654540175427712,5.65455841546815,5.654570575513352,5.654576655541423,5.654576655541423,5.654570575513352,5.65455841546815,5.654540175427712,5.654515855424863,5.654485455503383
5.656175987259865,5.656206402383582,5.656230734548282,5.656248983710144,5.65626114983631,5.65626723290487,5.65626723290487,5.65626114983631,5.656248983710144,5.656230734548282,5.656206402383582,5.656175987259865
5.65787510991131,5.657905540314585,5.657929884702989,5.657948143032668,5.657960315270728,5.65796640139524,5.65796640139524,5.657960315270728,5.657948143032668,5.657929884702989,5.657905540314585,5.65787510991131
5.659582831189393,5.659613276949617,5.6596376336236425,5.659655901167573,5.659668079548484,5.659674168744427,5.659674168744427,5.659668079548484,5.659655901167573,5.6596376336236425,5.659613276949617,5.659582831189393
5.661299158852519,5.661329620047159,5.661353989068779,5.6613722658734424,5.661384450428191,5.661390542711059,5.661390542711059,5.661384450428191,5.6613722658734424,5.661353989068779,5.661329620047159,5.661299158852519
5.663024100685694,5.663054577392291,5.663078958823539,5.663097244935459,5.663109435695064,5.663115531080362,5.663115531080362,5.663109435695064,5.663097244935459,5.663078958823539,5.663054577392291,5.663024100685694
5.6647576645004,5.66478815679657,5.664812550699539,5.664830846165286,5.664843043160792,5.664849141664048,5.664849141664048,5.664843043160792,5.664830846165286,5.664812550699539,5.66478815679657,5.6647576645004
5.66649985813447,5.666530366097902,5.666554772534744,5.6665730774009315,5.666585280663417,5.666591382300168,5.666591382300168,5.666585280663417,5.6665730774009315,5.666554772534744,5.666530366097902,5.66649985813447
5.668250689451952,5.668281213160414,5.668305632193341,5.66832394650663,5.6683361560672,5.668342260852999,5.668342260852999,5.6683361560672,5.66832394650663,5.668305632193341,5.668281213160413,5.668250689451952
5.67001016634299,5.67004070587432,5.670065137565607,5.670083461372702,5.670095677262495,5.670101785212909,5.670101785212909,5.670095677262493,5.670083461372702,5.670065137565607,5.67004070587432,5.670010166342988
5.671778296723687,5.671808852155805,5.671833296567785,5.6718516299154365,5.6718638521656155,5.671869963296231,5.67186996329623,5.6718638521656155,5.671851629915436,5.671833296567783,5.671808852155804,5.671778296723687
5.673555088535987,5.673585659946884,5.673610117141952,5.673628460076955,5.673640688718723,5.673646803045135,5.673646803045135,5.673640688718722,5.673628460076954,5.67361011714195,5.673585659946882,5.673555088535984
5.675340549747535,5.675371137215281,5.675395607255893,5.675413959825093,5.675426194889673,5.675432312427498,5.675432312427498,5.675426194889672,5.675413959825091,5.67539560725589,5.675371137215279,5.675340549747533
5.677134688351557,5.677165291954299,5.677189774902972,5.677208137153256,5.677220378671912,5.677226499436779,5.677226499436778,5.677220378671911,5.6772081371532535,5.6771897749029705,5.677165291954297,5.677134688351553
5.678937512366727,5.678968132182692,5.678992628102005,5.679011000080308,5.679023248084327,5.679029372091881,5.679029372091881,5.679023248084325,5.679011000080306,5.678992628102002,5.678968132182688,5.678937512366725
5.680749029837045,5.680779665944529,5.680804174897126,5.680822556650429,5.680834811171132,5.680840938437035,5.680840938437033,5.680834811171131,5.6808225566504245,5.680804174897122,5.6807796659445255,5.68074902983704
5.682569248831689,5.682599901309075,5.68262442335766,5.682642814932989,5.68265507600173,5.682661206541655,5.682661206541655,5.682655076001727,5.6826428149329855,5.6826244233576535,5.68259990130907,5.682569248831685
5.684398177444911,5.684428846370656,5.684453381577992,5.684471783022426,5.684484050670587,5.684490184500229,5.684490184500227,5.6844840506705845,5.684471783022421,5.6844533815779865,5.684428846370649,5.684398177444904
5.686235823795885,5.686266509248527,5.686291057677446,5.686309469038105,5.686321743297102,5.686327880432166,5.686327880432165,5.686321743297096,5.686309469038099,5.686291057677437,5.686266509248517,5.686235823795877
5.688082196028596,5.688112898086748,5.688137459800143,5.688155881124198,5.688168162025476,5.688174302481686,5.688174302481684,5.68816816202547,5.688155881124187,5.6881374598001315,5.688112898086735,5.688082196028582
5.689937302311694,5.689968021054053,5.689992596114879,5.690011027449546,5.690023315024584,5.69002945881768,5.690029458817676,5.6900233150245745,5.690011027449533,5.689992596114862,5.689968021054035,5.6899373023116775
5.691801150838374,5.691831886343714,5.691856474814992,5.691874916207537,5.691887210487844,5.69189335763358,5.6918933576335755,5.691887210487832,5.691874916207517,5.691856474814968,5.691831886343689,5.691801150838351
5.693673749826243,5.69370450217342,5.6937291041182325,5.693747555615968,5.693759856633088,5.693766007147234,5.693766007147227,5.693759856633069,5.69374755561594,5.6937291041182,5.693704502173383,5.6936737498262096
5.695555107517192,5.695585876785138,5.695610492266635,5.6956289539169225,5.695641261702427,5.695647415600771,5.695647415600762,5.695641261702402,5.695628953916884,5.695610492266589,5.695585876785088,5.695555107517145
5.697445232177259,5.697476018444993,5.697500647526385,5.697519119376634,5.697531433962129,5.697537591260472,5.697537591260459,5.697531433962094,5.6975191193765795,5.697500647526319,5.697476018444922,5.697445232177193
5.699344132096506,5.699374935443123,5.699399578187691,5.699418060285357,5.6994303817024825,5.699436542416643,5.699436542416626,5.699430381702433,5.69941806028528,5.699399578187597,5.699374935443023,5.699344132096412
5.701251815588885,5.701282636093565,5.701307292564649,5.701325784957241,5.701338113237666,5.701344277383478,5.701344277383452,5.701338113237595,5.701325784957134,5.7013072925645165,5.701282636093425,5.701251815588753
5.70316829099211,5.703199128734113,5.703223798995122,5.703242301730192,5.703254636905621,5.703260804498932,5.703260804498899,5.7032546369055215,5.703242301730041,5.7032237989949355,5.703199128733915,5.703168290991925
5.7050935666675215,5.705124421726189,5.705149105840597,5.705167618965753,5.705179961067915,5.705186132124593,5.7051861321245445,5.705179961067776,5.70516761896554,5.705149105840335,5.705124421725912,5.7050935666672595
5.70702765099996,5.70705852345472,5.707083221486065,5.7071017450489565,5.70711409410962,5.707120268645545,5.707120268645476,5.707114094109424,5.707101745048655,5.7070832214856955,5.707058523454329,5.707027650999592
5.708970552397639,5.709001442327999,5.709026154339884,5.709044688388213,5.7090570444391755,5.709063222470239,5.709063222470143,5.7090570444388975,5.709044688387788,5.709026154339364,5.709001442327444,5.708970552397116
5.710922279292001,5.710953186777554,5.710977912833653,5.710996457415167,5.7110088204882565,5.711015002030367,5.71101500203023,5.711008820487864,5.710996457414566,5.710977912832917,5.710953186776771,5.710922279291265
5.712882840137606,5.712913765258029,5.712938505422076,5.712957060584573,5.712969430711646,5.712975615780723,5.712975615780532,5.712969430711093,5.712957060583725,5.712938505421036,5.712913765256921,5.712882840136564
5.714852243411986,5.714883186247041,5.714907940582841,5.714926506374164,5.714938883587107,5.71494507219908,5.714945072198809,5.714938883586324,5.714926506372966,5.71490794058137,5.714883186245476,5.714852243410515
5.716830497615529,5.716861458245063,5.716886226816483,5.716904803284521,5.716917187615245,5.716923379786054,5.716923379785669,5.71691718761414,5.716904803282827,5.716886226814405,5.716861458242851,5.716830497613451
5.7188176112713345,5.718848589775283,5.718873372646257,5.718891959838944,5.718904351319385,5.71891054706497,5.718910547064429,5.718904351317824,5.718891959836552,5.718873372643321,5.7188485897721595,5.718817611268399
5.720813592925105,5.720844589383491,5.720869386618017,5.720887984583327,5.720900383245441,5.720906582581744,5.720906582580976,5.720900383243235,5.720887984579947,5.72086938661387,5.720844589379077,5.720813592920957
5.722818451145006,5.7228494656379425,5.7228742773000825,5.722892886086029,5.7229052919617835,5.722911494904735,5.722911494903653,5.722905291958665,5.722892886081253,5.722874277294223,5.722849465631707,5.722818451139147
5.724832194521555,5.724863227129246,5.724888053283122,5.724906672937751,5.724919086059117,5.724925292624634,5.7249252926231025,5.724919086054713,5.724906672931,5.724888053274843,5.7248632271204345,5.724832194513275
5.726854831667487,5.726885882470235,5.7269107231800325,5.726929353751409,5.726941774150356,5.726947984354316,5.726947984352155,5.726941774144131,5.726929353741872,5.726910723168334,5.726885882457786,5.726854831655791
5.728886371217662,5.728917440295863,5.72894229562582,5.728960937162029,5.728973364870498,5.72897957872873,5.728979578725674,5.728973364861705,5.728960937148555,5.728942295609293,5.728917440278275,5.728886371201135
5.730926821828933,5.730957909263095,5.7309827792775,5.7310014318266225,5.731013866876509,5.7310200844047525,5.731020084400439,5.731013866864085,5.731001431807587,5.73098277925415,5.730957909238247,5.730926821805584
5.732976192180072,5.733007298050812,5.733032182813997,5.73305084642409,5.733063288847208,5.733069510061082,5.733069510054985,5.733063288829655,5.733050846397198,5.73303218278101,5.733007298015708,5.732976192147084
5.735034490971673,5.735065615359736,5.735090514936067,5.73510918965513,5.735121639483163,5.735127864398098,5.735127864389485,5.735121639458365,5.735109189617138,5.735090514889461,5.73506561531014,5.735034490925068
5.737101726926098,5.737132869912366,5.737157784366226,5.737176470242165,5.737188927506596,5.737195156137758,5.7371951561255905,5.73718892747156,5.737176470188489,5.737157784300382,5.737132869842297,5.7371017268602555
5.7391779087874415,5.73920907045296,5.739233999848725,5.739252696929283,5.7392651616613035,5.739271394023472,5.739271394006282,5.739265161611807,5.739252696853447,5.739233999755701,5.739209070353966,5.739177908694417
5.741263045321537,5.741294225747547,5.741319170149563,5.741337878482225,5.7413503507126045,5.741356586820006,5.74135658679572,5.741350350642673,5.741337878375087,5.741319170018136,5.741294225607687,5.741263045190112
5.7433571453160255,5.7433883445840035,5.743413304056537,5.743432023688425,5.7434445034473,5.743450743313378,5.743450743279066,5.7434445033485035,5.743432023537057,5.743413303870857,5.7433883443864095,5.743357145130349
5.745460217580508,5.745491435772228,5.7455164103794045,5.745535141357083,5.7455476286737115,5.7455538723107855,5.745553872262309,5.745547628534128,5.74553514114323,5.745516410117075,5.745491435493065,5.745460217318183
5.747572270946793,5.747603508144419,5.74762849795014,5.747647240319374,5.747659735221735,5.747665982640541,5.747665982572052,5.74765973502453,5.74764724001724,5.74762849757952,5.747603507750014,5.747572270576177
5.749693314269338,5.749724570555542,5.7497495756233645,5.749768329428763,5.749780831943022,5.749787083152047,5.749787083055285,5.74978083166441,5.749768329001905,5.749749575099747,5.749724569998323,5.7496933137457304
5.751823356425901,5.751854631884034,5.751879652276992,5.751898417561519,5.7519109277112666,5.751917182715805,5.7519171825791,5.751910927317639,5.751898416958449,5.751879651537221,5.7518546310967915,5.751823355686143
5.753962406318515,5.75399370103286,5.754018736813224,5.754037513617483,5.754050031422656,5.754056290223499,5.75405629003036,5.754050030866536,5.754037512765462,5.754018735768069,5.753993699920635,5.753962405273379
5.7561104728749415,5.756141786931046,5.756166838159979,5.75618562652123,5.756198151996585,5.756204414588142,5.756204414315275,5.756198151210894,5.756185625317486,5.756166836683375,5.756141785359688,5.756110471398362
5.758267565050744,5.7582988985359265,5.758323965272992,5.758342765223737,5.758355298376699,5.758361564744364,5.758361564358853,5.758355297266671,5.758342763523076,5.758323963186833,5.758298896315896,5.758267562964618
5.760433691832308,5.760465044836334,5.7604901271388105,5.760508938704814,5.760521479532443,5.760527749648856,5.760527749104205,5.760521477964183,5.760508936302108,5.760490124191466,5.760465041699856,5.760433688885013
5.762608862241139,5.7626402348572,5.762665332779108,5.762684155976594,5.762696704461275,5.7627029782810615,5.762702977511573,5.7626967022456235,5.762684152582027,5.762665328615073,5.762640230425957,5.762608858077175
5.764793085339997,5.764824477666087,5.764849591256809,5.764868426088494,5.76488098219188,5.764887259644198,5.7648872585570565,5.764880979061589,5.764868421292622,5.764849585373824,5.7648244714055865,5.764793079457112
5.766986370241613,5.767017782382469,5.767042911684811,5.767061758134315,5.767074321788742,5.767080602766763,5.767080601230841,5.767074317366239,5.767061751358664,5.76704290337328,5.76701777353758,5.766986361930219
5.76918872612106,5.769220158190917,5.769245303238361,5.769264161262292,5.769276732358667,5.769283016704715,5.769283014534751,5.769276726110515,5.769264151689593,5.769245291495757,5.769220145694781,5.769188714378651
5.771400162233292,5.771431614359763,5.771456775172585,5.771475644689367,5.771488223060051,5.771494510544604,5.771494507478862,5.7714882142326065,5.771475631164975,5.77145675858253,5.77143159670511,5.771400145643517
5.773620687937975,5.773652160267524,5.7736773368473155,5.773696217721413,5.7737088031160315,5.7737150934080566,5.773715089076748,5.773708790644545,5.77369619861403,5.773677313408744,5.773652135324876,5.773620664499792
5.775850312734604,5.775881805440305,5.775906997762231,5.775925889781831,5.775938481833121,5.775944774458155,5.775944768338847,5.775938464213292,5.775925862786759,5.775906964648009,5.775881770201115,5.775850279620938
5.778089046312206,5.778120559604679,5.77814576760653,5.77816467045206,5.778177268627574,5.778183562908518,5.778183554263105,5.778177243734129,5.778164632313182,5.7781457208224705,5.778120509818445,5.778088999528926
5.780336898619576,5.780368432762459,5.780393656329202,5.780412569528788,5.780425173062724,5.780431468036175,5.78043145582186,5.780425137893042,5.7804125156458515,5.78039359023227,5.780368362424033,5.780336832523752
5.782593879964605,5.782625435296387,5.782650674238315,5.782669597104922,5.782682204901743,5.782688499199811,5.782688481943315,5.782682155213714,5.7826695209786365,5.782650580855996,5.782625335921643,5.7825937865838455
5.784860001154612,5.7848915781195025,5.7849168321414,5.78493576368396,5.78494837418229,5.784954665865589,5.784954641485468,5.784948303982604,5.784935656132081,5.784916700210042,5.784891437721998,5.784859869225462
5.787135273694716,5.787166872886248,5.787192141543777,5.787211080341683,5.787223691321964,5.787229977643728,5.787229943199276,5.787223592143242,5.787210928391445,5.787191955150003,5.787166674531425,5.78713508730406
5.7894197100681035,5.7894513322907315,5.789476614928869,5.789495558954609,5.789508167267422,5.789514444340158,5.789514395676738,5.789508027146854,5.789495344277991,5.789476351590112,5.789451052053304,5.789419446733756
5.7917133241320835,5.791744970488216,5.791770266154228,5.791789212522864,5.791801813705015,5.791808076029637,5.791808007277534,5.791801615741461,5.791788909225861,5.791769894106929,5.791744574566321,5.791712952091014
5.794016131677658,5.794047803690612,5.794073111011145,5.79409205562631,5.794104643358526,5.794110883159051,5.794110786025488,5.794104363673904,5.794091627125665,5.794072585379461,5.7940472443286835,5.794015606054778
5.796328151220162,5.796359851007875,5.796385168015282,5.796404105069101,5.796416670409806,5.796422876693443,5.79642273946232,5.796416275268969,5.796403499679666,5.796384425398222,5.796359060736408,5.796327408615541
5.798649405116317,5.798681135636765,5.798706459523756,5.798725380790307,5.798737911093127,5.798744068322385,5.798743874441112,5.798737352834818,5.79872452549088,5.798705410347823,5.798680019134212,5.79864835595796
5.800979921142462,5.801011686540391,5.801037013313394,5.8010559071505226,5.801068384534962,5.801074470751603,5.801074196834602,5.801067595823053,5.801054698776169,5.801035531028307,5.801010109135512,5.800978438882212
5.803319734724327,5.803351540821111,5.803376864810534,5.803395714749618,5.803408113940441,5.803414098115084,5.803413711123156,5.8034069996421715,5.80339400754817,5.8033747706247985,5.803349312248895,5.803317640573682
5.805668892087283,5.805700747073051,5.805726060241355,5.805744842994855,5.805757128269626,5.805762966557399,5.805762419812883,5.805755553981417,5.805742431046786,5.805723101556368,5.80569759852461,5.805665933451886
5.8080274547071085,5.808059370118667,5.8080846610826775,5.808103343729059,5.808115464605652,5.8081210950565305,5.808120322613883,5.808113240443071,5.808099936110519,5.808080481023863,5.8080549218163195,5.8080232747183675
5.810395505598106,5.810427497700932,5.810452750350224,5.810471286356157,5.810483171500042,5.8104885065864575,5.81048741528002,5.810480029198288,5.810466472050178,5.81044684471927,5.810421213085867,5.810389600066167
5.812773158197387,5.812805249939133,5.812830441483029,5.812848765081667,5.8128603136977395,5.812865229759574,5.812863687971382,5.812855874264535,5.8128419634071955,5.812822097936847,5.812796370941754,5.812764814791119
5.815160568917799,5.815192792691201,5.815217890896591,5.815235909139641,5.815246978808926,5.81525130114632,5.815249122944422,5.815240706838854,5.815226299724566,5.815206103011533,5.815180248265857,5.815148781230446
5.817557954886566,5.817590356441126,5.8176153157218025,5.817632897234993,5.817643286724777,5.8176467685492765,5.817643691297229,5.817634425892321,5.817619321100672,5.817598661563741,5.817572633304824,5.817541301007874
5.819965619017667,5.8199982630087606,5.820023018877754,5.820039977931143,5.820049402892244,5.820051695618923,5.820047348391881,5.820036884915524,5.820020797794358,5.8199994893949265,5.819973222918982,5.819942089929612
5.822383985466111,5.82241696335642,5.8224414245266045,5.822457498410799,5.822465556993919,5.822466168345457,5.822460027437382,5.82244787327862,5.822430401450313,5.8224081809710775,5.822381584695079,5.822350742468441
5.824813649806387,5.824847091196373,5.8248711282528856,5.824885944996564,5.824892069140282,5.824890304147453,5.824881630547111,5.824867090117719,5.824847664552049,5.824824159122937,5.8247971031806856,5.82476668146479
5.8272554501655325,5.827289539256433,5.8273129681977665,5.827326000101189,5.827329386349431,5.827324264485064,5.827312016410725,5.827294108009949,5.827271923421738,5.827246603676046,5.827218903307781,5.827189086757985
5.829710568363335,5.829745568467576,5.829768126200982,5.829778621893891,5.829778132710407,5.829768272072453,5.82975098363599,5.829728323115565,5.8297022384614845,5.829674349847211,5.829645740591373,5.8296167935844565
5.83218067448941,5.832216966166684,5.832238272380419,5.83224515471024,5.832239176677957,5.832222633609276,5.832198249089634,5.832168888488224,5.8321372835799625,5.832105742760423,5.8320758417056595,5.832048147096173
5.834668135463299,5.834706280563346,5.834725773695922,5.834727479150987,5.834713716946996,5.834687767858434,5.834653421877264,5.834614629406401,5.834575195831486,5.834538427111198,5.83450666755564,5.834480792028731
5.837176320138829,5.837217183280453,5.837233999059365,5.8372282076294155,5.837203380479049,5.837164235371386,5.837115977512862,5.837063947769844,5.837013379549768,5.836969038597269,5.836934545654936,5.836911364137847
5.839710053083254,5.8397550748355584,5.839767773123395,5.839750913325286,5.839710303461036,5.839652757115564,5.8395852464951865,5.839514746050575,5.839448277416778,5.83939274346532,5.8393540536980595,5.839335029755835
5.842276290168771,5.842328236458003,5.8423340518910765,5.842300315706036,5.842237109532508,5.842154189723655,5.842060451865381,5.8419644590552755,5.841875187106457,5.841802550625953,5.841756842368322,5.8417447979251325
5.844885029842636,5.844950480675424,5.844942834027822,5.844882139820621,5.844786580965438,5.844669392078349,5.844540863849362,5.844410402822366,5.844288412913424,5.844188381114936,5.844128918748254,5.844130589902324
5.847549772765211,5.8476487792616965,5.84760762061934,5.847501785462061,5.847360639277273,5.8471988905798415,5.847026165387961,5.84685083217705,5.846682637265708,5.846536598783803,5.846442818187191,5.846478769971802
5.846221203439143,5.8504902050493275,5.850340045781317,5.8501597041520865,5.849958262072972,5.849742327487734,5.849517036792637,5.8492870850118255,5.849057666901841,5.848835520220492,5.848629946854297,5.845274930588202
