3.911667819596497,3.9116919983350065,3.911716128079558,3.9116919983350065,3.911667819596497
3.9116436408579873,3.9117160303552145,3.911740160365371,3.9117160303552145,3.9116436408579873
3.9117161259433164,3.911788517843111,3.911812648654132,3.911788517843111,3.9117161259433164
3.9118370664970983,3.9119094624053004,3.9119335945524747,3.9119094624053004,3.9118370664970983
3.9120064651980653,3.912078866720673,3.9121030007393394,3.912078866720673,3.9120064651980653
3.9122243257972755,3.9122967345405044,3.9123208709660764,3.9122967345405044,3.9122243257972755
3.9124906531182604,3.9125630706886056,3.9125872100565866,3.9125630706886056,3.9124906531182604
3.912805453057206,3.9128778810615055,3.9129020239075167,3.9128778810615055,3.912805453057206
3.9131687325831868,3.913241172628682,3.9132653194884774,3.913241172628682,3.9131687325831868
3.9135804997384316,3.913652953432833,3.9136771048423222,3.913652953432833,3.9135804997384316
3.9140407636386385,3.914113232590184,3.9141373890854525,3.914113232590184,3.9140407636386385
3.9145495344733243,3.9146220202908437,3.914646182408177,3.9146220202908437,3.9145495344733243
3.9151068235062243,3.9151793277992013,3.9152034960750988,3.9151793277992013,3.9151068235062243
3.915712643075722,3.915785167454357,3.9158093424255616,3.915785167454357,3.915712643075722
3.916367006595334,3.9164395526706066,3.916463734874116,3.9164395526706066,3.916367006595334
3.9170699285542248,3.917142497937955,3.9171666879110507,3.917142497937955,3.9170699285542248
3.9178214245177703,3.9178940188226825,3.9179182171029465,3.9178940188226825,3.9178214245177703
3.9186215111281615,3.9186941319679467,3.9187183390932825,3.9186941319679467,3.9186215111281615
3.919470206105046,3.9195428550944253,3.91956707160308,3.9195428550944253,3.919470206105046
3.9203675282462216,3.9204402070010054,3.92046443343159,3.9204402070010054,3.9203675282462216
3.921313497428356,3.9213862075655106,3.9214104444570204,3.9213862075655106,3.921313497428356
3.9223081346077633,3.922380877745472,3.922405125637308,3.922380877745472,3.9223081346077633
3.923351461821213,3.9234242395789396,3.923448499010931,3.9234242395789396,3.923351461821213
3.924443502186788,3.924516316185337,3.9245405876977593,3.924516316185337,3.924443502186788
3.925584279904774,3.9256571317663598,3.925681415899957,3.9256571317663598,3.925584279904774
3.926773820258607,3.926846711606909,3.926871008902914,3.926846711606909,3.926773820258607
3.9280121496158427,3.9280850820760738,3.928109393076233,3.9280850820760738,3.9280121496158427
3.9292992954291877,3.9293722706281557,3.9293965958747443,3.9293722706281557,3.9292992954291877
3.9306352862375573,3.930708305803728,3.9307326458395755,3.930708305803728,3.9306352862375573
3.9320201516671873,3.9320932172307486,3.932117572599257,3.9320932172307486,3.9320201516671873
3.9334539224327782,3.933527035625702,3.933551406870871,3.933527035625702,3.9334539224327782
3.934936630338689,3.9350097927947973,3.9350341804612388,3.9350097927947973,3.934936630338689
3.9364683082801704,3.936541521635195,3.936565926268161,3.936541521635195,3.9364683082801704
3.938048990244638,3.938122256136288,3.938146678281689,3.938122256136288,3.938048990244638
3.9396787113129954,3.9397520313810173,3.939776471585442,3.9397520313810173,3.9396787113129954
3.941357507660988,3.941430883547233,3.941455342357973,3.941430883547233,3.941357507660988
3.9430854165606126,3.943158849909099,3.9431833278741664,3.943158849909099,3.9430854165606126
3.944862476381561,3.944935968838537,3.944960466506689,3.944935968838537,3.944862476381561
3.946688726592708,3.946762279806717,3.9467867977274746,3.946762279806717,3.946688726592708
3.9485642077636425,3.948637823385588,3.94866236210926,3.948637823385588,3.9485642077636425
3.950488961566244,3.950562641249452,3.9505872013271546,3.950562641249452,3.950488961566244
3.9524630307762973,3.9525367761765833,3.952561358160262,3.9525367761765833,3.9524630307762973
3.954486459275155,3.954560272050886,3.9545848764933367,3.954560272050886,3.954486459275155
3.956559292051438,3.956633173863599,3.956657801318491,3.956633173863599,3.956559292051438
3.9586815752027853,3.958755527715043,3.9587801787369377,3.958755527715043,3.9586815752027853
3.960853355937639,3.9609273808164076,3.960952055960785,3.9609273808164076,3.960853355937639
3.963074682577084,3.9631487814915882,3.963173481314864,3.9631487814915882,3.963074682577084
3.9653456045567164,3.965419779179061,3.9654445042386097,3.965419779179061,3.9653456045567164
3.967666172428571,3.967740424433801,3.967765175287978,3.967740424433801,3.967666172428571
3.970036437863077,3.970110768929246,3.9701355461374117,3.970110768929246,3.970036437863077
3.9724564536510734,3.9725308654593094,3.972555669581845,3.9725308654593094,3.9724564536510734
3.9749262737058526,3.975000767940422,3.975025599538758,3.975000767940422,3.9749262737058526
3.97744595306526,3.9775205314136346,3.9775453910502683,3.9775205314136346,3.97744595306526
3.9800155478938297,3.9800902120467527,3.9801151002852735,3.9800902120467527,3.9800155478938297
3.982635115484969,3.9827098671365215,3.982734784541629,3.9827098671365215,3.982635115484969
3.985304714263185,3.9853795551108515,3.985404502248382,3.9853795551108515,3.985304714263185
3.988024403786355,3.988099335531089,3.988124312968035,3.988099335531089,3.988024403786355
3.990794244748042,3.990869269094336,3.990894277398868,3.990869269094336,3.990794244748042
3.993614298979856,3.993689417635805,3.993714457377296,3.993689417635805,3.993614298979856
3.996484629453858,3.9965598441312267,3.9965849158802724,3.9965598441312267,3.996484629453858
3.9994053002850065,3.9994806126993,3.999505717027743,3.9994806126993,3.9994053002850065
4.0023763767336575,4.002451788604184,4.0024769260851345,4.002451788604184,4.0023763767336575
4.005397925208097,4.00547343825804,4.005498609465899,4.00547343825804,4.005397925208097
4.008470013267132,4.008545629223612,4.008570834734095,4.008545629223612,4.008470013267132
4.011592709622713,4.01166843021686,4.011693670607018,4.01166843021686,4.011592709622713
4.014766084142611,4.014841911109634,4.0148671869578765,4.014841911109634,4.014766084142611
4.01799020785314,4.018066142932389,4.018091454818508,4.018066142932389,4.01799020785314
4.021265152941919,4.021341197876959,4.021366546382151,4.021341197876959,4.021265152941919
4.024590992760685,4.024667149299363,4.024692535006249,4.024667149299363,4.024590992760685
4.027967801828151,4.028044071722663,4.028069495215318,4.028044071722663,4.027967801828151
4.031395655832905,4.031472040839868,4.031497502703838,4.031472040839869,4.031395655832905
4.034874631636364,4.034951133516884,4.0349766343392135,4.034951133516885,4.034874631636364
4.038404807275766,4.038481427795505,4.038506968164755,4.038481427795509,4.038404807275766
4.04198626196721,4.042063002896459,4.042088583402741,4.042063002896473,4.04198626196721
4.045619076108751,4.045695939222483,4.045721560457483,4.04569593922254,4.045619076108751
4.049303331283528,4.049380318361445,4.04940598091848,4.049380318361656,4.049303331283528
4.053039110262947,4.053116223089435,4.053141927563592,4.0531162230902265,4.053039110262947
4.056826497009913,4.056903737373686,4.056929484362266,4.056903737376641,4.056826497009913
4.060665576682101,4.060742946374692,4.0607687364788205,4.060742946385718,4.0606655766821005
4.064556435635283,4.064633936445201,4.0646597702757585,4.064633936486352,4.064556435635281
4.0684991614267005,4.068576795117444,4.068602673317152,4.068576795271024,4.068499161426693
4.072493842818494,4.072571611046284,4.072597534372063,4.0725716116194635,4.072493842818468
4.076540569781255,4.076618473787747,4.076644443418082,4.07661847592691,4.076540569781159
4.080639433497978,4.080717472962887,4.080743491645253,4.0807174809464595,4.080639433497619
4.084790526370146,4.084868695126866,4.084894771462008,4.084868724922351,4.084790526368804
4.08899394203572,4.089072212069364,4.089098376512634,4.089072323269075,4.08899394203071
4.09324977545552,4.0933280371116965,4.093354401761685,4.0933284521200655,4.093249775436814
4.097558123394956,4.097635961824069,4.097662943968331,4.097637510676548,4.097558123325108
4.101919087198501,4.101994945641416,4.10202410443329,4.102000726112824,4.101919086937699
4.106332788885079,4.106400832088069,4.10643800499101,4.106422405382077,4.106332787911277
4.110799464726212,4.110837791973021,4.110904881201064,4.110918305651639,4.110799461090145
4.108547440190225,4.115246193176718,4.11542562549092,4.115546678233982,4.108558223201136
