8.171428306173826,8.17144795725207,8.171471140124702,8.17144795725207,8.171428306173826
8.171408655095583,8.171478203901547,8.171501386903579,8.171478203901547,8.171408655095583
8.171471139421289,8.171540689039814,8.171563872312698,8.171540689039814,8.171471139421289
8.171565862213445,8.171635413068904,8.1716585967541,8.171635413068904,8.171565862213445
8.171692824112318,8.1717623766291,8.171785560868077,8.1717623766291,8.171692824112318
8.17185202599644,8.171921580598958,8.171944765533183,8.171921580598958,8.17185202599644
8.172043468982606,8.172113026095296,8.172136211866246,8.172113026095296,8.172043468982606
8.172267154425896,8.172336714473218,8.172359901222386,8.172336714473218,8.172267154425896
8.172523083919687,8.172592647326143,8.172615835195025,8.172592647326143,8.172523083919687
8.17281125929568,8.172880826485805,8.172904015615917,8.172880826485805,8.17281125929568
8.173131682623916,8.173201254022294,8.173224444555162,8.173201254022294,8.173131682623916
8.173484356212814,8.173553932244076,8.173577124321247,8.173553932244076,8.173484356212814
8.173869282609186,8.17393886369802,8.173962057461054,8.17393886369802,8.173869282609186
8.174286464598282,8.174356051169436,8.17437924675992,8.174356051169436,8.174286464598282
8.17473590520383,8.174805497682113,8.17482869524165,8.174805497682113,8.17473590520383
8.17521760768806,8.175287206498357,8.175310406168574,8.175287206498357,8.17521760768806
8.175731575551758,8.175801181119024,8.175824383041576,8.175801181119024,8.175731575551758
8.176277812534307,8.17634742528358,8.176370629600145,8.17634742528358,8.176277812534307
8.176856322613736,8.17692594297014,8.176949149822427,8.17692594297014,8.176856322613736
8.177467110006777,8.177536738395526,8.177559947925275,8.177536738395526,8.177467110006777
8.178110179168913,8.178179816015316,8.178203028364296,8.178179816015316,8.178110179168913
8.17878553479444,8.178855180523906,8.17887839583392,8.178855180523906,8.17878553479444
8.179493181816524,8.179562836854569,8.179586055267457,8.179562836854569,8.179493181816524
8.180233125407268,8.180302790179521,8.18032601183716,8.180302790179521,8.180233125407268
8.181005370977788,8.181075045909989,8.181098270954294,8.181075045909989,8.181005370977788
8.181809924178266,8.18187960969628,8.181902838269204,8.18187960969628,8.181809924178266
8.182646790898032,8.182716487427848,8.182739719671392,8.182716487427848,8.182646790898032
8.183515977265644,8.183585685233385,8.183608921289588,8.183585685233385,8.183515977265644
8.184417489648965,8.184487209480888,8.184510449491837,8.184487209480888,8.184417489648965
8.185351334655243,8.18542106677775,8.185444310885575,8.18542106677775,8.185351334655243
8.1863175191312,8.186387263970833,8.186410512317725,8.186387263970833,8.1863175191312
8.18731605016312,8.18738580814658,8.187409060874767,8.18738580814658,8.18731605016312
8.188346935076947,8.188416706631088,8.188439963882855,8.188416706631088,8.188346935076947
8.189410181438364,8.189479966990206,8.189503228907894,8.189479966990206,8.189410181438364
8.190505797052912,8.190575597029637,8.190598863755643,8.190575597029637,8.190505797052912
8.191633789966083,8.191703604795045,8.191726876471822,8.191703604795045,8.191633789966083
8.192794168463413,8.192863998572152,8.19288727534221,8.192863998572152,8.192794168463413
8.19398694107061,8.19405678688684,8.194080068892752,8.19405678688684,8.19398694107061
8.195212116553652,8.195281978505278,8.195305265889683,8.195281978505278,8.195212116553652
8.196469703918904,8.196539582434024,8.19656287533962,8.196539582434024,8.196469703918904
8.197759712413237,8.197829607920147,8.197852906489697,8.197829607920147,8.197759712413237
8.199082151524143,8.199152064451344,8.199175368827683,8.199152064451344,8.199082151524143
8.200437030979868,8.200506961756066,8.200530272082098,8.200506961756066,8.200437030979868
8.201824360749534,8.201894309803647,8.201917626222347,8.201894309803647,8.201824360749534
8.203244151043254,8.203314118804427,8.203337441458842,8.203314118804427,8.203244151043254
8.204696412312298,8.20476639920989,8.20478972824314,8.20476639920989,8.204696412312298
8.206181155249192,8.206251161712798,8.206274497268083,8.206251161712798,8.206181155249192
8.207698390787886,8.207768417247333,8.20779175946793,8.207768417247333,8.207698390787886
8.209248130103884,8.209318176989235,8.2093415260185,8.209318176989235,8.209248130103884
8.210830384614383,8.21090045235595,8.210923808337323,8.21090045235595,8.210830384614383
8.212445165978435,8.212515255006782,8.212538618083776,8.212515255006782,8.212445165978435
8.214092486097092,8.214162596843034,8.21418596715926,8.214162596843034,8.214092486097092
8.215772357113561,8.215842490008171,8.215865867707324,8.215842490008171,8.215772357113561
8.217484791413364,8.217554946887985,8.217578332113842,8.217554946887985,8.217484791413364
8.219229801624493,8.219299980110737,8.21932337300717,8.219299980110737,8.219229801624493
8.221007400617587,8.22107760254734,8.221101003258312,8.22107760254734,8.221007400617587
8.222817601506087,8.222887827311515,8.222911235981085,8.222887827311515,8.222817601506087
8.224660417646414,8.224730667759975,8.22475408453229,8.224730667759975,8.224660417646414
8.226535862638134,8.226606137492572,8.226629562511889,8.226606137492572,8.226535862638134
8.22844395032415,8.22851425035251,8.228537683763172,8.22851425035251,8.22844395032415
8.230384694790876,8.2304550204265,8.230478462372954,8.2304550204265,8.230384694790876
8.232358110368407,8.232428462044947,8.232451912671749,8.232428462044947,8.232358110368407
8.234364211630727,8.234434589782147,8.234458049233947,8.234434589782147,8.234364211630727
8.23640301339588,8.236473418456459,8.236496886878026,8.236473418456459,8.23640301339588
8.23847453072618,8.238544963130526,8.238568440666722,8.238544963130526,8.23847453072618
8.240578778928395,8.24064923911144,8.240672725907245,8.24064923911144,8.240578778928395
8.242715773553956,8.242786261950963,8.242809758151465,8.242786261950963,8.242715773553956
8.244885530399142,8.244956047445717,8.24497955319612,8.244956047445717,8.244885530399142
8.247088065505313,8.247158611637401,8.247182127083022,8.247158611637401,8.247088065505313
8.24932339515909,8.249393970812992,8.249417496099262,8.249393970812992,8.24932339515909
8.25159153589259,8.251662141504955,8.251685676777427,8.251662141504958,8.25159153589259
8.253892504483629,8.253963140491464,8.253986685895814,8.253963140491475,8.253892504483629
8.256226317955948,8.256296984796618,8.256320540478647,8.256296984796663,8.256226317955948
8.25859299357942,8.25866369169063,8.258687257796305,8.258663691690796,8.25859299357942
8.260992548870306,8.261063278690013,8.261086855365534,8.261063278690624,8.260992548870306
8.263425001591443,8.26349576355754,8.263519350949688,8.263495763559824,8.263425001591443
8.265890369752514,8.2659611643016,8.265984762558958,8.265961164310129,8.265890369752514
8.268388671610246,8.26845949917308,8.268483108450605,8.26845949920491,8.268388671610246
8.270919925668686,8.270990786653115,8.271014407129192,8.270990786771907,8.270919925668682
8.273484150679398,8.273555045406741,8.273578677346825,8.273555045850078,8.273484150679389
8.276081365641684,8.276152294109256,8.276175938103343,8.276152295763808,8.276081365641655
8.278711589802564,8.27878255079765,8.278806208646294,8.27878255697256,8.278711589802452
8.28137484265542,8.281445830450025,8.281469508469536,8.281445853495217,8.281374842655005
8.284071143930886,8.2841421359545,8.284165857303964,8.284142221960762,8.284071143929339
8.286800513542111,8.286871424423921,8.286895275062168,8.286871745405278,8.286800513536335
8.289562971263239,8.289633481595807,8.289657781514656,8.289634679520605,8.289562971241683
8.292358534849479,8.292427453762818,8.292453394401477,8.292431924501681,8.292358534769017
8.29518720906094,8.295250104863158,8.29528211842473,8.295266789972331,8.295187208760609
8.298048921621504,8.298089334896169,8.298143881090699,8.29815160488704,8.298048920500506
8.300943149710738,8.3009001246959,8.30103815876885,8.301132520644012,8.30094314552654
8.29946873725794,8.30351554406878,8.303961797199712,8.304382861953062,8.299499868072576
