3.869485754836287,3.869509468688165,3.869533133667343,3.869509468688165,3.869485754836287
3.8694620409844083,3.869533036179136,3.869556701417524,3.869533036179136,3.8694620409844083
3.8695331315823425,3.8696041291219947,3.869627795142033,3.8696041291219947,3.8695331315823425
3.869651747632921,3.869722749084878,3.869746416409034,3.869722749084878,3.869651747632921
3.869817891750744,3.869888898682536,3.869912567833328,3.869888898682536,3.869817891750744
3.87003156759707,3.8701025815764405,3.8701262530764553,3.8701025815764405,3.87003156759707
3.8702927798799562,3.87036380247492,3.8703874768468367,3.87036380247492,3.8702927798799562
3.8706015343544404,3.8706725671333464,3.8706962448999533,3.8706725671333464,3.8706015343544404
3.8709578378227656,3.871028882354353,3.8710525640385707,3.871028882354353,3.8709578378227656
3.871361698134638,3.8714327559881005,3.871456442113,3.8714327559881005,3.871361698134638
3.8718131241875295,3.871884196932576,3.8719078880214015,3.871884196932576,3.8718131241875295
3.8723121259270266,3.8723832151339392,3.872406911710123,3.8723832151339392,3.8723121259270266
3.8728587143472053,3.8729298215869026,3.872953524174092,3.8729298215869026,3.8728587143472053
3.873452901491064,3.873524028335159,3.8735477374572316,3.873524028335159,3.873452901491064
3.874094700450979,3.874165848471843,3.874189564652929,3.874165848471843,3.874094700450979
3.8747841253692186,3.874855296140038,3.8748790199045393,3.874855296140038,3.8747841253692186
3.8755211914384775,3.875592386533319,3.8756161184059326,3.875592386533319,3.8755211914384775
3.8763059149024746,3.876377135896342,3.8764008764020748,3.876377135896342,3.8763059149024746
3.8771383130565704,3.877209561525467,3.87723331118966,3.877209561525467,3.8771383130565704
3.8780184042484356,3.878089681769427,3.8781134411177773,3.878089681769427,3.8780184042484356
3.8789462078787653,3.8790175160300358,3.879041285588609,3.8790175160300358,3.8789462078787653
3.8799217444020155,3.8799930847629343,3.880016865058195,3.8799930847629343,3.8799217444020155
3.880945035327205,3.8810164094783817,3.881040201037207,3.8810164094783817,3.880945035327205
3.882016103218733,3.8820875127420846,3.8821113160917866,3.8820875127420846,3.882016103218733
3.8831349716972596,3.883206418176067,3.8832302338444125,3.883206418176067,3.8831349716972596
3.88430166544061,3.884373150459581,3.884396978974813,3.884373150459581,3.88430166544061
3.885516210184729,3.8855877353300596,3.8856115772209163,3.8855877353300596,3.885516210184729
3.8867786327246754,3.8868501995841105,3.886874055379848,3.8868501995841105,3.8867786327246754
3.888088960915653,3.888160571078549,3.888184441308958,3.888160571078549,3.888088960915653
3.889447223674087,3.8895188787314714,3.889542763926903,3.8895188787314714,3.889447223674087
3.8908534509787396,3.8909251525233746,3.8909490532147557,3.8909251525233746,3.8908534509787396
3.892307673871867,3.89237942349831,3.8924033402171663,3.89237942349831,3.892307673871867
3.8938099244604163,3.893881723765082,3.893905657043558,3.893881723765082,3.8938099244604163
3.8953602359172663,3.8954320864984866,3.8954560368693683,3.8954320864984866,3.8953602359172663
3.8969586424825065,3.8970305459405967,3.8970545139373276,3.8970305459405967,3.8969586424825065
3.89860517946476,3.8986771374020757,3.898701123558782,3.8986771374020757,3.89860517946476
3.900299883242545,3.9003718972635477,3.900395902115057,3.9003718972635477,3.900299883242545
3.9020427912656803,3.9021148629769993,3.902138887058861,3.9021148629769993,3.9020427912656803
3.9038339420567323,3.903906073067225,3.903930116915732,3.903906073067225,3.9038339420567323
3.9056733752125004,3.905745567133315,3.9057696312855246,3.905745567133315,3.9056733752125004
3.9075611314055467,3.907633385850188,3.9076574708439407,3.907633385850188,3.9075611314055467
3.909497252385767,3.909569570970155,3.909593677344099,3.909569570970155,3.909497252385767
3.911481780982006,3.911554165324539,3.9115782936181462,3.911554165324539,3.911481780982006
3.913514761103704,3.913587212825326,3.9136113635789176,3.913587212825326,3.913514761103704
3.9155962377426046,3.9156687584668597,3.9156929322216265,3.9156687584668597,3.9155962377426046
3.917726256974482,3.9177988483275863,3.917823045625605,3.9177988483275863,3.917726256974482
3.919904865960927,3.919977529571826,3.9200017509560876,3.919977529571826,3.919904865960927
3.9221321129511706,3.9222048504516054,3.9222290964660287,3.9222048504516054,3.9221321129511706
3.924408047283943,3.924480860308514,3.9245051314979733,3.924480860308514,3.924408047283943
3.9267327193893893,3.9268056095756156,3.926829906485958,3.9268056095756156,3.9267327193893893
3.9291061807910106,3.929179149779397,3.9292034729574645,3.929179149779397,3.9291061807910106
3.9315284841076585,3.9316015335417616,3.9316258835354136,3.9316015335417616,3.9315284841076585
3.933999683055574,3.934072814582061,3.934097191940193,3.934072814582061,3.933999683055574
3.9365198324504584,3.9365930477191746,3.9366174529917433,3.9365930477191746,3.9365198324504584
3.9390889882095976,3.9391622888736295,3.9391867226116704,3.9391622888736295,3.9390889882095976
3.9417072073540234,3.9417805950697637,3.9418050578254142,3.9417805950697637,3.9417072073540234
3.9443745480107184,3.9444480244379303,3.9444725167644528,3.9444480244379303,3.9443745480107184
3.9470910694148684,3.94716463621675,3.9471891586685497,3.94716463621675,3.9470910694148684
3.949856831912149,3.9499304907553987,3.949955043888051,3.9499304907553987,3.949856831912149
3.9526718969610686,3.952745649515949,3.9527702338862145,3.952745649515949,3.9526718969610686
3.9555363271353388,3.955610175075745,3.9556347912415952,3.955610175075745,3.9555363271353388
3.9584501861263046,3.958524131129825,3.9585487796504637,3.958524131129825,3.9584501861263046
3.961413538745402,3.961487582493388,3.9615122639292735,3.961487582493388,3.961413538745402
3.964426450926678,3.9645005951043064,3.964525310017172,3.9645005951043064,3.964426450926678
3.9674889897293344,3.9675632360256774,3.967587984978553,3.9675632360256774,3.9674889897293344
3.9706012233403323,3.970675573448419,3.9707003570056556,3.970675573448419,3.9706012233403323
3.9737632210770304,3.973837676693915,3.973862495421206,3.973837676693915,3.9737632210770304
3.9769750533898702,3.977049616216701,3.9770744706811008,3.977049616216701,3.9769750533898702
3.9802367918651096,3.9803114636071912,3.9803363543771435,3.9803114636071912,3.9802367918651096
3.9835485092275946,3.9836232915944567,3.9836482192398126,3.9836232915944567,3.9835485092275946
3.9869102793435798,3.986985174049046,3.987010139141087,3.9869851740490465,3.9869102793435798
3.9903221772235917,3.990397185985845,3.9904221890973064,3.9903971859858456,3.9903221772235917
3.9937842790253417,3.99385940356699,3.9938844452720828,3.9938594035669923,3.9937842790253417
3.9972966620566717,3.997371904104818,3.9973969849792534,3.997371904104826,3.9972966620566717
4.000859404778563,4.000934766064866,4.000959886685881,4.000934766064894,4.000859404778563
4.004472586808172,4.0045480690689015,4.004573230015298,4.004548069069006,4.004472586808172
4.008136288921928,4.008211893897975,4.008237095750198,4.008211893898367,4.008136288921928
4.01185059305866,4.011926322495402,4.01195156583577,4.011926322496862,4.01185059305866
4.015615582322786,4.0156914379693625,4.015716723382876,4.015691437974812,4.015615582322786
4.019431340987529,4.019507324594015,4.019532652671281,4.0195073246143505,4.019431340987528
4.023297954498165,4.023374067804795,4.023399439152893,4.0233740678806935,4.023297954498162
4.02721550947519,4.027291754172136,4.027317169454932,4.027291754455398,4.027215509475178
4.031184093716776,4.031260471294605,4.03128593138238,4.031260472351761,4.031184093716729
4.035203796196898,4.035280307392879,4.035305813916083,4.035280311338292,4.035203796196721
4.039274707037898,4.039351349796306,4.039376907185269,4.039351364520977,4.039274707037238
4.043396917333875,4.0434736793500115,4.043499302290659,4.043473734303949,4.043396917331411
4.04757051810378,4.047647349910352,4.047673090256663,4.047647555003891,4.047570518094581
4.051795594170551,4.051872314014248,4.051898355907166,4.051873079443675,4.051795594136204
4.056072188460975,4.056148158306211,4.056175142153507,4.05615101496476,4.056072188332727
4.060400093883422,4.0604731909892315,4.060503241831178,4.060483852322358,4.060400093404561
4.064777640174206,4.064841472486819,4.064880984412607,4.064881261640046,4.064777638386198
4.062573743482741,4.069234277081047,4.069298164404865,4.069382774150391,4.062579072361244
