2.349876164218403,2.349889952665255,2.3498996333135405,2.349889952665255,2.349876164218403
2.349862375771551,2.3498914176107575,2.3499010982844517,2.3498914176107575,2.349862375771551
2.349899632370678,2.3499286752248834,2.3499383562369145,2.3499286752248834,2.349899632370678
2.3499726816942332,2.3500017265022537,2.3500114081655656,2.3500017265022537,2.3499726816942332
2.35008152547434,2.3501105731750878,2.3501202558026546,2.3501105731750878,2.35008152547434
2.350226166180746,2.350255217713273,2.3502649016181163,2.350255217713273,2.350226166180746
2.35040660702093,2.35043566332447,2.3504453488196724,2.35043566332447,2.35040660702093
2.3506228519402343,2.3506519139542505,2.35066160135297,2.3506519139542505,2.3506228519402343
2.350874905622039,2.350903974286263,2.350913663901748,2.350903974286263,2.350874905622039
2.351162773487955,2.3511918497424347,2.351201541888039,2.3511918497424347,2.351162773487955
2.351486461698063,2.3515155464832036,2.351525241472398,2.3515155464832036,2.351486461698063
2.3518459771511697,2.3518750714077794,2.3518847695541734,2.3518750714077794,2.3518459771511697
2.3522413274851135,2.3522704321544463,2.3522801337717936,2.3522704321544463,2.3522413274851135
2.3526725210770842,2.3527016371008833,2.3527113425031034,2.3527016371008833,2.3526725210770842
2.353139567043986,2.3531686953645305,2.3531784048657203,2.3531686953645305,2.353139567043986
2.3536424752428347,2.3536716168029788,2.3536813307174262,2.3536716168029788,2.3536424752428347
2.354181256271172,2.3542104120143925,2.3542201306565955,2.3542104120143925,2.354181256271172
2.35475592146753,2.3547850923379707,2.354794816022647,2.3547850923379707,2.35475592146753
2.3553664829119194,2.3553956698544307,2.355405398896535,2.3553956698544307,2.3553664829119194
2.3560129534263448,2.3560421573865318,2.35605189210127,2.3560421573865318,2.3560129534263448
2.3566953465753597,2.3567245684996263,2.3567343092024706,2.3567245684996263,2.3566953465753597
2.3574136766666576,2.357442917502246,2.357452664508948,2.357442917502246,2.3574136766666576
2.358167958751678,2.3581972194467182,2.3582069730733255,2.3581972194467182,2.358167958751678
2.3589582086262646,2.358987490129815,2.3589972506926844,2.358987490129815,2.3589582086262646
2.3597844428313426,2.3598137460934354,2.3598235139092485,2.3598137460934354,2.3597844428313426
2.360646678653633,2.3606760046253177,2.360685780011096,2.3606760046253177,2.360646678653633
2.3615449341264005,2.361574283759789,2.361584067032906,2.361574283759789,2.3615449341264005
2.36247922803023,2.362508602278539,2.3625183937567384,2.362508602278539,2.36247922803023
2.3634495798938366,2.363478979711434,2.3634887797128425,2.363478979711434,2.3634495798938366
2.3644560099949112,2.3644854363373584,2.364495245180501,2.3644854363373584,2.3644560099949112
2.3654985393609933,2.3655279931850908,2.3655378111889047,2.3655279931850908,2.3654985393609933
2.3665771897703807,2.3666066720342114,2.366616499518062,2.3666066720342114,2.3665771897703807
2.3676919837530686,2.367721495416043,2.367731332699738,2.367721495416043,2.3676919837530686
2.368842944591722,2.368872486614622,2.3688823340184273,2.368872486614622,2.368842944591722
2.370030096322684,2.370059669667708,2.370069527512359,2.370059669667708,2.370030096322684
2.3712534637370086,2.3712830693678155,2.3712929379745367,2.3712830693678155,2.3712534637370086
2.3725130723815364,2.3725427112632897,2.3725525909538066,2.3725427112632897,2.3725130723815364
2.3738089485599945,2.3738386216594067,2.373848512755961,2.3738386216594067,2.3738089485599945
2.375141119334131,2.3751708276195105,2.3751807304448764,2.3751708276195105,2.375141119334131
2.37650961252489,2.376539356966182,2.376549271843678,2.376539356966182,2.37650961252489
2.377914456713603,2.377944238282438,2.3779541655359457,2.377944238282438,2.377914456713603
2.379355681243232,2.379385500912968,2.379395440866944,2.379385500912968,2.379355681243232
2.380833316219632,2.3808631749654,2.3808731279448923,2.3808631749654,2.380833316219632
2.382347392512851,2.3823772913116,2.3823872576422627,2.3823772913116,2.382347392512851
2.3838979417584634,2.3839278815890053,2.383937861597113,2.3839278815890053,2.3838979417584634
2.3854849963589353,2.38551497820199,2.385524972214455,2.38551497820199,2.3854849963589353
2.387108589485025,2.387138614323266,2.387148622667648,2.387138614323266,2.387108589485025
2.388768755077212,2.388798823895309,2.3888088468998374,2.388798823895309,2.388768755077212
2.3904655278471654,2.3904956416318317,2.3905056796254147,2.3904956416318317,2.3904655278471654
2.3921989432792383,2.392229103019276,2.392239156331519,2.392229103019276,2.3921989432792383
2.393969037632003,2.3939992443183487,2.3940093132795672,2.3939992443183487,2.393969037632003
2.395775847939815,2.395806102565582,2.395816187506819,2.395806102565582,2.395775847939815
2.3976194120144076,2.3976497155749357,2.3976598168279746,2.3976497155749357,2.3976194120144076
2.3994997684465287,2.3995301219394265,2.3995402398368086,2.3995301219394265,2.3994997684465287
2.4014169566076045,2.4014473610327958,2.4014574959078336,2.4014473610327958,2.4014169566076045
2.4033710166514357,2.403401473011206,2.4034116251979984,2.403401473011206,2.4033710166514357
2.4053619895159324,2.4053924988149733,2.4054026686484224,2.4053924988149733,2.4053619895159324
2.4073899169248794,2.4074204801703365,2.4074306679861603,2.4074204801703365,2.4073899169248794
2.4094548413897368,2.409485459591252,2.409495665726004,2.409485459591252,2.4094548413897368
2.4115568062114727,2.411587480381233,2.411597705172312,2.411587480381233,2.4115568062114727
2.4136958554824286,2.413726586635212,2.4137368304208833,2.413726586635212,2.4136958554824286
2.4158720340882285,2.415902823241449,2.415913086360853,2.415902823241449,2.4158720340882285
2.4180853877097035,2.4181162358834576,2.418126518676633,2.4181162358834576,2.4180853877097035
2.420335962824872,2.4203668710419852,2.4203771738498765,2.4203668710419852,2.420335962824872
2.4226238067109342,2.422654775997008,2.422665099161488,2.422654775997008,2.4226238067109342
2.4249489674463187,2.424979998829776,2.424990342693656,2.424979998829776,2.4249489674463187
2.42731149391275,2.4273425884248816,2.42735295333193,2.4273425884248816,2.42731149391275
2.4297114357973557,2.4297425944723674,2.429752980767324,2.4297425944723674,2.4297114357973557
2.4321488435948093,2.4321800674698695,2.4321904754984613,2.4321800674698695,2.4321488435948093
2.434623768609505,2.4346550587247906,2.4346654888337476,2.4346550587247906,2.434623768609505
2.437136262957771,2.4371676203565134,2.437178072893584,2.437167620356514,2.437136262957771
2.4396863795701096,2.439717805298643,2.4397282806126115,2.4397178052986455,2.4396863795701096
2.442274172193484,2.442305667301289,2.4423161657419907,2.4423056673013006,2.442274172193484
2.444899695393628,2.4449312609333758,2.444941782851721,2.4449312609334175,2.444899695393628
2.4475630045573995,2.4475946415849745,2.447605187332984,2.4475946415851304,2.4475630045573995
2.450264155895165,2.450295865469629,2.4503064354005364,2.450295865470212,2.450264155895165
2.45300320644322,2.4530349896265466,2.453045584095126,2.4530349896287236,2.45300320644322
2.4557802140662446,2.4558120719222023,2.4558226912859493,2.4558120719303256,2.455780214066244
2.458595237459794,2.458627171049641,2.4586378156731414,2.458627171079958,2.458595237459793
2.4614483361528237,2.4614803465191155,2.4614910167903017,2.461480346632261,2.4614483361528197
2.4643395705102344,2.464371658616279,2.464382355007035,2.464371659038548,2.4643395705102193
2.4672690017353673,2.4673011682392265,2.467311891531446,2.4673011698151717,2.467269001735312
2.470236691872032,2.470268936283489,2.4702796884121385,2.4702689421650597,2.470236691871825
2.4732427038035905,2.4732750213409327,2.4732858085372253,2.4732750432914825,2.4732427038028177
2.476287101234603,2.476319471112263,2.4763303156156686,2.476319553033693,2.4762871012317174
2.4793699485701834,2.479402290395158,2.479413274055503,2.479402596133314,2.4793699485594063
2.48249131019724,2.482523321866656,2.4825347482408686,2.4825244629090095,2.48249131015699
2.485651246272994,2.4856818026661824,2.4856947983048503,2.4856860611391145,2.485651246122669
2.4888497881318794,2.488874718383342,2.4888934554781352,2.4888906113883533,2.488849787570452
2.4920867948084937,2.492090711668518,2.49213057839621,2.492150025796876,2.492086792711678
2.495361116312951,2.4952876498500554,2.495405015579339,2.4955090155292603,2.495361108481721
2.493703965691335,2.498310661010975,2.498709723976189,2.499136817706729,2.4937336149150378
