2.3461011355110033,2.3461148893283417,2.34612453724867,2.3461148893283417,2.3461011355110033
2.3460873816936645,2.3461163253488575,2.346125973294304,2.3461163253488575,2.3460873816936645
2.3461245363090533,2.3461534809757287,2.3461631292583394,2.3461534809757287,2.3461245363090533
2.346197410586833,2.3462263572011643,2.3462360061330023,2.3462263572011643,2.346197410586833
2.34630600625541,2.346334955753667,2.3463446056468262,2.346334955753667,2.34630600625541
2.3464503257795157,2.346479279098107,2.3464889302647274,2.346479279098107,2.3464503257795157
2.346630372360306,2.3466593304358225,2.346668983188106,2.3466593304358225,2.346630372360306
2.346846149935499,2.346875113704758,2.3468847683549807,2.346875113704758,2.346846149935499
2.34709766317954,2.347126633579628,2.347136290440157,2.347126633579628,2.34709766317954
2.347384917503799,2.347413895472119,2.3474235548554248,2.347413895472119,2.347384917503799
2.3477079190568046,2.3477369055311135,2.3477465677497866,2.3477369055311135,2.3477079190568046
2.3480666747245014,2.348095670642958,2.3481053360097217,2.348095670642958,2.3480666747245014
2.3484611921305447,2.3484901984317528,2.3484998672594797,2.3484901984317528,2.3484611921305447
2.348891479636628,2.3489204972596784,2.3489301698614033,2.3489204972596784,2.348891479636628
2.3493575463428344,2.3493865762273525,2.349396252916288,2.3493865762273525,2.3493575463428344
2.3498594020880335,2.3498884451742184,2.349898126263767,2.3498884451742184,2.3498594020880335
2.3503970574502926,2.350426114678963,2.3504358004827366,2.350426114678963,2.3503970574502926
2.3509705237473355,2.3509995960599746,2.3510092868918044,2.3509995960599746,2.3509705237473355
2.3515798130370245,2.351608901375821,2.3516185975497743,2.351608901375821,2.3515798130370245
2.352224938117874,2.352254043425768,2.352263745256163,2.352254043425768,2.352224938117874
2.3529059125296024,2.3529350357503294,2.352944743551747,2.3529350357503294,2.3529059125296024
2.3536227505537064,2.3536518926318397,2.353661606719143,2.3536518926318397,2.3536227505537064
2.354375467214077,2.3544046290950726,2.354414349783418,2.3544046290950726,2.354375467214077
2.3551640782776397,2.3551932609078796,2.355202988512732,2.3551932609078796,2.3551640782776397
2.3559886002550314,2.3560178045818687,2.3560275394190153,2.3560178045818687,2.3559886002550314
2.3568490504013067,2.3568782773731076,2.356888019758676,2.3568782773731076,2.3568490504013067
2.357745446716676,2.357774697282866,2.3577844475333354,2.357774697282866,2.357745446716676
2.35867780794728,2.3587070830583854,2.358716841490602,2.3587070830583854,2.35867780794728
2.359646153585987,2.3596754541936824,2.3596852211248747,2.3596754541936824,2.359646153585987
2.3606505038732353,2.3606798309303842,2.3606896066781773,2.3606798309303842,2.3606505038732353
2.361690879797895,2.361720234258595,2.361730019141026,2.361720234258595,2.361690879797895
2.3627673030981673,2.362796685917796,2.3628064802533295,2.362796685917796,2.3627673030981673
2.3638797962625224,2.3639092083977795,2.3639190125053178,2.3639092083977795,2.3638797962625224
2.3650283825306544,2.3650578249396066,2.365067639138511,2.3650578249396066,2.3650283825306544
2.3662130858944845,2.36624255953661,2.3662523841467107,2.36624255953661,2.3662130858944845
2.3674339310991854,2.3674634369354193,2.3674732722770306,2.3674634369354193,2.3674339310991854
2.3686909436442436,2.368720482637019,2.3687303290309574,2.368720482637019,2.3686909436442436
2.369984149784551,2.3700137228978466,2.3700235806654426,2.3700137228978466,2.369984149784551
2.3713135765315334,2.3713431847309163,2.3713530541940298,2.3713431847309163,2.3713135765315334
2.3726792516543025,2.3727088959069746,2.37271877738801,2.3727088959069746,2.3726792516543025
2.374081203680854,2.3741108849556927,2.374120778777614,2.3741108849556927,2.374081203680854
2.3755194618992816,2.3755491811668894,2.375559087653235,2.3755491811668894,2.3755194618992816
2.376994056359041,2.3770238145917864,2.377033734066683,2.3770238145917864,2.376994056359041
2.3785050178722313,2.3785348160442954,2.378544748832474,2.3785348160442954,2.3785050178722313
2.380052378014921,2.3800822171023412,2.380092163529152,2.3800822171023412,2.380052378014921
2.381636169128497,2.381666050109211,2.3816760105006383,2.381666050109211,2.381636169128497
2.3832564243210532,2.383286348174947,2.3832963228576234,2.383286348174947,2.3832564243210532
2.3849131774688095,2.3849431451777603,2.3849531344789816,2.3849431451777603,2.3849131774688095
2.3866064632175625,2.386636475765484,2.386646480013226,2.386636475765484,2.3866064632175625
2.388336316984174,2.3883663753570596,2.388376394879992,2.3883663753570596,2.388336316984174
2.390102774958083,2.390132880144055,2.3901429152715554,2.390132880144055,2.390102774958083
2.3919058741028643,2.3919360270922145,2.391946078154385,2.3919360270922145,2.3919058741028643
2.3937456521578038,2.393775853943043,2.393785921270725,2.393775853943043,2.3937456521578038
2.3956221476395245,2.3956523992154253,2.395662483140213,2.3956523992154253,2.3956221476395245
2.397535399843631,2.397565702207273,2.3975758030615313,2.397565702207273,2.397535399843631
2.399485448846396,2.3995158029972137,2.3995259211140914,2.3995158029972137,2.399485448846396
2.4014723355064778,2.4015027424463034,2.401512878159749,2.4015027424463034,2.4014723355064778
2.4034961014666703,2.403526562199781,2.4035367158445577,2.403526562199781,2.4034961014666703
2.405556789155688,2.4055873046888503,2.405597476600552,2.4055873046888503,2.405556789155688
2.407654441789983,2.4076850131325,2.407695203647566,2.4076850131325,2.407654441789983
2.4097891033755956,2.4098197315393532,2.4098299409950816,2.4098197315393532,2.4097891033755956
2.411960818710044,2.4119915047095546,2.4120017334441215,2.4119915047095546,2.411960818710044
2.414169633384237,2.4142003782366883,2.4142106265891603,2.4142003782366883,2.414169633384237
2.4164155937844343,2.4164463985097324,2.416456666820083,2.4164463985097324,2.4164155937844343
2.418698747094227,2.4187296127150457,2.41873990132417,2.4187296127150457,2.418698747094227
2.4210191412965614,2.4210500688383867,2.421060378088118,2.4210500688383867,2.4210191412965614
2.4233768251757954,2.4234078156669714,2.4234181459000963,2.4234078156669714,2.4233768251757954
2.4257718483197865,2.425802902791564,2.4258132543518363,2.425802902791564,2.4257718483197865
2.4282042611220143,2.428235380608596,2.428245753840754,2.428235380608596,2.4282042611220143
2.4306741147837405,2.430705300322328,2.4307156955721108,2.430705300322328,2.4306741147837405
2.4331814613162024,2.433212713947041,2.433223131561202,2.4332127139470416,2.4331814613162024
2.4357263535428353,2.435757674309266,2.4357681146355894,2.435757674309267,2.4357263535428353
2.43830884510154,2.438340235050041,2.4383506984373575,2.4383402350500427,2.43830884510154
2.4409289904469764,2.440960450627212,2.440970937425416,2.4409604506272173,2.4409289904469764
2.443586844852894,2.443618376317758,2.443628886877827,2.4436183763177786,2.443586844852894
2.4462824644144994,2.446314068220153,2.446324602894172,2.4463140682202296,2.4462824644144994
2.44901590605086,2.4490475832567355,2.449058142397955,2.4490475832570207,2.44901590605086
2.451787227507334,2.451818979176033,2.451829563139038,2.4518189791770966,2.451787227507334
2.4545964873580473,2.454628314554819,2.4546389236961113,2.454628314558787,2.4545964873580473
2.4574437450083955,2.4574756487990657,2.457486283479199,2.4574756488138734,2.457443745008395
2.4603290606975663,2.4603610421406956,2.460371702732182,2.46036104219596,2.460329060697564
2.4632524955010044,2.463284555618595,2.46329524253526,2.4632845558248464,2.463252495500997
2.4662141113323637,2.466246251000972,2.4662569648069046,2.4662462517707207,2.4662141113323366
2.4692139709423047,2.4692461904898892,2.46925693230264,2.4692461933626637,2.4692139709422034
2.4722521378986815,2.472284435619441,2.4722952085951997,2.4722844463408995,2.4722521378983044
2.475328676458077,2.4753610431835953,2.4753718579459094,2.4753610831970714,2.4753286764566673
2.47844365080362,2.4784760503064454,2.478486944541986,2.4784761996404416,2.478443650798357
2.4815971205882317,2.4816294203202025,2.4816405280378584,2.481629977648501,2.481597120568576
2.484789114940845,2.484820850122164,2.484832637554564,2.4848229301229825,2.484789114867435
2.4880194809332097,2.488049105718291,2.488063120122915,2.4880568684740147,2.488019480659038
2.4912870003022354,2.4913098601282484,2.4913307573285213,2.491338831451874,2.4912869992782523
2.4896461758301713,2.494589476086971,2.494628116708796,2.494697599751918,2.4896500561806274
