3.851487593005551,3.8515111707179863,3.851534650388129,3.8515111707179863,3.851487593005551
3.851464015293116,3.8515344545549084,3.8515579344806943,3.8515344545549084,3.851464015293116
3.8515346483194417,3.8516050899076313,3.8516285706088915,3.8516050899076313,3.8515346483194417
3.8516526328654734,3.8517230783396132,3.8517465603362067,3.8517230783396132,3.8516526328654734
3.8518179715422134,3.8518884224620096,3.851911906273845,3.8518884224620096,3.8518179715422134
3.852030668008404,3.8521011259337694,3.8521246120808246,3.8521011259337694,3.852030668008404
3.8522907269706548,3.8523611934617765,3.8523846824641206,3.8523611934617765,3.8522907269706548
3.85259815418363,3.852668630801023,3.852692123178833,3.852668630801023,3.85259815418363
3.8529529564502534,3.8530234447548244,3.8530469410284116,3.8530234447548244,3.8529529564502534
3.8533551416219707,3.8534256431750773,3.8534491438648986,3.8534256431750773,3.8533551416219707
3.8538047185990356,3.853875234962545,3.8538987405892313,3.853875234962545,3.8538047185990356
3.8543016973308446,3.854372230067197,3.8543957411515675,3.854372230067197,3.8543016973308446
3.854846088816309,3.8549166394885757,3.8549401565516614,3.8549166394885757,3.854846088816309
3.8554379051042638,3.8555084752762068,3.8555319988392673,3.8555084752762068,3.8554379051042638
3.856077159293913,3.856147750530048,3.8561712811145967,3.856147750530048,3.856077159293913
3.8567638655353256,3.8568344794009795,3.856858017528798,3.8568344794009795,3.8567638655353256
3.8574980390299527,3.857568677091326,3.857592223284488,3.857568677091326,3.8574980390299527
3.8582796960312016,3.858350359855428,3.858373914636317,3.858350359855428,3.8582796960312016
3.859108853845037,3.8591795450002424,3.8592031088915766,3.8591795450002424,3.859108853845037
3.8599855308306252,3.8600562508859935,3.8600798244108376,3.8600562508859935,3.8599855308306252
3.8609097464010214,3.8609804969268477,3.8610040806086414,3.8609804969268477,3.8609097464010214
3.8618815210238866,3.8619523035916434,3.861975897954218,3.8619523035916434,3.8618815210238866
3.862900876222256,3.8629716924046504,3.8629952979722484,3.8629716924046504,3.862900876222256
3.8639678345753343,3.8640386859463725,3.8640623032436676,3.8640386859463725,3.8639678345753343
3.8650824197193407,3.865153307854384,3.865176937406506,3.865153307854384,3.8650824197193407
3.866244656348389,3.8663155828242193,3.866339225156767,3.8663155828242193,3.866244656348389
3.867454570215405,3.867525536610282,3.86754919224935,3.867525536610282,3.867454570215405
3.8687121881330873,3.8687831960268118,3.868806865499007,3.8687831960268118,3.8687121881330873
3.870017537974905,3.87008858894888,3.8701122727813426,3.87008858894888,3.870017537974905
3.871370648676138,3.871441744313428,3.8714654430338533,3.871441744313428,3.871370648676138
3.872771550234952,3.8728426921203467,3.872866406257005,3.8728426921203467,3.872771550234952
3.8742202737135214,3.8742914634335937,3.8743151935153493,3.8742914634335937,3.8742202737135214
3.87571685123918,3.8757880903823514,3.875811836938685,3.8757880903823514,3.87571685123918
3.877261316005626,3.8773326061622235,3.8773563697232514,3.8773326061622235,3.877261316005626
3.8788537022741534,3.878925045036476,3.8789488261329703,3.878925045036476,3.8788537022741534
3.880494045374933,3.880565442337309,3.8805892415007195,3.880565442337309,3.880494045374933
3.882182381708329,3.8822538344671806,3.8822776522296554,3.8822538344671806,3.882182381708329
3.883918748746257,3.8839902589001607,3.8840140957945652,3.8839902589001607,3.883918748746257
3.8857031850335817,3.8857747541833305,3.8857986107432696,3.8857747541833305,3.8857031850335817
3.887535730189555,3.887607359938221,3.887631236698059,3.887607359938221,3.887535730189555
3.8894164249092973,3.889488116862293,3.889512014357174,3.889488116862293,3.8894164249092973
3.8913453109653116,3.8914170667304533,3.891440985496323,3.8914170667304533,3.8913453109653116
3.89332243120905,3.893394252396618,3.8934181929702434,3.893394252396618,3.89332243120905
3.8953478295725077,3.8954197177953116,3.895443680714303,3.8954197177953116,3.8953478295725077
3.897421551069869,3.8974935079433077,3.8975174937461388,3.8974935079433077,3.897421551069869
3.899543641799186,3.8996156689413137,3.8996396781673424,3.8996156689413137,3.899543641799186
3.9017141489441065,3.901786247975692,3.90181028116518,3.901786247975692,3.9017141489441065
3.903933120775631,3.9040052933202216,3.90402935101436,3.9040052933202216,3.903933120775631
3.906200606653925,3.906272854337911,3.906296937078837,3.906272854337911,3.906200606653925
3.9085166570301597,3.9085889814828363,3.908613089813656,3.9085889814828363,3.9085166570301597
3.910881323448405,3.9109537263020373,3.9109778607668444,3.9109537263020373,3.910881323448405
3.913294658547555,3.9133671414374387,3.9133913025813394,3.9133671414374387,3.913294658547555
3.9157567160633,3.915829280627827,3.91585346899696,3.915829280627827,3.9157567160633
3.9182675508301386,3.918340198710862,3.9183644148524177,3.918340198710862,3.9182675508301386
3.9208272187834337,3.9208999516251293,3.9209241960873737,3.9208999516251293,3.9208272187834337
3.923435776961508,3.9235085964122387,3.9235328697445326,3.9235085964122387,3.923435776961508
3.926093283507779,3.92616619121896,3.9261904939717835,3.92616619121896,3.926093283507779
3.9287997976729443,3.9288727952994087,3.928897128024379,3.9288727952994087,3.9287997976729443
3.9315553798172025,3.9316284690172623,3.9316528322671576,3.9316284690172623,3.9315553798172025
3.934360091412516,3.9344332738480294,3.9344576681768104,3.9344332738480294,3.934360091412516
3.937213995044921,3.937287272381358,3.937311698344187,3.937287272381358,3.937213995044921
3.9401171544168774,3.940190528323382,3.940214986476649,3.940190528323382,3.9401171544168774
3.9430696343496603,3.9431431064991194,3.9431675974004596,3.9431431064991194,3.9430696343496603
3.9460715007857985,3.9461450728549035,3.9461695970632222,3.9461450728549035,3.9460715007857985
3.949122820791551,3.9491964944608666,3.949221052536358,3.9491964944608666,3.949122820791551
3.95222366255943,3.952297439513457,3.95232203201763,3.952297439513457,3.95222366255943
3.9553740954107646,3.955447977338009,3.955472604833706,3.955447977338009,3.9553740954107646
3.9585741897983153,3.9586481783913516,3.958672841442772,3.9586481783913516,3.9585741897983153
3.9618240173089183,3.9618981142644594,3.96192281343718,3.9618981142644594,3.9618240173089183
3.965123650666188,3.9651978576851485,3.9652225935461485,3.9651978576851485,3.965123650666188
3.968473163733257,3.9685474825208193,3.9685722556385015,3.96854748252082,3.968473163733257
3.971872631515555,3.971947063781241,3.971971874725452,3.9719470637812413,3.971872631515555
3.9753221301636437,3.975396677621376,3.9754215269634328,3.9753966776213776,3.9753221301636437
3.978821736976086,3.978896401344257,3.978921289656967,3.9788964013442647,3.978821736976086
3.9823715304023644,3.9824463134039005,3.9824712412615906,3.982446313403929,3.9823715304023644
3.985971590045843,3.986046493408257,3.9860714613868082,3.9860464934083617,3.985971590045843
3.9896219966667754,3.9896970221221766,3.9897220307991064,3.989697022122567,3.9896219966667754
3.993322832185354,3.9933979814703107,3.9934230314250017,3.9933979814717655,3.993322832185354
3.9970741796848097,3.9971494545396373,3.997174546354138,3.9971494545450668,3.9970741796848093
4.000876123414548,4.000951525580482,4.000976659842429,4.000951525600743,4.000876123414547
4.004728748793311,4.004804280001781,4.004829457315214,4.004804280077397,4.004728748793308
4.008632142412259,4.008707804344805,4.008733025370342,4.0087078046270115,4.008632142412247
4.012586392037345,4.012662186176636,4.012687451780538,4.012662187229859,4.0125863920372975
4.016591586607367,4.0166675136855785,4.016692825491443,4.016667517616313,4.016591586607191
4.02064781620658,4.020723874173267,4.020749236594155,4.020723888843159,4.020647816205924
4.024755171888647,4.024831348482522,4.024856776148928,4.024831403232011,4.024755171886198
4.028913744633565,4.028989990568992,4.029015535141194,4.028990194899515,4.028913744624418
4.03312361924949,4.033199753446969,4.033225598380051,4.033200516028735,4.03312361921534
4.037384838805325,4.037460225600617,4.037487008919051,4.037463071631402,4.037384838677815
4.0416971972826605,4.0417697218297395,4.041799560667318,4.041780343498954,4.041697196806555
4.046059030935515,4.046122324958391,4.0461615896164815,4.046161966081793,4.046059029157792
4.043863097117239,4.050499379236575,4.050562928549184,4.050647323843263,4.043868406173969
