5.420887986987255,5.420924138700194,5.420965039285033,5.420924138700194,5.420887986987255
5.420851835274316,5.420974537871594,5.421015439074096,5.420974537871594,5.420851835274316
5.420965035613882,5.421087742419435,5.421128645024714,5.421087742419435,5.420965035613882
5.421141041232695,5.421263754601953,5.421304659395161,5.421263754601953,5.421141041232695
5.421379855764948,5.421502578053569,5.4215434858199405,5.421502578053569,5.421379855764948
5.421681484221085,5.4218042177850485,5.421845129309917,5.4218042177850485,5.421681484221085
5.422045932987994,5.422168680183679,5.422209596252516,5.422168680183679,5.422045932987994
5.422473209829261,5.422595973013534,5.4226368944119745,5.422595973013534,5.422473209829261
5.422963323885458,5.423086105415765,5.4231270329296315,5.423086105415765,5.422963323885458
5.423516285674514,5.423639087908953,5.423680022324291,5.423639087908953,5.423516285674514
5.424132107092103,5.424254932389523,5.424295874492626,5.424254932389523,5.424132107092103
5.424810801412123,5.424933652132203,5.424974602709641,5.424933652132203,5.424810801412123
5.425552383287201,5.425675261790536,5.425716221629184,5.425675261790536,5.425552383287201
5.426356868749255,5.426479777397445,5.426520747284514,5.426479777397445,5.426356868749255
5.427224275210127,5.427347216365858,5.427388197088923,5.427347216365858,5.427224275210127
5.428154621462246,5.428277597489382,5.428318589836405,5.428277597489382,5.428154621462246
5.42914792767936,5.429270940943025,5.429311945702393,5.429270940943025,5.42914792767936
5.430204215417317,5.43032726828398,5.430368286244526,5.43032726828398,5.430204215417317
5.431323507614892,5.43144660245246,5.4314876344034975,5.43144660245246,5.431323507614892
5.43250582859469,5.432628967772584,5.432670014503931,5.432628967772584,5.43250582859469
5.433751204064065,5.433874389953318,5.433915452255329,5.433874389953318,5.433751204064065
5.435059661116137,5.435182896089468,5.435223974753061,5.435182896089468,5.435059661116137
5.436431228230823,5.436554514662733,5.4365956104794195,5.436554514662733,5.436431228230823
5.437865935275948,5.437989275542804,5.438030389304715,5.437989275542804,5.437865935275948
5.439363813508397,5.439487209988515,5.439528342488439,5.439487209988515,5.439363813508397
5.440924895575328,5.441048350649067,5.441089502680459,5.441048350649067,5.440924895575328
5.44254921551543,5.44267273156527,5.442713903922307,5.44267273156527,5.44254921551543
5.444236808760242,5.444360388170878,5.444401581648467,5.444360388170878,5.444236808760242
5.445987712135526,5.446111357293953,5.446152572687771,5.446111357293953,5.445987712135526
5.447801963862694,5.447925677158292,5.447966915264808,5.447925677158292,5.447801963862694
5.449679603560278,5.449803387384902,5.449844649001412,5.449803387384902,5.449679603560278
5.451620672245474,5.4517445289935385,5.4517858149181935,5.4517445289935385,5.451620672245474
5.453625212335722,5.453749144404293,5.453790455436124,5.453749144404293,5.453625212335722
5.455693267650352,5.455817277439232,5.455858614378184,5.455817277439232,5.455693267650352
5.457824883412281,5.457948973324093,5.457990336971054,5.457948973324093,5.457824883412281
5.460020106249761,5.460144278690043,5.460185669846869,5.460144278690043,5.460020106249761
5.462278984198183,5.462403241575474,5.462444661045021,5.462403241575474,5.462278984198183
5.464601566701942,5.464725911427868,5.464767360014022,5.464725911427868,5.464601566701942
5.466987904616349,5.4671123391057135,5.467153817613421,5.4671123391057135,5.466987904616349
5.469438050209599,5.46956257688047,5.469604086115765,5.46956257688047,5.469438050209599
5.471952057164802,5.472076678438601,5.4721182192086335,5.472076678438601,5.471952057164802
5.474529980582053,5.474654698883645,5.474696271996716,5.474654698883645,5.474529980582053
5.477171876980575,5.4772966947383575,5.477338301003943,5.4772966947383575,5.477171876980575
5.479877804300907,5.480002723946896,5.4800443641756775,5.480002723946896,5.479877804300907
5.482647821907141,5.482772845877066,5.482814520880967,5.482772845877066,5.482647821907141
5.485481990589239,5.485607121322626,5.485648831914833,5.485607121322626,5.485481990589239
5.488380372565375,5.488505612505642,5.488547359500638,5.488505612505642,5.488380372565375
5.491343031484356,5.491468383078898,5.491510167292492,5.491468383078898,5.491343031484356
5.494370032428083,5.494495498128366,5.4945373203777255,5.494495498128366,5.494370032428083
5.4974614419140835,5.497587024175729,5.497628885279406,5.497587024175729,5.4974614419140835
5.500617327898075,5.500743029180963,5.500784929958928,5.500743029180963,5.500617327898075
5.503837759776628,5.503963582544969,5.504005523818638,5.503963582544969,5.503837759776628
5.507122808389826,5.507248755112271,5.507290737704538,5.507248755112271,5.507122808389826
5.510472546024044,5.510598619173762,5.510640643909026,5.510598619173762,5.510472546024044
5.513887046414733,5.514013248469507,5.51405531617371,5.514013248469507,5.513887046414733
5.517366384749289,5.517492718191611,5.517534829692259,5.517492718191611,5.517366384749289
5.520910637669979,5.5210371049871325,5.521079261113335,5.5210371049871325,5.520910637669979
5.524519883276901,5.524646486961066,5.52468868854356,5.524646486961066,5.524519883276901
5.528194201131039,5.528320943679372,5.528363191550552,5.528320943679372,5.528194201131039
5.531933672257329,5.532060556172062,5.5321028511660195,5.532060556172062,5.531933672257329
5.5357383791478245,5.535865406936356,5.535907749888901,5.535865406936356,5.5357383791478245
5.539608405764894,5.539735579939884,5.539777971688579,5.539735579939884,5.539608405764894
5.543543837544487,5.543671160623945,5.543713602008143,5.543671160623945,5.543543837544487
5.547544761399451,5.5476722359068384,5.547714727767702,5.5476722359068384,5.547544761399451
5.551611265722921,5.551738894187234,5.551781437367774,5.551738894187234,5.551611265722921
5.555743440391742,5.555871225347614,5.55591382069272,5.555871225347614,5.555743440391742
5.5599413767699755,5.560069320757768,5.56011196911424,5.560069320757768,5.5599413767699755
5.56420516771245,5.56433327327835,5.564375975494927,5.56433327327835,5.56420516771245
5.5685349075683765,5.5686631772644875,5.5687059341918825,5.5686631772644875,5.5685349075683765
5.572930692185019,5.573059128569456,5.573101941060386,5.573059128569456,5.572930692185019
5.577392618911422,5.577521224548412,5.577564093457633,5.577521224548413,5.577392618911422
5.58192078660221,5.5820495640621814,5.582092490246515,5.582049564062185,5.58192078660221
5.586515295621429,5.586644247481108,5.58668723179948,5.5866442474811215,5.586515295621429
5.591176247846459,5.591305376688961,5.59134842000244,5.591305376689011,5.591176247846459
5.595903746671987,5.596033055086885,5.596076158258738,5.596033055087069,5.595903746671987
5.600697897014031,5.600827387597351,5.600870551493181,5.6008273875980406,5.60069789701403
5.605558805314034,5.60568848066799,5.60573170615613,5.605688480670562,5.605558805314034
5.610486579543014,5.6106164422747185,5.610659730227649,5.610616442284318,5.610486579543013
5.615481329205775,5.615611381922197,5.615654733221721,5.615611381958022,5.615481329205773
5.6205431653451745,5.620673410634046,5.620716826190511,5.620673410767745,5.620543165345167
5.6256722005464646,5.62580264090472,5.62584612172871,5.6258026414037,5.625672200546439
5.630868548941673,5.630999186508176,5.631042733977895,5.630999188370426,5.630868548941576
5.6361323262139695,5.636263161771841,5.6363067786308765,5.6362631687219515,5.636132326213611
5.641463649601643,5.6415946788551565,5.641638372935514,5.6415947047937,5.641463649600304
5.646862637899135,5.646993837581972,5.647037635695248,5.646993934387347,5.646862637894138
5.652329411440023,5.652460687490039,5.6525046872500955,5.652461048777903,5.6523294114213645
5.657864091971254,5.657995086232642,5.658039649343589,5.657996434597036,5.6578640919015895
5.663466801882227,5.663596171394588,5.663642644324528,5.663601203632674,5.663466801622129
5.669137659631225,5.669260390924162,5.669313790471523,5.669279171767404,5.66913765866012
5.674876752851406,5.674974162295827,5.675053174719127,5.675044254383877,5.674876749225655
5.680683980778318,5.680686532903318,5.680860693670351,5.680948123971083,5.680683967241029
5.677740712793819,5.686207479052026,5.686735126924747,5.687183764522471,5.677775745308923
