9.727421457631612,9.72745051913604,9.727481346297216,9.72745051913604,9.727421457631612
9.727392396127184,9.727484877803231,9.727515705125446,9.727484877803231,9.727392396127184
9.72748134518659,9.727573828123067,9.727604655865424,9.727573828123067,9.72748134518659
9.727624885885152,9.727717370859388,9.727748199281004,9.727717370859388,9.727624885885152
9.72782301947799,9.727915507267348,9.72794633662734,9.727915507267348,9.72782301947799
9.72807574771152,9.728168239093405,9.728199069650913,9.728168239093405,9.72807574771152
9.728383072823492,9.728475568575362,9.728506400589541,9.728475568575362,9.728383072823492
9.728744997543021,9.728837498442406,9.728868332172432,9.728837498442406,9.728744997543021
9.729161525090639,9.72925403191514,9.729284867620215,9.72925403191514,9.729161525090639
9.729632659178325,9.729725172705638,9.729756010644996,9.729725172705638,9.729632659178325
9.730158404009586,9.730250925017508,9.730281765450416,9.730250925017508,9.730158404009586
9.730738764279508,9.73083129354595,9.730862136731716,9.73083129354595,9.730738764279508
9.731373745174842,9.73146628347784,9.731497129675802,9.73146628347784,9.731373745174842
9.732063352374066,9.732155900491795,9.732186749961354,9.732155900491795,9.732063352374066
9.732807592047498,9.732900150758281,9.732931003758877,9.732900150758281,9.732807592047498
9.733606470857376,9.733699040939698,9.733729897730825,9.733699040939698,9.733606470857376
9.734459995957959,9.73455257819048,9.734583439031697,9.73455257819048,9.734459995957959
9.73536817499566,9.735460770157223,9.735491635308144,9.735460770157223,9.73536817499566
9.736331016109142,9.736423624978794,9.736454494699101,9.736423624978794,9.736331016109142
9.73734852792947,9.737441151286458,9.737472025835903,9.737441151286458,9.73734852792947
9.738420719580219,9.738513358204015,9.738544237842424,9.738513358204015,9.738420719580219
9.739547600677636,9.739640255347947,9.739671140335224,9.739640255347947,9.739547600677636
9.74072918133079,9.740821852827565,9.740852743423694,9.740821852827565,9.74072918133079
9.74196547214172,9.74205816124517,9.74208905771022,9.74205816124517,9.74196547214172
9.743256484205608,9.743349191696208,9.74338009429034,9.743349191696208,9.743256484205608
9.744602229110953,9.744694955769459,9.744725864752928,9.744694955769459,9.744602229110953
9.746002718939751,9.746095465547214,9.746126381180371,9.746095465547214,9.746002718939751
9.747457966267685,9.747550733605461,9.74758165614876,9.747550733605461,9.747457966267685
9.748967984164322,9.749060773014083,9.749091702728082,9.749060773014083,9.748967984164322
9.75053278619332,9.750625597337066,9.750656534482431,9.750625597337066,9.75053278619332
9.75215238641263,9.752245220632703,9.75227616547022,9.752245220632703,9.75215238641263
9.753826799374734,9.75391965745383,9.753950610244397,9.75391965745383,9.753826799374734
9.755556040126862,9.755648922848037,9.755679883852673,9.755648922848037,9.755556040126862
9.757340124211222,9.757433032357914,9.757464001837768,9.757433032357914,9.757340124211222
9.759179067665261,9.75927200202129,9.759302980237639,9.75927200202129,9.759179067665261
9.761072887021896,9.761165848371494,9.761196835585745,9.761165848371494,9.761072887021896
9.763021599309793,9.763114588437594,9.763145584911294,9.763114588437594,9.763021599309793
9.765025222053618,9.765118239744684,9.765149245739526,9.765118239744684,9.765025222053618
9.767083773274322,9.767176820314155,9.76720783609197,9.767176820314155,9.767083773274322
9.769197271489416,9.769290348663963,9.769321374486736,9.769290348663963,9.769197271489416
9.771365735713267,9.771458843808936,9.771489879938809,9.771458843808936,9.771365735713267
9.773589185457393,9.77368232526107,9.773713371960334,9.77368232526107,9.773589185457393
9.775867640730775,9.775960813029824,9.775991870560937,9.775960813029824,9.775867640730775
9.778201122040151,9.778294327622442,9.778325396248025,9.778294327622442,9.778201122040151
9.780589650390368,9.78068289004427,9.780713970027119,9.78068289004427,9.780589650390368
9.783033247284687,9.783126521799097,9.783157613402176,9.783126521799097,9.783033247284687
9.785531934725128,9.785625244889475,9.78565634837593,9.785625244889475,9.785531934725128
9.78808573521282,9.788179081817077,9.788210197450235,9.788179081817077,9.78808573521282
9.790694671748344,9.790788055583043,9.790819183626414,9.790788055583043,9.790694671748344
9.7933587678321,9.793452189688345,9.793483330405634,9.793452189688345,9.7933587678321
9.796078047464677,9.796171508134153,9.796202661789254,9.796171508134153,9.796078047464677
9.798852535147228,9.798946035422208,9.798977202279215,9.798946035422208,9.798852535147228
9.801682255881841,9.801775796555217,9.801806976878428,9.801775796555217,9.801682255881841
9.804567235171962,9.804660817037231,9.804692011091147,9.804660817037231,9.804567235171962
9.807507499022762,9.807601122874061,9.807632330923393,9.807601122874061,9.807507499022762
9.810503073941563,9.81059674057367,9.810627962883348,9.81059674057367,9.810503073941563
9.813553986938254,9.813647697146598,9.813678933981766,9.813647697146598,9.813553986938254
9.816660265525705,9.816754020106387,9.816785271732414,9.816754020106387,9.816660265525705
9.819821937720203,9.819915737470001,9.819947004152482,9.819915737470001,9.819821937720203
9.8230390320419,9.823132877758287,9.823164159763046,9.823132877758287,9.8230390320419
9.826311577515252,9.826405469996402,9.826436767589499,9.826405469996402,9.826311577515252
9.82963960366947,9.829733543714276,9.82976485716201,9.829733543714276,9.82963960366947
9.833023140538996,9.83311712894708,9.833148458515991,9.83311712894708,9.833023140538996
9.836462218663963,9.836556256235685,9.836587602192566,9.836556256235685,9.836462218663963
9.839956869090683,9.840050956627158,9.840082319239043,9.840050956627158,9.839956869090683
9.843507123372124,9.843601261675236,9.843632641209423,9.843601261675236,9.843507123372124
9.847113013568421,9.847207203440826,9.847238600164872,9.847207203440826,9.847113013568421
9.850774572247362,9.850868814492513,9.850900228674234,9.850868814492513,9.850774572247362
9.854491832484912,9.85458612790706,9.85461755981454,9.85458612790706,9.854491832484912
9.858264827865725,9.858359177269937,9.858390627171538,9.858359177269937,9.858264827865725
9.862093592483676,9.86218799667585,9.862219464840203,9.862187996675852,9.862093592483676
9.865978160942392,9.866072620729263,9.866104107425283,9.86607262072927,9.865978160942392
9.8699185683558,9.87001308454495,9.870044590041841,9.870013084544969,9.8699185683558
9.873914850348674,9.874009423748541,9.874040948315809,9.874009423748614,9.873914850348674
9.877967043057202,9.878061674477044,9.878093218384535,9.878061674477314,9.877967043057202
9.882075183129542,9.882169873379315,9.882201436897379,9.882169873380317,9.882075183129542
9.886239307726415,9.886334057616235,9.886365641016248,9.88633405761998,9.886239307726415
9.890459454521661,9.890554264859826,9.89058586841622,9.890554264873805,9.890459454521661
9.894735661702864,9.894830533288367,9.894862157286104,9.894830533340532,9.894735661702864
9.899067967971932,9.899162901566513,9.899194546329062,9.899162901761201,9.899067967971929
9.903456412545692,9.903551408769555,9.903583074763194,9.903551409496147,9.903456412545678
9.907901035156478,9.907996094099026,9.908027782322106,9.907996096810718,9.907901035156424
9.912401876052435,9.91249699581982,9.912528709255213,9.91249700594005,9.91240187605224
9.916958975996398,9.9170541472924,9.917085896326526,9.91705418506182,9.91695897599567
9.921572376256025,9.921667562166864,9.921699384804514,9.921667703125031,9.921572376253312
9.926242118542687,9.92633717914698,9.926369216399912,9.92633770521292,9.92624211853256
9.930968244649877,9.931062655975634,9.931095432900179,9.931064619291273,9.930968244612073
9.93575079433423,9.935842601339678,9.935878074035715,9.935849928573806,9.935750794193114
9.94058979293089,9.940671712756796,9.94071716504008,9.940699058517666,9.940589792404142
9.94548517905114,9.945530121042939,9.945612644142289,9.945632177374861,9.94548517708492
9.950436382736065,9.950343775106855,9.950563939956963,9.950724656624313,9.950436375396638
9.947919472964909,9.954837481122588,9.95556750832657,9.956258958141772,9.947970493793388
