2.3716453997922935,2.3716593844222817,2.3716692535664827,2.3716593844222817,2.3716453997922935
2.3716314151623057,2.371661022490215,2.3716708916615508,2.371661022490215,2.3716314151623057
2.3716692526050918,2.3716988609681464,2.3717087304845346,2.3716988609681464,2.3716692526050918
2.3717432905124807,2.3717729008644683,2.3717827710438426,2.3717729008644683,2.3717432905124807
2.37185353063795,2.3718831439327546,2.371893015093081,2.3718831439327546,2.37185353063795
2.3719999754801866,2.372029592671835,2.3720394651311265,2.372029592671835,2.3719999754801866
2.3721826282831997,2.372212250325905,2.372222124402238,2.372212250325905,2.3721826282831997
2.3724014930364636,2.372431120884671,2.372440996896196,2.372431120884671,2.3724014930364636
2.372656574475088,2.3726862090835183,2.3726960873484817,2.3726862090835183,2.372656574475088
2.3729478780800384,2.3729775204037313,2.3729874012404824,2.3729775204037313,2.3729478780800384
2.373275410078366,2.373305061072729,2.373314944799742,2.373305061072729,2.373275410078366
2.3736391774434984,2.3736688380643463,2.3736787250002296,2.3736688380643463,2.3736391774434984
2.3740391878955394,2.3740688590991432,2.374078749562659,2.3740688590991432,2.3740391878955394
2.374475449901624,2.3745051326447504,2.3745150269548256,2.3745051326447504,2.374475449901624
2.374947972676283,2.374977667916247,2.37498756639199,2.374977667916247,2.374947972676283
2.3754567661818706,2.3754864748765723,2.3754963778372877,2.3754864748765723,2.3754567661818706
2.3760018411289967,2.3760315642369707,2.3760414720021736,2.3760315642369707,2.3760018411289967
2.3765832089770154,2.376612947457473,2.376622860346905,2.376612947457473,2.3765832089770154
2.377200881934532,2.3772306367474076,2.3772405550810523,2.3772306367474076,2.377200881934532
2.377854872959954,2.37788464506595,2.3778945691640443,2.37788464506595,2.377854872959954
2.37854519576207,2.3785749861226995,2.3785849163057518,2.3785749861226995,2.37854519576207
2.379271864800663,2.379301674378296,2.379311610967102,2.379301674378296,2.379271864800663
2.3800348952871637,2.3800647250450715,2.3800746683607255,2.3800647250450715,2.3800348952871637
2.380834303185322,2.3808641540877247,2.3808741044516375,2.3808641540877247,2.380834303185322
2.381670105211936,2.3816999782240424,2.381709935957954,2.3816999782240424,2.381670105211936
2.3825423188375905,2.3825722149256485,2.3825821803516463,2.3825722149256485,2.3825423188375905
2.3834509622874496,2.3834808824187856,2.383490855859316,2.3834808824187856,2.3834509622874496
2.384396054542068,2.384425999685136,2.38443598146302,2.384425999685136,2.384396054542068
2.3853776153382427,2.3854075864626676,2.38541757690112,2.3854075864626676,2.3853776153382427
2.3863956651699034,2.386425663246526,2.3864356626691636,2.386425663246526,2.3863956651699034
2.387450225289027,2.38748025128995,2.3874902600208117,2.38748025128995,2.387450225289027
2.3885413177065913,2.388571372605224,2.3885813909687834,2.388571372605224,2.3885413177065913
2.3896689651935645,2.3896990499646678,2.389709078285849,2.3896990499646678,2.3896689651935645
2.390833191281926,2.3908633069016565,2.3908733455058506,2.3908633069016565,2.390833191281926
2.39203402026572,2.3920641677116774,2.3920742169247546,2.3920641677116774,2.39203402026572
2.3932714772021466,2.3933016574534176,2.393311717601744,2.3933016574534176,2.3932714772021466
2.394545587912685,2.394575801949889,2.3945858733603425,2.394575801949889,2.394545587912685
2.3958563789842517,2.3958866277895856,2.395896710789569,2.3958866277895856,2.3958563789842517
2.3972038777703912,2.3972341623276754,2.3972442572451342,2.3972341623276754,2.3972038777703912
2.398588112392505,2.3986184336872287,2.3986285408506633,2.3986184336872287,2.398588112392505
2.4000091117411064,2.400039470760474,2.400049590498957,2.400039470760474,2.4000091117411064
2.401466905477123,2.401497303210098,2.4015074358532873,2.401497303210098,2.401466905477123
2.402961524033219,2.40299196147057,2.403002107348727,2.40299196147057,2.402961524033219
2.4044929986151615,2.4045234767495094,2.4045336361935115,2.4045234767495094,2.4044929986151615
2.4060613612032173,2.4060918810290794,2.4061020543704377,2.4060918810290794,2.4060613612032173
2.407666644553589,2.4076972070674243,2.407707394638295,2.4076972070674243,2.407666644553589
2.4093088821998734,2.409339488400131,2.4093496905333356,2.409339488400131,2.4093088821998734
2.4109881084545712,2.411018759341734,2.41102897637077,2.411018759341734,2.4109881084545712
2.412704358410617,2.4127350549872473,2.412745287246308,2.4127350549872473,2.412704358410617
2.4144576679429526,2.414488411213741,2.4144986590377266,2.414488411213741,2.4144576679429526
2.416248073710131,2.416278864681939,2.4162891284064756,2.416278864681939,2.416248073710131
2.4180756131559566,2.418106452837865,2.4181167327993163,2.418106452837865,2.4180756131559566
2.4199403245111575,2.419971213914512,2.4199815104499978,2.419971213914512,2.4199403245111575
2.4218422467950975,2.4218731869335546,2.4218835003809644,2.4218731869335546,2.4218422467950975
2.4237814198175176,2.423812411707092,2.423822742405102,2.423812411707092,2.4237814198175176
2.425757884180317,2.4257889288394265,2.4257992771275143,2.4257889288394265,2.425757884180317
2.4277716812793635,2.427802779728877,2.4278131459473364,2.427802779728877,2.4277716812793635
2.4298228533063466,2.429854006569631,2.429864391059588,2.429854006569631,2.4298228533063466
2.431911443250659,2.4319426523536225,2.4319530554570523,2.4319426523536225,2.431911443250659
2.434037494901314,2.4340687608724574,2.4340791829321975,2.4340687608724574,2.434037494901314
2.4362010528489018,2.4362323767193628,2.43624281807913,2.4362323767193628,2.4362010528489018
2.4384021624875767,2.4384335452911774,2.4384440062955837,2.4384335452911774,2.4384021624875767
2.440640870017084,2.4406723127903778,2.440682793784945,2.4406723127903778,2.440640870017084
2.442917222444818,2.442948726227136,2.442959227558313,2.442948726227136,2.442917222444818
2.4452312675879155,2.445262833421416,2.4452733554365933,2.445262833421416,2.4452312675879155
2.4475830540753907,2.4476146830051033,2.4476252260526286,2.4476146830051033,2.4475830540753907
2.4499726313502967,2.4500043244241727,2.4500148888533673,2.4500043244241727,2.4499726313502967
2.4524000496719305,2.4524318079408873,2.452442394102062,2.4524318079408873,2.4524000496719305
2.4548653601180677,2.4548971846360397,2.45490779288051,2.4548971846360397,2.4548653601180677
2.457368614587236,2.4574005064112203,2.457411137091323,2.4574005064112203,2.457368614587236
2.459909865801025,2.4599418259911285,2.459952479460239,2.4599418259911294,2.459909865801025
2.4624891673064306,2.4625211969259184,2.462531873538463,2.4625211969259233,2.4624891673064306
2.4651065734782343,2.4651386735935743,2.465149373705054,2.465138673593591,2.4651065734782343
2.4677621395214184,2.4677943112023213,2.467805035169334,2.467794311202386,2.4677621395214184
2.4704559214736213,2.470488165793053,2.4704989139733455,2.470488165793294,2.4704559214736213
2.473187976207626,2.473220294241728,2.4732310669943383,2.473220294242628,2.473187976207626
2.4759583614338814,2.4759907542615345,2.4760015519472964,2.475990754264895,2.475958361433881
2.478767135703067,2.4787996044041414,2.4788104273874962,2.4787996044166816,2.4787671357030665
2.481614358408689,2.481646904057371,2.4816577527131054,2.4816469041041724,2.4816143584086876
2.4845000897897136,2.4845327134294752,2.484543588167818,2.48453271360414,2.4845000897897074
2.487424390933238,2.4874570934832834,2.487467994843519,2.487457094135147,2.4874243909332154
2.490387323777191,2.4904201056831887,2.490431034682979,2.4904201081160036,2.490387323777105
2.4933889511130127,2.493421811043558,2.493432770482498,2.493421820123039,2.4933889511126917
2.4964293365880086,2.496462266570032,2.4964732658941373,2.4964623004554687,2.4964293365868095
2.4995085447054093,2.4995415119717626,2.499552585425304,2.4995416384352516,2.4995085447009315
2.5026266408101585,2.5026595200693884,2.502670794422779,2.502659992042478,2.5026266407934346
2.505783690988644,2.5058160117448476,2.5058279589658845,2.505817773190789,2.5057836909261852
2.508979761456636,2.5090097655396244,2.509024145229883,2.509016339414062,2.5089797612233693
2.5122149149263473,2.5122360423460943,2.5122594157614535,2.5122605766360295,2.5122149140551526
2.5154891892257387,2.515476981930243,2.515533807756211,2.51556854610488,2.5154891859720157
2.5188024719504676,2.5186658074276496,2.518847206435589,2.5190075331576813,2.5188024597984366
2.517117361020158,2.5215534987513166,2.5221986070144338,2.5228288499014977,2.5171631309469835
