2.3596801066911777,2.359693983773326,2.359703749270206,2.359693983773326,2.3596801066911777
2.359666229609029,2.35969552599444,2.3597052915175016,2.35969552599444,2.359666229609029
2.359703748318991,2.3597330457284693,2.359742811592891,2.3597330457284693,2.359703748318991
2.3597772445970944,2.3598065439762097,2.359816310497185,2.3598065439762097,2.3597772445970944
2.359886720184984,2.3599160224794,2.359925789972155,2.3599160224794,2.359886720184984
2.3600321775652735,2.360061483720796,2.360071252500604,2.360061483720796,2.3600321775652735
2.36021361996166,2.3602429309242794,2.3602527013064742,2.3602429309242794,2.36021361996166
2.3604310513390567,2.3604603680549925,2.360470140354985,2.3604603680549925,2.3604310513390567
2.3606844764037707,2.3607137998195142,2.3607235743528063,2.3607137998195142,2.3606844764037707
2.3609739006037005,2.3610032316660625,2.3610130087482606,2.3610032316660625,2.3609739006037005
2.3612993301285807,2.3613286697847315,2.361338449731564,2.3613286697847315,2.3612993301285807
2.361660771910246,2.361690121107763,2.3616999042350932,2.361690121107763,2.361660771910246
2.3620582336229394,2.362087593309848,2.3620973799336897,2.362087593309848,2.3620582336229394
2.362491723683644,2.362521094808466,2.362530885244995,2.362521094808466,2.362491723683644
2.362961251252454,2.3629906347642473,2.3630004293298223,2.3629906347642473,2.362961251252454
2.363466826232974,2.3634962230813805,2.363506022092552,2.3634962230813805,2.363466826232974
2.3640084592727546,2.3640378704080427,2.3640476741815712,2.3640378704080427,2.3640084592727546
2.3645861617637594,2.3646155881368682,2.364625396989738,2.3646155881368682,2.3645861617637594
2.365199945842866,2.3652293884054494,2.365239202654882,2.3652293884054494,2.365199945842866
2.365849824392394,2.3658792840968665,2.3658891040603387,2.3658792840968665,2.365849824392394
2.366535811040677,2.366565288840257,2.366575114835512,2.366565288840257,2.366535811040677
2.367257920162658,2.367287417011412,2.3672972493564757,2.367287417011412,2.367257920162658
2.3680161668805204,2.368045683733408,2.3680555227466042,2.368045683733408,2.3680161668805204
2.3688105670643536,2.368840104877271,2.368849950877237,2.368840104877271,2.3688105670643536
2.36964113733285,2.3696706970626757,2.369680550368375,2.3696706970626757,2.36964113733285
2.370507895054037,2.370537477658675,2.3705473385894127,2.370537477658675,2.370507895054037
2.371410858346037,2.3714404647844614,2.371450333659901,2.3714404647844614,2.371410858346037
2.3723500460778664,2.3723796773101684,2.3723895544503426,2.3723796773101684,2.3723500460778664
2.373325477870266,2.373355134857695,2.3733650205830257,2.373355134857695,2.373325477870266
2.3743371740965618,2.3743668578015713,2.3743767524328803,2.3743668578015713,2.3743371740965618
2.3753851558835604,2.375414867269854,2.37542477112838,2.375414867269854,2.3753851558835604
2.376469445112481,2.376499185145054,2.376509098552467,2.376499185145054,2.376469445112481
2.377590064419912,2.3776198340651002,2.3776297573435157,2.3776198340651002,2.377590064419912
2.378747037198813,2.378776837424334,2.3787867708963293,2.378776837424334,2.378747037198813
2.3799403875995386,2.379970219374538,2.379980163363165,2.379970219374538,2.3799403875995386
2.3811701405309007,2.3812000048259967,2.3812099596548,2.3812000048259967,2.3811701405309007
2.382436321661266,2.3824662194485944,2.3824761854416234,2.3824662194485944,2.382436321661266
2.383738957419681,2.3837688896729414,2.383778867154767,2.3837688896729414,2.383738957419681
2.38507807499704,2.3851080426915368,2.385118031987264,2.3851080426915368,2.38507807499704
2.3864537023472705,2.3864837064599627,2.3864937078952497,2.3864837064599627,2.3864537023472705
2.3878658681885714,2.3878959096981145,2.3879059235991833,2.3878959096981145,2.3878658681885714
2.38931460200467,2.3893446818914628,2.3893547085851177,2.3893446818914628,2.38931460200467
2.3907999340461186,2.3908300532923477,2.3908400931059886,2.3908300532923477,2.3907999340461186
2.3923218953316265,2.3923520549213104,2.3923621081829474,2.3923520549213104,2.3923218953316265
2.393880517649418,2.3939107185684545,2.393920785606725,2.3939107185684545,2.393880517649418
2.3954758335586317,2.395506076794843,2.3955161579390247,2.395506076794843,2.3954758335586317
2.397107876390753,2.397138162933929,2.397148258513957,2.397138162933929,2.397107876390753
2.398776680251074,2.3988070110930195,2.398817121439499,2.3988070110930195,2.398776680251074
2.400482280020193,2.400512656154773,2.4005227815989976,2.400512656154773,2.400482280020193
2.402224711355548,2.4022551337787323,2.4022652746526956,2.4022551337787323,2.402224711355548
2.4040040106929776,2.4040344804028893,2.404044637039303,2.4040344804028893,2.4040040106929776
2.405820215248326,2.4058507332452836,2.405860905977592,2.4058507332452836,2.405820215248326
2.4076733630190743,2.407703930305639,2.407714119468033,2.407703930305639,2.4076733630190743
2.409563492786006,2.4095941103670273,2.4096043162944625,2.4095941103670273,2.409563492786006
2.4114906441149113,2.411521312997575,2.411531536025783,2.411521312997575,2.4114906441149113
2.4134548573583223,2.413485578552193,2.413495819017701,2.413485578552193,2.4134548573583223
2.415456173657283,2.4154869481743533,2.4154972064144955,2.4154869481743533,2.415456173657283
2.4174946349431545,2.4175254637978885,2.417535740150824,2.4175254637978885,2.4174946349431545
2.4195702839394513,2.419601168148833,2.4196114629535614,2.419601168148833,2.4195702839394513
2.4216831641637175,2.421714104747296,2.421724418343671,2.421714104747296,2.4216831641637175
2.4238333199294324,2.423864317909368,2.4238746506381146,2.423864317909368,2.4238333199294324
2.426020796347953,2.426051852749065,2.4260622049517937,2.426051852749065,2.426020796347953
2.4282456393304916,2.4282767551803035,2.4282871271995266,2.4282767551803035,2.4282456393304916
2.430507895590126,2.430539071918913,2.4305494640980596,2.430539071918913,2.430507895590126
2.4328076126438467,2.432838850484682,2.432849263168115,2.432838850484682,2.4328076126438467
2.435144838814636,2.4351761392034392,2.435186572736469,2.4351761392034392,2.435144838814636
2.437519623233589,2.4375509872091685,2.43756144193807,2.4375509872091685,2.437519623233589
2.4399320158420563,2.439963444446162,2.439973920718189,2.439963444446162,2.4399320158420563
2.4423820673938357,2.4424135616712035,2.442424059834606,2.4424135616712035,2.4423820673938357
2.4448698294573936,2.444901390455791,2.4449119108598296,2.4449013904557915,2.4448698294573936
2.447395354418116,2.4474269831883926,2.4474375261833554,2.447426983188394,2.447395354418116
2.449958695480604,2.4499903930767353,2.4500009590139546,2.449990393076742,2.449958695480604
2.4525599066710004,2.4525916741501335,2.4526022633820044,2.452591674150157,2.4525599066710004
2.45519904283935,2.455230881261837,2.4552414941418466,2.455230881261926,2.45519904283935
2.457876159661998,2.4579080700913987,2.4579187069741883,2.4579080700917277,2.457876159661998
2.4605913136440236,2.4606232971469746,2.4606339583885335,2.4606232971482025,2.4605913136440236
2.4633445621217076,2.4633766197673137,2.463387305725652,2.463376619771897,2.4633445621217076
2.4661359632650375,2.466168096122464,2.4661788071600856,2.4661680961395707,2.466135963265037
2.468965576080249,2.468997785209603,2.4690085217026865,2.468997785273446,2.4689655760802465
2.4718334604123937,2.471865746830573,2.4718765092031867,2.4718657470688417,2.4718334604123853
2.474739676947922,2.4747720415010543,2.4747828303527775,2.4747720423902932,2.474739676947891
2.4776842872171367,2.4777167301045546,2.4777275466865483,2.4777167334232746,2.47768428721702
2.480667353595711,2.480699872594318,2.4807107205849652,2.48069988498008,2.4806673535952743
2.4836889393005412,2.4837215231439496,2.4837324152695466,2.483721569368725,2.48368893929891
2.4867491083520874,2.486781712056489,2.4867926947645627,2.48678188457151,2.4867491083459963
2.48984792534025,2.489880378326016,2.489891623660536,2.4898810221675944,2.4898479253175005
2.4929854540413654,2.4930171184455476,2.4930292657223316,2.493019521320263,2.492985453956404
2.4961617493250396,2.4961902518516856,2.496205675762882,2.496199219596444,2.496161749007732
2.499376809899847,2.4993933501137673,2.4994208522657972,2.499426818544777,2.49937680871478
2.502630302618955,2.502602382873952,2.502674461234755,2.5027272900733264,2.5026302981929804
2.5059199546202926,2.5057283242503092,2.5059642266499917,2.5061944891735006,2.5059199380900843
2.504239034063616,2.508443649864909,2.5092765493141025,2.5101834193764154,2.5043014711167535
