3.416621130136922,3.416624586936735,3.4166297929756575,3.416624586936735,3.416621130136922
3.4166176733371088,3.416633291498978,3.4166384975629036,3.416633291498978,3.4166176733371088
3.416629792889552,3.416645411155855,3.4166506172545916,3.416645411155855,3.416629792889552
3.4166453275300306,3.416660945930194,3.4166661520735513,3.416660945930194,3.4166453275300306
3.4166642772877935,3.4166798958512445,3.4166851020490308,3.4166798958512445,3.4166642772877935
3.416686642198512,3.4167022609546764,3.4167074672167006,3.4167022609546764,3.416686642198512
3.416712422304275,3.4167280412825827,3.416733247618655,3.4167280412825827,3.416712422304275
3.4167416176536007,3.416757236883478,3.4167624433034076,3.416757236883478,3.4167416176536007
3.4167742283014215,3.4167898478123,3.4167950543258963,3.4167898478123,3.4167742283014215
3.4168102543090972,3.416825874130407,3.416831080747481,3.416825874130407,3.4168102543090972
3.4168496957444106,3.4168653159055817,3.4168705226359433,3.4168653159055817,3.4168496957444106
3.416892552681563,3.41690817321203,3.4169133800654903,3.41690817321203,3.416892552681563
3.416938825201185,3.4169544461303807,3.4169596531167503,3.4169544461303807,3.416938825201185
3.4169885133903284,3.417004134747687,3.4170093418767795,3.417004134747687,3.4169885133903284
3.4170416173424685,3.4170572391574283,3.417062446439054,3.4170572391574283,3.4170416173424685
3.4170981371575078,3.4171137594595073,3.4171189669034794,3.4171137594595073,3.4170981371575078
3.417158072941774,3.4171736957602517,3.4171789033763837,3.4171736957602517,3.417158072941774
3.41722142480802,3.4172370481724172,3.417242255970524,3.4172370481724172,3.41722142480802
3.417288192875425,3.417303816815186,3.417309024805081,3.417303816815186,3.417288192875425
3.4173583772695983,3.417374001814168,3.4173792100056666,3.417374001814168,3.4173583772695983
3.4174319781225737,3.4174476033014005,3.417452811704318,3.4174476033014005,3.4174319781225737
3.417508995572817,3.4175246214153496,3.417529830039503,3.4175246214153496,3.417508995572817
3.4175894297652207,3.4176050563009115,3.4176102651561187,3.4176050563009115,3.4175894297652207
3.4176732808511106,3.4176889081094135,3.417694117205491,3.4176889081094135,3.4176732808511106
3.4177605489882423,3.417776176998613,3.417781386345381,3.417776176998613,3.4177605489882423
3.4178512343408025,3.4178668631327014,3.4178720727399794,3.4178668631327014,3.4178512343408025
3.4179453370794124,3.4179609666823,3.417966176559909,3.4179609666823,3.4179453370794124
3.4180428573811263,3.4180584878244673,3.4180636979822285,3.4180584878244673,3.4180428573811263
3.4181437954294327,3.4181594267426956,3.418164637190431,3.4181594267426956,3.4181437954294327
3.418248151414259,3.4182637836269127,3.418268994374446,3.4182637836269127,3.418248151414259
3.4183559255319658,3.4183715586734844,3.4183767697306395,3.4183715586734844,3.4183559255319658
3.4184671179853527,3.4184827520852124,3.4184879634618164,3.4184827520852124,3.4184671179853527
3.4185817289836606,3.418597364071341,3.4186025757772187,3.418597364071341,3.4185817289836606
3.4186997587425685,3.418715394847552,3.418720606892532,3.418715394847552,3.4186997587425685
3.4188212074841964,3.4188368446359707,3.418842057029882,3.4188368446359707,3.4188212074841964
3.418946075437108,3.4189617136651624,3.418966926417834,3.4189617136651624,3.418946075437108
3.4190743628363114,3.4190900021701394,3.419095215291404,3.4190900021701394,3.4190743628363114
3.4192060699232587,3.4192217103923577,3.4192269238920465,3.4192217103923577,3.4192060699232587
3.4193411969458496,3.41935683857972,3.419362052467667,3.41935683857972,3.4193411969458496
3.4194797441584295,3.419495386986578,3.419500601272618,3.419495386986578,3.4194797441584295
3.4196217118217964,3.4196373558737303,3.419642570567701,3.4196373558737303,3.4196217118217964
3.4197671002031957,3.419782745508429,3.419787960620167,3.419782745508429,3.4197671002031957
3.4199159095763263,3.4199315561643764,3.4199367717037217,3.4199315561643764,3.4199159095763263
3.4200681402213413,3.42008378812173,3.4200890040985223,3.42008378812173,3.4200681402213413
3.420223792424848,3.420239441667102,3.420244658091184,3.420239441667102,3.420223792424848
3.420382866479912,3.4203985170935614,3.4204037339747764,3.4203985170935614,3.420382866479912
3.420545362686054,3.4205610147006347,3.4205662320488277,3.4205610147006347,3.420545362686054
3.420711281349258,3.4207269347943097,3.420732152619328,3.4207269347943097,3.420711281349258
3.4208806227819686,3.420896277687036,3.420901495998728,3.420896277687036,3.4208806227819686
3.4210533873030924,3.4210690436977256,3.4210742625059405,3.4210690436977256,3.4210533873030924
3.4212295752380024,3.4212452331517564,3.4212504524663467,3.4212452331517564,3.4212295752380024
3.421409186918539,3.4214248463809738,3.421430066211792,3.4214248463809738,3.421409186918539
3.4215922226830093,3.42160788372369,3.4216131040805924,3.42160788372369,3.4215922226830093
3.421778682876193,3.421794345524691,3.4217995664175325,3.421794345524691,3.421778682876193
3.421968567849341,3.421984232135231,3.4219894535738726,3.421984232135231,3.421968567849341
3.4221618779601797,3.422177543913043,3.4221827659073436,3.422177543913043,3.4221618779601797
3.4223586135729085,3.4223742812223343,3.4223795037821576,3.4223742812223343,3.4223586135729085
3.4225587750582105,3.42257444443379,3.422579667568999,3.42257444443379,3.4225587750582105
3.422762362793245,3.422778033924577,3.422783257645039,3.422778033924577,3.422762362793245
3.422969377161655,3.4229850500783443,3.4229902743939267,3.4229850500783443,3.422969377161655
3.423179818553567,3.423195493285225,3.4232007182057984,3.423195493285225,3.423179818553567
3.4233936873655955,3.423409363941838,3.4234145894772743,3.423409363941838,3.4233936873655955
3.423610984000842,3.423626662451293,3.4236318886114674,3.423626662451293,3.423610984000842
3.4238317088689025,3.423847389223191,3.423852616017979,3.423847389223191,3.4238317088689025
3.424055862385862,3.4240715446736227,3.424076772112905,3.4240715446736227,3.424055862385862
3.424283444974304,3.4242991292251808,3.424304357318835,3.4242991292251808,3.424283444974304
3.4245144570633075,3.4245301433069484,3.42453537206486,3.4245301433069484,3.4245144570633075
3.4247488990884536,3.424764587354514,3.4247698167865677,3.424764587354514,3.4247488990884536
3.4249867714918247,3.4250024618099677,3.4250076919260506,3.4250024618099677,3.4249867714918247
3.425228074722009,3.4252437671219043,3.425248997931906,3.4252437671219043,3.425228074722009
3.425472809234101,3.4254885037454246,3.4254937352592383,3.4254885037454246,3.425472809234101
3.4257209754897073,3.4257366721421416,3.4257419043696613,3.4257366721421434,3.4257209754897073
3.425972573956943,3.4259882727801783,3.425993505731303,3.4259882727801845,3.425972573956943
3.4262276051104417,3.426243306134169,3.426248539818805,3.426243306134192,3.4262276051104417
3.426486069431353,3.4265017726852545,3.426507007113327,3.426501772685342,3.426486069431353
3.4267479674073478,3.4267636729210484,3.4267689081025487,3.4267636729213757,3.4267479674073478
3.4270132995326175,3.427029007335512,3.427034243280675,3.4270290073367335,3.4270132995326175
3.427282066307881,3.4272977764284773,3.4273030131484323,3.4272977764330363,3.427282066307881
3.4275542682403803,3.4275699807038635,3.427575218213075,3.42756998072088,3.4275542682403803
3.427829905843876,3.4278456206630215,3.4278508589883714,3.427845620726527,3.4278299058438755
3.428108979638563,3.4281246967798955,3.428129935994528,3.428124697016903,3.42810897963856
3.428391490150616,3.428407209408517,3.428412449757729,3.4284072102930407,3.4283914901506054
3.428677437909496,3.428693158438698,3.4286984008074377,3.4286931617397904,3.428677437909455
3.4289668234322246,3.4289825420167377,3.4289877896606558,3.428982554336613,3.428966823432071
3.4292596471316843,3.4292753518040007,3.4292806167301686,3.4292753977825154,3.4292596471311105
3.429555908782037,3.42957155547401,3.4295768817897385,3.4295717270685904,3.429555908779896
3.4298556044024298,3.429871032511697,3.4298765808570177,3.429871672912979,3.4298556043944393
3.43015870809213,3.4301733411469226,3.4301796880257913,3.430175731162987,3.430158708062308
3.430465066151308,3.4304768866228645,3.4304860495764835,3.430485806306419,3.430465066040006
3.4303087117853974,3.43077603910794,3.430794766806615,3.4308093279028986,3.430309906683283
