5.410894764439947,5.410930792152692,5.410971566495051,5.410930792152692,5.410894764439947
5.410858736727201,5.41098106059463,5.411021835552533,5.41098106059463,5.410858736727201
5.410971562839251,5.411093890897613,5.41113466725251,5.411093890897613,5.410971562839251
5.411146950715368,5.411269285309102,5.411310063842487,5.411269285309102,5.411146950715368
5.411384903972084,5.41150724744586,5.411548028939297,5.41150724744586,5.411384903972084
5.4116854275952875,5.411807782294088,5.411848567529252,5.411807782294088,5.4116854275952875
5.412048527940416,5.412170896209629,5.412211685968325,5.412170896209629,5.412048527940416
5.412474212732709,5.412596596918204,5.412637391982399,5.412596596918204,5.412474212732709
5.4129624910675,5.413084893515718,5.4131256946675705,5.413084893515718,5.4129624910675
5.413513373410572,5.4136357964686095,5.413676604490493,5.4136357964686095,5.413513373410572
5.414126871598556,5.414249317614254,5.414290133288796,5.414249317614254,5.414126871598556
5.4148029988394075,5.4149254701614264,5.414966294271524,5.4149254701614264,5.4148029988394075
5.41554176971289,5.415664268690808,5.415705102019663,5.415664268690808,5.41554176971289
5.416343200171161,5.416465729155549,5.416506572486697,5.416465729155549,5.416343200171161
5.417207307539371,5.417329868881889,5.417370722999227,5.417329868881889,5.417207307539371
5.4181341105163545,5.418256706569825,5.418297572257636,5.418256706569825,5.4181341105163545
5.419123629175332,5.419246262293832,5.419287140336821,5.419246262293832,5.419123629175332
5.420175884964698,5.420298557503643,5.420339448686958,5.420298557503643,5.420175884964698
5.421290900708843,5.421413615025075,5.421454520134341,5.421413615025075,5.421290900708843
5.422468700609039,5.42259145906091,5.4226323788822555,5.42259145906091,5.422468700609039
5.423709310244378,5.4238321151918365,5.42387305051192,5.4238321151918365,5.423709310244378
5.4250127565727535,5.425135610377429,5.4251765619834735,5.425135610377429,5.4250127565727535
5.426379067931905,5.4265019729571975,5.426542941637013,5.4265019729571975,5.426379067931905
5.42780827404052,5.42793123265168,5.427972219193693,5.42793123265168,5.42780827404052
5.429300405999365,5.429423420563589,5.429464425756876,5.429423420563589,5.429300405999365
5.430855496292513,5.4309785691790164,5.431019593813328,5.4309785691790164,5.430855496292513
5.43247357878857,5.432596712368689,5.432637757234481,5.432596712368689,5.43247357878857
5.43415468874201,5.434277885389275,5.434318951277733,5.434277885389275,5.43415468874201
5.435898862794521,5.436022124884749,5.436063212587825,5.436022124884749,5.435898862794521
5.437706138976428,5.437829468887809,5.437870579198244,5.437829468887809,5.437706138976428
5.439576556708161,5.439699956821347,5.4397410905327,5.439699956821347,5.439576556708161
5.441510156801783,5.441633629499966,5.441674787406649,5.441633629499966,5.441510156801783
5.44350698146256,5.443630529131573,5.44367171202887,5.443630529131573,5.44350698146256
5.445567074290605,5.445690699318993,5.445731908003097,5.445690699318993,5.445567074290605
5.447690480282547,5.447814185061667,5.447855420329711,5.447814185061667,5.447690480282547
5.4498772458332905,5.450001032757392,5.450042295407469,5.450001032757392,5.4498772458332905
5.452127418737792,5.45225129020411,5.45229258103531,5.45225129020411,5.452127418737792
5.454441048192922,5.45456500660176,5.454606326414192,5.45456500660176,5.454441048192922
5.456818184799361,5.456942232554179,5.45698358214901,5.456942232554179,5.456818184799361
5.45925888056356,5.459383020071066,5.4594244002505405,5.459383020071066,5.45925888056356
5.4617631888997495,5.4618874225699825,5.461928834137462,5.4618874225699825,5.4617631888997495
5.464331164632012,5.464455494878436,5.4644969386384155,5.464455494878436,5.464331164632012
5.466962863996396,5.467087293235986,5.467128769994135,5.467087293235986,5.466962863996396
5.469658344643101,5.469782875296428,5.469824385859617,5.469782875296428,5.469658344643101
5.4724176656387025,5.472542300130028,5.472583845306353,5.472542300130028,5.4724176656387025
5.47524088746844,5.475365628225802,5.475407208824624,5.475365628225802,5.47524088746844
5.478128072038568,5.478252921493869,5.478294538325828,5.478252921493869,5.478128072038568
5.481079282678731,5.481204243267834,5.481245897144898,5.481204243267834,5.481079282678731
5.484094584144446,5.4842196583072536,5.484261350042734,5.4842196583072536,5.484094584144446
5.487174042619587,5.487299232800137,5.487340963208725,5.487299232800137,5.487174042619587
5.490317725718956,5.490443034365514,5.4904848042633105,5.490443034365514,5.490317725718956
5.493525702490912,5.493651132056057,5.493692942260595,5.493651132056057,5.493525702490912
5.496798043420029,5.496923596360745,5.496965447691036,5.496923596360745,5.496798043420029
5.500134820429851,5.5002604992076165,5.50030239248416,5.5002604992076165,5.500134820429851
5.503536106885655,5.503661913966537,5.5037038500113695,5.503661913966537,5.503536106885655
5.507001977597317,5.507127915452058,5.507169895088771,5.507127915452058,5.507001977597317
5.510532508822197,5.51065857992631,5.510700603980085,5.51065857992631,5.510532508822197
5.514127778268106,5.5142539851019645,5.514296054399606,5.5142539851019645,5.514127778268106
5.517787865096321,5.517914210145248,5.517956325515207,5.517914210145248,5.517787865096321
5.521512849924648,5.521639335679013,5.521681497951423,5.521639335679013,5.521512849924648
5.525302814830562,5.525429443785867,5.525471653792575,5.525429443785867,5.525302814830562
5.529157843354381,5.529284618011358,5.529326876585955,5.529284618011358,5.529157843354381
5.533078020502516,5.53320494336722,5.533247251345065,5.53320494336722,5.533078020502516
5.537063432750771,5.537190506334668,5.537232864552928,5.537190506334668,5.537063432750771
5.541114168047699,5.541241394867764,5.541283804165447,5.541241394867764,5.541114168047699
5.5452303158180225,5.54535769839683,5.545400159614802,5.54535769839683,5.5452303158180225
5.549411966966103,5.549539507831922,5.549582021812952,5.549539507831922,5.549411966966103
5.553659213879473,5.553786915566363,5.553829483155149,5.553786915566363,5.553659213879473
5.557972150432436,5.558100015480337,5.558142637523537,5.558100015480337,5.557972150432436
5.562350871989703,5.562478902944534,5.562521580290799,5.562478902944534,5.562350871989703
5.566795475410113,5.566923674823863,5.56696640832387,5.566923674823864,5.566795475410113
5.571306059050392,5.571434429481216,5.571477219987696,5.57143442948122,5.571306059050392
5.575882722768981,5.576011266781295,5.5760541151490735,5.5760112667813155,5.575882722768981
5.580525567929924,5.580654288094487,5.580697195180521,5.580654288094562,5.580525567929924
5.585234697406812,5.585363596300782,5.585406562964239,5.585363596301064,5.585234697406812
5.590010215586785,5.590139295793665,5.5901823228961,5.590139295794717,5.590010215586785
5.594852228374601,5.5949814924837735,5.595024580889728,5.594981492487703,5.594852228374601
5.599760843196765,5.599890293801475,5.599933444380617,5.599890293816139,5.599760843196764
5.604736169005697,5.604865808695304,5.604909022330316,5.6048658087500325,5.604736169005695
5.6097783162839985,5.609908147614737,5.6099514252306735,5.609908147818992,5.609778316283988
5.614887397048734,5.615017422434379,5.615060765108133,5.615017423196679,5.614887397048695
5.620063524855741,5.6201937461593445,5.620237155528018,5.62019374900433,5.620063524855595
5.625306814803667,5.625437231813993,5.625480711598517,5.6254372424317785,5.62530681480312
5.630617383536021,5.630747988283478,5.630791549972517,5.630748027910169,5.630617383533978
5.635995349231122,5.636126104787334,5.6361697888367495,5.636126252678319,5.635995349223492
5.641440831519851,5.641571592953188,5.641615547826568,5.641572144897909,5.641440831491368
5.646953950977877,5.64708417080553,5.6471289475069835,5.647086230721325,5.6469539508715325
5.6525348261200365,5.652662457674111,5.65271010632547,5.652670145496723,5.652534825722992
5.658183555772076,5.658300975892336,5.658359122828682,5.658329667655851,5.658183554289665
5.663900115975319,5.663978998097161,5.664075971990396,5.664086078780492,5.663900110440545
5.6696837578577775,5.669619141509013,5.669859900940827,5.670018777899674,5.669683737192878
5.6667433041408914,5.674934104192403,5.675705906982294,5.676425589311425,5.666796823831899
