6.596489438077096,6.5965091534660845,6.5965269291586495,6.5965091534660845,6.596489438077096
6.5964697226881075,6.596523049796159,6.596540825548903,6.596523049796159,6.5964697226881075
6.596526928508921,6.596580256337502,6.596598032330422,6.596580256337502,6.596526928508921
6.596627444553654,6.5966807736427615,6.596698550055862,6.5966807736427615,6.596627444553654
6.596771271760259,6.5968246026499155,6.596842379663201,6.5968246026499155,6.596771271760259
6.596958411452022,6.597011744682279,6.597029522475767,6.597011744682279,6.596958411452022
6.59718886533758,6.597242201448527,6.597259980202252,6.597242201448527,6.59718886533758
6.597462635510954,6.597515975042729,6.597533754936736,6.597515975042729,6.597462635510954
6.597779724451574,6.597833067944374,6.597850849158728,6.597833067944374,6.597779724451574
6.5981401350243285,6.598193483018416,6.598211265733205,6.598193483018416,6.5981401350243285
6.598543870479604,6.598597223515313,6.598615007910656,6.598597223515313,6.598543870479604
6.598990934453341,6.5990442930710955,6.599062079327126,6.5990442930710955,6.598990934453341
6.599481330967088,6.5995346957073995,6.599552484004295,6.5995346957073995,6.599481330967088
6.600015064428072,6.6000684358315596,6.600086226349524,6.6000684358315596,6.600015064428072
6.600592139629267,6.6006455182366555,6.600663311155933,6.6006455182366555,6.600592139629267
6.601212561749469,6.601265948101604,6.601283743602478,6.601265948101604,6.601212561749469
6.601876336353382,6.601929730991245,6.601947529254041,6.601929730991245,6.601876336353382
6.602583469391716,6.602636872856413,6.602654674061505,6.602636872856413,6.602583469391716
6.60333396720126,6.6033873800340555,6.603405184361861,6.6033873800340555,6.60333396720126
6.604127836505011,6.604181259247319,6.604199066878314,6.604181259247319,6.604127836505011
6.604965084412266,6.605018517605668,6.605036328720379,6.605018517605668,6.604965084412266
6.605845718418739,6.605899162604991,6.605916977384004,6.605899162604991,6.605845718418739
6.606769746406688,6.6068232021277264,6.606841020751689,6.6068232021277264,6.606769746406688
6.60773717664504,6.607790644442994,6.607808467092614,6.607790644442994,6.60773717664504
6.608748017789517,6.608801498206715,6.608819325062774,6.608801498206715,6.608748017789517
6.609802278882786,6.609855772461769,6.609873603705111,6.609855772461769,6.609802278882786
6.610899969354602,6.610953476638126,6.6109713124496725,6.610953476638126,6.610899969354602
6.612041099021954,6.612094620553006,6.612112461113753,6.612094620553006,6.612041099021954
6.6132256780892344,6.613279214411039,6.61329705990206,6.613279214411039,6.6132256780892344
6.614453717148395,6.6145072688044175,6.614525119406874,6.6145072688044175,6.614453717148395
6.615725227179124,6.615778794713087,6.615796650608217,6.615778794713087,6.615725227179124
6.617040219549015,6.617093803504907,6.617111664874042,6.617093803504907,6.617040219549015
6.618398706013763,6.618452306935842,6.618470173960402,6.618452306935842,6.618398706013763
6.619800698717343,6.61985431715015,6.61987219001165,6.61985431715015,6.619800698717343
6.621246210192213,6.62129984668058,6.6213177255606315,6.62129984668058,6.621246210192213
6.622735253359513,6.622788908448573,6.622806793528888,6.622788908448573,6.622735253359513
6.624267841529277,6.6243215157644695,6.624339407226861,6.6243215157644695,6.624267841529277
6.625843988400644,6.625897682327727,6.625915580354117,6.625897682327727,6.625843988400644
6.627463708062081,6.6275174222271405,6.627535326999557,6.6275174222271405,6.627463708062081
6.629127014991611,6.629180749941071,6.629198661641657,6.629180749941071,6.629127014991611
6.630833924057052,6.630887680337677,6.630905599148688,6.630887680337677,6.630833924057052
6.632584450516246,6.632638228675159,6.63265615477897,6.632638228675159,6.632584450516246
6.6343786100173165,6.634432410601999,6.634450344181106,6.634432410601999,6.6343786100173165
6.636216418598912,6.636270242157222,6.636288183394246,6.636270242157222,6.636216418598912
6.638097892690476,6.6381517397706515,6.638169688848336,6.6381517397706515,6.638097892690476
6.6400230491125,6.640076920263171,6.640094877364395,6.640076920263171,6.6400230491125
6.641991905076807,6.642045800846999,6.642063766154775,6.642045800846999,6.641991905076807
6.644004478186824,6.644058399125976,6.644076372823447,6.644058399125976,6.644004478186824
6.6460607864378645,6.64611473309583,6.646132715366283,6.64611473309583,6.6460607864378645
6.648160848217422,6.648214821144484,6.648232812171349,6.648214821144484,6.648160848217422
6.650304682305471,6.650358682052346,6.650376682019196,6.650358682052346,6.650304682305471
6.652492307874763,6.652546334992616,6.6525643440831725,6.652546334992616,6.652492307874763
6.654723744491143,6.65477779953159,6.654795817929726,6.65477779953159,6.654723744491143
6.656999012113859,6.657053095628983,6.657071123518728,6.657053095628983,6.656999012113859
6.659318131095894,6.659372243638249,6.6593902812037875,6.659372243638249,6.659318131095894
6.661681122184288,6.661735264306907,6.6617533117325864,6.661735264306907,6.661681122184288
6.664088006520471,6.664142178776885,6.664160236247213,6.664142178776885,6.664088006520471
6.666538805640612,6.666593008584847,6.666611076284503,6.666593008584847,6.666538805640612
6.66903354147597,6.669087775662561,6.669105853776388,6.669087775662561,6.66903354147597
6.671572236353231,6.6716265023372365,6.671644591050256,6.6716265023372365,6.671572236353231
6.674154912994889,6.674209211331891,6.674227310829299,6.674209211331891,6.674154912994889
6.676781594519606,6.676835925765724,6.6768540362328945,6.676835925765724,6.676781594519606
6.679452304442578,6.679506669154479,6.67952479077697,6.679506669154479,6.679452304442578
6.68216706667593,6.682221465410837,6.6822395983743865,6.682221465410837,6.68216706667593
6.684925905529087,6.684980338844788,6.684998483335331,6.684980338844788,6.684925905529087
6.687728845709185,6.68778331416404,6.687801470367694,6.68778331416404,6.687728845709185
6.69057591232145,6.690630416474406,6.690648584577487,6.690630416474406,6.69057591232145
6.693467130869623,6.693521671280214,6.693539851469239,6.693521671280214,6.693467130869623
6.696402527256359,6.696457104484728,6.696475296946408,6.696457104484728,6.696402527256359
6.699382127783656,6.699436742390551,6.699454947311805,6.699436742390551,6.699382127783656
6.702405959153269,6.702460611700065,6.702478829268017,6.702460611700065,6.702405959153269
6.7054740484671544,6.705528739515849,6.705546969917837,6.705528739515849,6.7054740484671544
6.708586423227898,6.708641153341134,6.708659396764702,6.708641153341135,6.708586423227898
6.711743111339168,6.71179788108023,6.7118161377131464,6.711797881080237,6.711743111339168
6.714944141106159,6.714998951038989,6.715017221069244,6.714998951039014,6.714944141106159
6.718189541236057,6.718244391925246,6.718262675541067,6.718244391925337,6.718189541236057
6.721479340838494,6.721534232849242,6.721552530239156,6.721534232849583,6.721479340838494
6.724813569426035,6.724868503323978,6.724886814676982,6.724868503325251,6.724813569426035
6.728192256914635,6.728247233265177,6.728265558771435,6.728247233269927,6.728192256914635
6.731615433624137,6.731670452989918,6.7316887928432925,6.731670453007647,6.731615433624137
6.735083130278724,6.735138193210189,6.735156547617693,6.735138193276354,6.735083130278723
6.738595378007292,6.738650485007572,6.738668854224498,6.738650485254503,6.738595378007289
6.742152208343156,6.742207359737654,6.742225744197993,6.742207360659219,6.742152208343141
6.7457536532199365,6.74580884867364,6.745827249472781,6.745808852112985,6.74575365321988
6.749399744945127,6.749454981684545,6.7494734023573155,6.7494549945204145,6.749399744944913
6.753090516043466,6.753145782357306,6.753164235377201,6.753145830261662,6.753090516042669
6.756825998341388,6.756881250120325,6.756899780359335,6.756881428902702,6.756825998338415
6.760606217627525,6.760661295446944,6.760680063091344,6.7606619626751865,6.7606062176164246
6.764431162526841,6.7644855092258185,6.764505072191861,6.764487999367943,6.764431162485403
6.768300603073679,6.768352367294363,6.768374577670308,6.7683616606776535,6.768300602918994
6.772213033239645,6.7722566420688395,6.7722870734114835,6.7722913256205395,6.77221303266222
6.770245680476621,6.776181959517113,6.776233613511723,6.7763114009403544,6.770250326590094
