1.5819253427714124,1.5819256540488922,1.5819272090106145,1.5819283752334126,1.5819291527159958,1.5819295414575025,1.5819295414575025,1.5819291527159958,1.5819283752334126,1.5819272090106145,1.5819256540488922,1.5819253427714124
1.5819250314939326,1.5819269751928446,1.5819285301545571,1.5819296963773484,1.5819304738599265,1.5819308626014306,1.5819308626014306,1.5819304738599265,1.5819296963773484,1.5819285301545571,1.5819269751928446,1.5819250314939326
1.5819272090057908,1.5819291527240864,1.5819307077013054,1.5819318739357269,1.5819326514260583,1.5819330401714395,1.5819330401714395,1.5819326514260583,1.5819318739357269,1.5819307077013054,1.5819291527240864,1.5819272090057908
1.5819302429614908,1.581932186718566,1.5819337417268096,1.5819349079844987,1.5819356854903426,1.5819360742434796,1.5819360742434796,1.5819356854903426,1.5819349079844987,1.5819337417268096,1.581932186718566,1.5819302429614908
1.5819341335539694,1.581936077369222,1.5819376324240075,1.5819387987166038,1.5819395762457187,1.5819399650104913,1.5819399650104913,1.5819395762457187,1.5819387987166038,1.5819376324240075,1.581936077369222,1.5819341335539694
1.581938881093154,1.5819408249859845,1.5819423801028323,1.581943546441975,1.5819443240021211,1.5819447127824098,1.5819447127824098,1.5819443240021211,1.581943546441975,1.5819423801028323,1.5819408249859845,1.581938881093154
1.581944486005973,1.5819464299957844,1.5819479851902172,1.5819491515875486,1.5819499291864876,1.581950317986172,1.581950317986172,1.5819499291864876,1.5819491515875486,1.5819479851902172,1.5819464299957844,1.581944486005973
1.581950948836364,1.581952892942563,1.5819544482301064,1.5819556146972715,1.5819563923427657,1.5819567811657285,1.5819567811657285,1.5819563923427657,1.5819556146972715,1.5819544482301064,1.581952892942563,1.581950948836364
1.5819582702452866,1.5819602144872864,1.5819617698834705,1.581962936432116,1.5819637141319312,1.5819641029820541,1.5819641029820541,1.5819637141319312,1.581962936432116,1.5819617698834705,1.5819602144872864,1.5819582702452866
1.58196645101074,1.5819683954079582,1.5819699509283176,1.581971117570095,1.5819718953319977,1.5819722842131645,1.5819722842131645,1.5819718953319977,1.581971117570095,1.5819699509283176,1.5819683954079582,1.58196645101074
1.5819754920277802,1.5819774365996413,1.5819789922597152,1.581980159006279,1.5819809368380398,1.5819813257541353,1.5819813257541353,1.5819809368380398,1.581980159006279,1.5819789922597152,1.5819774365996413,1.5819754920277802
1.581985394308539,1.5819873390744752,1.58198889488981,1.5819900617528195,1.5819908396622104,1.5819912286171216,1.5819912286171216,1.5819908396622104,1.5819900617528195,1.58198889488981,1.5819873390744752,1.581985394308539
1.5819961589822504,1.5819981039617024,1.58199965994785,1.5820008269389696,1.582001604933768,1.5820019939313823,1.5820019939313823,1.582001604933768,1.5820008269389696,1.58199965994785,1.5819981039617024,1.5819961589822504
1.5820077872952762,1.5820097325076932,1.5820112886802138,1.5820124558111133,1.5820132338990982,1.5820136229433064,1.5820136229433064,1.5820132338990982,1.5820124558111133,1.5820112886802138,1.5820097325076932,1.5820077872952762
1.5820202806111332,1.582022226075975,1.5820237824504364,1.5820249497327916,1.5820257279217476,1.5820261170164407,1.5820261170164407,1.5820257279217476,1.5820249497327916,1.5820237824504364,1.582022226075975,1.5820202806111332
1.5820336404105269,1.5820355861472641,1.5820371427392423,1.582038310184736,1.5820390884824507,1.5820394776315239,1.5820394776315239,1.5820390884824507,1.582038310184736,1.5820371427392423,1.5820355861472641,1.5820336404105269
1.5820478682913837,1.5820498143194985,1.5820513711445803,1.5820525387649014,1.5820533171791682,1.5820537063865174,1.5820537063865174,1.5820533171791682,1.5820525387649014,1.5820513711445803,1.5820498143194985,1.5820478682913837
1.5820629659688898,1.5820649123078776,1.5820664693816577,1.5820676371885039,1.5820684157271208,1.582068804996645,1.582068804996645,1.5820684157271208,1.5820676371885039,1.5820664693816577,1.5820649123078776,1.5820629659688898
1.5820789352755285,1.582080881944897,1.582082439282983,1.5820836072880589,1.5820843859588292,1.58208477529443,1.58208477529443,1.5820843859588292,1.5820836072880589,1.582082439282983,1.582080881944897,1.5820789352755285
1.582095778161123,1.5820977251803954,1.582099282798405,1.5821004510134242,1.582101229824157,1.5821016192297397,1.5821016192297397,1.582101229824157,1.5821004510134242,1.582099282798405,1.5820977251803954,1.582095778161123
1.5821134966928811,1.5821154440815948,1.5821170019951585,1.5821181704318437,1.5821189493903545,1.5821193388698256,1.5821193388698256,1.5821189493903545,1.5821181704318437,1.5821170019951585,1.5821154440815948,1.5821134966928811
1.582132093055442,1.5821340408331506,1.5821355990579113,1.5821367677279952,1.5821375468421046,1.5821379363993757,1.5821379363993757,1.5821375468421046,1.5821367677279952,1.5821355990579113,1.5821340408331506,1.582132093055442
1.5821515695509254,1.5821535177371997,1.5821550762888141,1.5821562452040385,1.582157024481576,1.5821574141205608,1.5821574141205608,1.582157024481576,1.5821562452040385,1.5821550762888141,1.5821535177371997,1.5821515695509254
1.5821719285989848,1.5821738772134126,1.5821754361075513,1.5821766052796695,1.5821773847284697,1.5821777744530863,1.5821777744530863,1.5821773847284697,1.5821766052796695,1.5821754361075513,1.5821738772134126,1.5821719285989848
1.5821931727368606,1.5821951217990489,1.5821966810513968,1.582197850492173,1.5821986301200783,1.5821990199342477,1.5821990199342477,1.5821986301200783,1.582197850492173,1.5821966810513968,1.5821951217990489,1.5821931727368606
1.5822153046194383,1.5822172541490125,1.5822188137752708,1.5822199834964799,1.5822207633113416,1.5822211532189887,1.5822211532189887,1.5822207633113416,1.5822199834964799,1.5822188137752708,1.5822172541490125,1.5822153046194383
1.5822383270193066,1.582240277035913,1.5822418370517983,1.582243007065229,1.5822437870749047,1.5822441770799593,1.5822441770799593,1.5822437870749047,1.582243007065229,1.5822418370517983,1.582240277035913,1.5822383270193066
1.5822622428268212,1.582264193350127,1.582265753771373,1.5822669240888247,1.5822677043011817,1.582268094407577,1.582268094407577,1.5822677043011817,1.5822669240888247,1.582265753771373,1.582264193350127,1.5822622428268212
1.5822870550501678,1.5822890060998611,1.5822905669422187,1.5822917375755052,1.582292517998419,1.5822929082100932,1.5822929082100932,1.582292517998419,1.5822917375755052,1.5822905669422187,1.5822890060998611,1.5822870550501678
1.5823127668154284,1.5823147184112212,1.5823162796904595,1.5823174506514073,1.5823182312927624,1.582318621613657,1.582318621613657,1.5823182312927624,1.5823174506514073,1.5823162796904595,1.5823147184112212,1.5823127668154284
1.582339381366652,1.5823413335282783,1.5823428952601852,1.5823440665606356,1.5823448474283262,1.5823452378623886,1.5823452378623886,1.5823448474283262,1.5823440665606356,1.5823428952601852,1.5823413335282783,1.582339381366652
1.5823669020659241,1.5823688548131432,1.5823704170135258,1.582371588665334,1.5823723697672631,1.5823727603184454,1.5823727603184454,1.5823723697672631,1.582371588665334,1.5823704170135258,1.5823688548131432,1.5823669020659241
1.582395332393441,1.5823972857460369,1.5823988484307225,1.5824000204457582,1.5824008017898405,1.5824011924620989,1.5824011924620989,1.5824008017898405,1.5824000204457582,1.5823988484307225,1.5823972857460369,1.582395332393441
1.582424675947587,1.582426629925369,1.5824281931102055,1.5824293655003556,1.5824301470945141,1.582430537891811,1.582430537891811,1.5824301470945141,1.5824293655003556,1.5824281931102055,1.582426629925369,1.582424675947587
1.58245493644501,1.582456891067815,1.5824584547686715,1.5824596275458374,1.5824604093980073,1.5824608003243097,1.5824608003243097,1.5824604093980073,1.5824596275458374,1.5824584547686715,1.582456891067815,1.58245493644501
1.5824861177207044,1.582488073008396,1.582489637241163,1.5824908104172635,1.5824915925353897,1.5824919835946707,1.5824919835946707,1.5824915925353897,1.5824908104172635,1.582489637241163,1.582488073008396,1.5824861177207044
1.5825182237280915,1.5825201797005612,1.5825217444811535,1.5825229180681233,1.582523700460163,1.582524091656401,1.582524091656401,1.582523700460163,1.5825229180681233,1.5825217444811535,1.5825201797005612,1.5825182237280915
1.5825512585391055,1.5825532152162751,1.5825547805606286,1.5825559545704204,1.5825567372443425,1.5825571285815214,1.5825571285815214,1.5825567372443425,1.5825559545704204,1.5825547805606286,1.5825532152162751,1.5825512585391055
1.5825852263442797,1.5825871837460994,1.5825887496701754,1.5825899241147603,1.5825907070785443,1.5825910985606548,1.5825910985606548,1.5825907070785443,1.5825899241147603,1.5825887496701754,1.5825871837460994,1.5825852263442797
1.5826201314528359,1.5826220895992875,1.5826236561190703,1.582624831010437,1.5826256142720763,1.5826260059031143,1.5826260059031143,1.5826256142720763,1.582624831010437,1.5826236561190703,1.5826220895992875,1.5826201314528359
1.5826559782927747,1.5826579372038703,1.5826595043353708,1.5826606796855267,1.5826614632530258,1.5826618550369944,1.5826618550369944,1.5826614632530258,1.5826606796855267,1.5826595043353708,1.5826579372038703,1.5826559782927747
1.5826927714109678,1.5826947311067525,1.5826962988660063,1.5826974746869782,1.5826982585683558,1.5826986505092633,1.5826986505092633,1.5826982585683558,1.5826974746869782,1.5826962988660063,1.5826947311067525,1.5826927714109678
1.582730515473254,1.5827324759738055,1.5827340443768747,1.5827352206807097,1.5827360048839962,1.582736396985859,1.582736396985859,1.5827360048839962,1.5827352206807097,1.5827340443768747,1.5827324759738055,1.582730515473254
1.5827692152645356,1.582771176589965,1.5827727456529388,1.5827739224517037,1.5827747069849443,1.5827750992517837,1.5827750992517837,1.5827747069849443,1.5827739224517037,1.5827727456529388,1.582771176589965,1.5827692152645356
1.5828088756888767,1.58281083785933,1.582812407598325,1.582813584904107,1.5828143697753596,1.5828147622112052,1.5828147622112052,1.5828143697753596,1.582813584904107,1.582812407598325,1.58281083785933,1.5828088756888767
1.5828495017696038,1.5828514648052616,1.5828530352364227,1.5828542130613301,1.5828549982786675,1.5828553908875553,1.5828553908875553,1.5828549982786675,1.5828542130613301,1.5828530352364227,1.5828514648052616,1.5828495017696038
1.5828910986494082,1.5828930625704871,1.5828946337099876,1.5828958120661514,1.5828965976376594,1.5828969904236334,1.5828969904236334,1.5828965976376594,1.5828958120661514,1.5828946337099876,1.5828930625704871,1.5828910986494082
1.5829336715904496,1.5829356364172034,1.5829372082812456,1.5829383871808171,1.5829391731145983,1.5829395660817087,1.5829395660817087,1.5829391731145983,1.5829383871808171,1.5829372082812456,1.5829356364172034,1.5829336715904496
1.5829772259744628,1.5829791917271816,1.5829807643319989,1.5829819437871526,1.5829827300913228,1.5829831232436278,1.5829831232436278,1.5829827300913228,1.5829819437871526,1.5829807643319989,1.5829791917271816,1.5829772259744628
1.5830217673028635,1.5830237340018762,1.5830253073637315,1.583026487386665,1.5830272740693554,1.5830276674109212,1.5830276674109212,1.5830272740693554,1.583026487386665,1.5830253073637315,1.5830237340018762,1.5830217673028635
1.5830673011968588,1.5830692688625334,1.58307084299772,1.5830720236006544,1.5830728106700125,1.583073204204912,1.583073204204912,1.5830728106700125,1.5830720236006544,1.58307084299772,1.5830692688625334,1.5830673011968588
1.5831138333975567,1.5831158020503004,1.583117376975145,1.5831185581703238,1.5831193456345127,1.583119739366828,1.583119739366828,1.5831193456345127,1.5831185581703238,1.583117376975145,1.5831158020503004,1.5831138333975567
1.5831613697660805,1.5831633394263402,1.5831649151572005,1.5831660969568928,1.5831668848240912,1.5831672787579114,1.5831672787579114,1.5831668848240912,1.5831660969568928,1.5831649151572005,1.5831633394263402,1.5831613697660805
1.5832099162836786,1.583211886971943,1.5832134635252098,1.5832146459417085,1.5832154342201121,1.5832158283595348,1.5832158283595348,1.5832154342201121,1.5832146459417085,1.5832134635252098,1.583211886971943,1.5832099162836786
1.5832594790518426,1.5832614507886418,1.5832630281807392,1.5832642112263624,1.583264999924183,1.5832653942733148,1.5832653942733148,1.583264999924183,1.5832642112263624,1.5832630281807392,1.5832614507886418,1.5832594790518426
1.5833100642924232,1.5833120370983294,1.583313615345715,1.5833147990328067,1.583315588158273,1.5833159827212282,1.5833159827212282,1.583315588158273,1.5833147990328067,1.583313615345715,1.5833120370983294,1.5833100642924232
1.5833616783477462,1.583363652243375,1.583365231362542,1.5833664157034706,1.58336720526483,1.5833676000457313,1.5833676000457313,1.58336720526483,1.5833664157034706,1.583365231362542,1.583363652243375,1.5833616783477462
1.5834143276807349,1.5834163026867454,1.5834178826942207,1.5834190677013824,1.5834198577068976,1.5834202527098773,1.5834202527098773,1.5834198577068976,1.5834190677013824,1.5834178826942207,1.5834163026867454,1.5834143276807349
1.5834680188750268,1.583469995012123,1.5834715759244693,1.5834727616102862,1.583473552068239,1.583473947297438,1.583473947297438,1.583473552068239,1.5834727616102862,1.5834715759244693,1.583469995012123,1.5834680188750268
1.5835227586350975,1.5835247359240276,1.583526317757844,1.5835275041347654,1.5835282950534555,1.583528690513023,1.583528690513023,1.5835282950534555,1.5835275041347654,1.583526317757844,1.5835247359240276,1.5835227586350975
1.583578553786382,1.5835805322479404,1.5835821150198626,1.5835833021003654,1.5835840934881102,1.5835844891822057,1.5835844891822057,1.5835840934881102,1.5835833021003654,1.5835821150198626,1.5835805322479404,1.583578553786382
1.583635411275399,1.5836373909304267,1.583638974657127,1.5836401624537153,1.5836409543188519,1.583641350251643,1.583641350251643,1.5836409543188519,1.5836401624537153,1.583638974657127,1.5836373909304267,1.583635411275399
1.5836933381698752,1.5836953190392595,1.5836969037374489,1.583698092262656,1.5836988846135385,1.5836992807892034,1.5836992807892034,1.5836988846135385,1.583698092262656,1.5836969037374489,1.5836953190392595,1.5836933381698752
1.583752341658871,1.583754323763548,1.5837559094499747,1.583757098716361,1.5837578915613646,1.5837582879840901,1.5837582879840901,1.5837578915613646,1.583757098716361,1.5837559094499747,1.583754323763548,1.583752341658871
1.5838124290529076,1.5838144124138607,1.5838159991053118,1.5838171891254684,1.583817982472986,1.5838183791469693,1.5838183791469693,1.583817982472986,1.5838171891254684,1.5838159991053118,1.5838144124138607,1.5838124290529076
1.5838736077840931,1.583875592422355,1.5838771801356568,1.583878370922203,1.5838791647806485,1.5838795617100958,1.5838795617100958,1.5838791647806485,1.583878370922203,1.5838771801356568,1.583875592422355,1.5838736077840931
1.583935885406252,1.583937871342905,1.5839394600949233,1.583940651660509,1.583941446038315,1.5839418432274424,1.5839418432274424,1.583941446038315,1.583940651660509,1.5839394600949233,1.583937871342905,1.583935885406252
1.5839992695950527,1.5840012568512298,1.5840028466588705,1.5840040390161751,1.5840048339217947,1.5840052313748294,1.5840052313748294,1.5840048339217947,1.5840040390161751,1.5840028466588705,1.5840012568512298,1.5839992695950527
1.5840637681481382,1.5840657567450225,1.5840673476252323,1.584068540786966,1.5840693362288722,1.5840697339500507,1.5840697339500507,1.5840693362288722,1.584068540786966,1.5840673476252323,1.5840657567450225,1.5840637681481382
1.5841293889852552,1.5841313789440814,1.5841329709138483,1.5841341648927516,1.5841349608794388,1.584135358873008,1.584135358873008,1.5841349608794388,1.5841341648927516,1.5841329709138483,1.5841313789440814,1.5841293889852552
1.5841961401483857,1.5841981314904405,1.5841997245667936,1.584200919375639,1.5842017159156219,1.5842021141858391,1.5842021141858391,1.5842017159156219,1.584200919375639,1.5841997245667936,1.5841981314904405,1.5841961401483857
1.5842640298018782,1.5842660225485004,1.584267616748511,1.584268812400102,1.5842696095019162,1.5842700080530492,1.5842700080530492,1.5842696095019162,1.584268812400102,1.584267616748511,1.5842660225485004,1.5842640298018782
1.584333066232577,1.5843350604051594,1.5843366557459417,1.5843378522531135,1.5843386499253158,1.5843390487616436,1.5843390487616436,1.5843386499253158,1.5843378522531135,1.5843366557459417,1.5843350604051594,1.584333066232577
1.5844032578499572,1.5844052534699453,1.5844068499686563,1.5844080473442768,1.584408845595446,1.5844092447212572,1.5844092447212572,1.584408845595446,1.5844080473442768,1.5844068499686563,1.5844052534699453,1.5844032578499572
1.5844746131862548,1.584476610275149,1.584478207948989,1.5844794062059582,1.5844802050446942,1.584480604464289,1.584480604464289,1.5844802050446942,1.5844794062059582,1.584478207948989,1.584476610275149,1.5844746131862548
1.5845471408965992,1.5845491394759548,1.5845507383421678,1.5845519374934187,1.5845527369283436,1.5845531366460337,1.5845531366460337,1.5845527369283436,1.5845519374934187,1.5845507383421678,1.5845491394759548,1.5845471408965992
1.5846208497591467,1.5846228498505741,1.584624449926448,1.5846256499849471,1.5846264500247056,1.5846268500448124,1.5846268500448124,1.5846264500247056,1.5846256499849471,1.584624449926448,1.5846228498505741,1.5846208497591467
1.5846957486752118,1.5846977503003772,1.5846993516032457,1.584700552581993,1.5847013532352512,1.5847017535621082,1.5847017535621082,1.5847013532352512,1.584700552581993,1.5846993516032457,1.5846977503003772,1.5846957486752118
1.5847718466694012,1.5847738498500274,1.5847754523972681,1.5847766543092972,1.5847774555847445,1.5847778562226966,1.5847778562226966,1.5847774555847445,1.5847766543092972,1.5847754523972681,1.5847738498500274,1.5847718466694012
1.5848491528897446,1.584851157647611,1.5848527614566483,1.5848539643150272,1.5848547662213752,1.5848551671747781,1.5848551671747781,1.5848547662213752,1.5848539643150272,1.5848527614566483,1.584851157647611,1.5848491528897446
1.5849276766078286,1.5849296829647723,1.5849312880530757,1.5849324918709065,1.5849332944168906,1.5849336956901114,1.5849336956901114,1.5849332944168906,1.5849324918709065,1.5849312880530757,1.5849296829647723,1.5849276766078286
1.5850074272189276,1.5850094351968438,1.5850110415819294,1.5850122463723486,1.5850130495667267,1.585013451164145,1.585013451164145,1.5850130495667267,1.5850122463723486,1.5850110415819294,1.5850094351968438,1.5850074272189276
1.585088414242137,1.5850904238629788,1.585092031562409,1.58509323733859,1.5850940411901426,1.5850944431161489,1.5850944431161489,1.5850940411901426,1.58509323733859,1.585092031562409,1.5850904238629788,1.585088414242137
1.5851706473205032,1.5851726586062833,1.5851742676376679,1.585175474412817,1.5851762789303505,1.585176681189347,1.585176681189347,1.5851762789303505,1.585175474412817,1.5851742676376679,1.5851726586062833,1.5851706473205032
1.5852541362211559,1.5852561491939454,1.5852577595749424,1.5852589673623034,1.5852597725546456,1.585260175151047,1.585260175151047,1.5852597725546456,1.5852589673623034,1.5852577595749424,1.5852561491939454,1.5852541362211559
1.5853388908354389,1.5853409055173695,1.5853425172656836,1.5853437260785355,1.585344531954539,1.585344934892772,1.585344934892772,1.585344531954539,1.5853437260785355,1.5853425172656836,1.5853409055173695,1.5853388908354389
1.5854249211790385,1.585426937592302,1.5854285507256873,1.5854297605773444,1.5854305671458866,1.5854309704303888,1.5854309704303888,1.5854305671458866,1.5854297605773444,1.5854285507256873,1.585426937592302,1.5854249211790385
1.585512237392115,1.585514255558964,1.585515870095222,1.5855170809990367,1.5855178882690177,1.5855182919042403,1.5855182919042403,1.5855178882690177,1.5855170809990367,1.585515870095222,1.585514255558964,1.585512237392115
1.5856008497394298,1.585602869682178,1.5856044856391598,1.5856056976085195,1.5856065055888662,1.5856069095792713,1.5856069095792713,1.5856065055888662,1.5856056976085195,1.5856044856391598,1.585602869682178,1.5856008497394298
1.5856907686104742,1.5856927903514966,1.5856944077471027,1.5856956207954331,1.5856964294950948,1.5856968338451578,1.5856968338451578,1.5856964294950948,1.5856956207954331,1.5856944077471027,1.5856927903514966,1.5856907686104742
1.5857820045195956,1.58578402808133,1.5857856469335099,1.5857868610742738,1.5857876705022254,1.585788075216434,1.585788075216434,1.5857876705022254,1.5857868610742738,1.5857856469335099,1.58578402808133,1.5857820045195956
1.5858745681061253,1.5858765935110708,1.585878213837824,1.5858794290845215,1.5858802392497628,1.585880644332617,1.585880644332617,1.5858802392497628,1.5858794290845215,1.585878213837824,1.5858765935110708,1.5858745681061253
1.5859684701344996,1.5859704974052193,1.5859721192245972,1.5859733355907646,1.5859741465023218,1.5859745519583333,1.5859745519583333,1.5859741465023218,1.5859733355907646,1.5859721192245972,1.5859704974052193,1.5859684701344996
1.5860637214943902,1.5860657506535092,1.5860673739836113,1.5860685914828254,1.5860694031497475,1.5860698089834426,1.5860698089834426,1.5860694031497475,1.5860685914828254,1.5860673739836113,1.5860657506535092,1.5860637214943902
1.5861603332008198,1.586162364271028,1.586163989130006,1.5861652077758799,1.586166020207243,1.5861664264231592,1.5861664264231592,1.586166020207243,1.5861652077758799,1.586163989130006,1.586162364271028,1.5861603332008198
1.5862583163942887,1.586260349398339,1.5862619758043957,1.5862631956105813,1.5862640088154873,1.586264415418175,1.586264415418175,1.5862640088154873,1.5862631956105813,1.5862619758043957,1.586260349398339,1.5862583163942887
1.5863576823408931,1.5863597173016026,1.5863613452729919,1.5863625662531802,1.5863633802407557,1.5863637872347789,1.5863637872347789,1.5863633802407557,1.5863625662531802,1.5863613452729919,1.5863597173016026,1.5863576823408931
1.5864584424324424,1.586460479372694,1.5864621089277222,1.5864633310956417,1.5864641458750404,1.5864645532649748,1.5864645532649748,1.5864641458750404,1.5864633310956417,1.5864621089277222,1.586460479372694,1.5864584424324424
1.5865606081865795,1.5865626471293202,1.5865642782863447,1.5865655016557647,1.5865663172361646,1.5865667250266005,1.5865667250266005,1.5865663172361646,1.5865655016557647,1.5865642782863447,1.5865626471293202,1.5865606081865795
1.5866641912468937,1.5866662322151364,1.5866678649925672,1.586669089577295,1.5866699059679017,1.5866703141634413,1.5866703141634413,1.5866699059679017,1.586669089577295,1.5866678649925672,1.5866662322151364,1.5866641912468937
1.5867692033830367,1.5867712463998587,1.5867728808161585,1.5867741066300411,1.5867749238400854,1.5867753324453449,1.5867753324453449,1.5867749238400854,1.5867741066300411,1.5867728808161585,1.5867712463998587,1.5867692033830367
1.5868756564908324,1.5868777015793785,1.5868793376530623,1.5868805647099862,1.5868813827487265,1.586881791768334,1.586881791768334,1.5868813827487265,1.5868805647099862,1.5868793376530623,1.5868777015793785,1.5868756564908324
1.586983562592389,1.5869856097758692,1.586987247525506,1.5869884758393975,1.5869892947161173,1.5869897041547154,1.5869897041547154,1.5869892947161173,1.5869884758393975,1.586987247525506,1.5869856097758692,1.586983562592389
1.5870929338362072,1.5870949831378987,1.5870966225821095,1.5870978521669346,1.5870986718909454,1.587099081753189,1.587099081753189,1.5870986718909454,1.5870978521669346,1.5870966225821095,1.5870949831378987,1.5870929338362072
1.587203782497286,1.5872058339405322,1.5872074750979919,1.587208705967757,1.587209526548396,1.587209936838954,1.587209936838954,1.587209526548396,1.587208705967757,1.5872074750979919,1.5872058339405322,1.587203782497286
1.587316120977227,1.5873181745854383,1.587319817474876,1.587321049643628,1.5873218710902595,1.5873222818138144,1.5873222818138144,1.5873218710902595,1.587321049643628,1.587319817474876,1.5873181745854383,1.587316120977227
1.5874299618043368,1.587432017600992,1.5874336622411902,1.587434895723015,1.5874357180450307,1.5874361292062777,1.5874361292062777,1.5874357180450307,1.587434895723015,1.5874336622411902,1.587432017600992,1.5874299618043368
1.587545317633728,1.5875473756423721,1.5875490220521669,1.5875502568611932,1.5875510800680104,1.5875514916716589,1.5875514916716589,1.5875510800680104,1.5875502568611932,1.5875490220521669,1.5875473756423721,1.587545317633728
1.5876622012474133,1.5876642614916598,1.5876659096899424,1.5876671458403373,1.5876679699414022,1.587668381992175,1.587668381992175,1.5876679699414022,1.5876671458403373,1.5876659096899424,1.5876642614916598,1.5876622012474133
1.5877806255544038,1.587782688057934,1.5877843380636496,1.5877855755696226,1.5877864005744076,1.587786813077041,1.587786813077041,1.5877864005744076,1.5877855755696226,1.5877843380636496,1.587782688057934,1.5877806255544038
1.5879006035908008,1.5879026683773647,1.5879043202095122,1.5879055590853135,1.5879063850033184,1.5879067979625625,1.5879067979625625,1.5879063850033184,1.5879055590853135,1.5879043202095122,1.5879026683773647,1.5879006035908008
1.5880221485198835,1.5880242156132995,1.5880258692909348,1.588027109550854,1.588027936391607,1.588028349812225,1.588028349812225,1.588027936391607,1.588027109550854,1.5880258692909348,1.5880242156132995,1.5880221485198835
1.5881452736322013,1.5881473430563553,1.5881489985985868,1.5881502402569572,1.5881510680300117,1.588151481916782,1.588151481916782,1.5881510680300117,1.5881502402569572,1.5881489985985868,1.5881473430563553,1.5881452736322013
1.5882699923456507,1.5882720641244987,1.5882737215504914,1.588274964621686,1.5882757933366252,1.5882762076943377,1.5882762076943377,1.5882757933366252,1.588274964621686,1.5882737215504914,1.5882720641244987,1.5882699923456507
1.5883963182055636,1.5883983923631302,1.5884000516921035,1.5884012961905372,1.5884021258569707,1.588402540690431,1.588402540690431,1.5884021258569707,1.5884012961905372,1.5884000516921035,1.5883983923631302,1.5883963182055636
1.5885242648847826,1.5885263414451611,1.5885280026963904,1.5885292486365192,1.5885300792640846,1.588530494578111,1.588530494578111,1.5885300792640846,1.5885292486365192,1.5885280026963904,1.5885263414451611,1.5885242648847826
1.5886538461837367,1.58865592517109,1.5886575883639051,1.5886588357602272,1.5886596673585895,1.588660083158015,1.588660083158015,1.5886596673585895,1.5886588357602272,1.5886575883639051,1.58865592517109,1.5886538461837367
1.5887850760305138,1.5887871574690746,1.5887888226228615,1.5887900714899161,1.5887909040687682,1.5887913203584396,1.5887913203584396,1.5887909040687682,1.5887900714899161,1.5887888226228615,1.5887871574690746,1.5887850760305138
1.5889179684809307,1.5889200523950007,1.5889217195292007,1.5889229698815688,1.588923803450632,1.588924220235409,1.588924220235409,1.588923803450632,1.5889229698815688,1.5889217195292007,1.5889200523950007,1.5889179684809307
1.5890525377185971,1.5890546241325472,1.5890562932666583,1.589057545118963,1.5890583796879856,1.589058796972743,1.589058796972743,1.5890583796879856,1.589057545118963,1.5890562932666583,1.5890546241325472,1.5890525377185971
1.5891887980549788,1.5891908869932512,1.5891925581468258,1.5891938115137318,1.5891946470924907,1.5891950648821165,1.5891950648821165,1.5891946470924907,1.5891938115137318,1.5891925581468258,1.5891908869932512,1.5891887980549788
1.5893267639294582,1.5893288554165632,1.58933052860921,1.5893317835054246,1.5893326201037237,1.5893330384031203,1.5893330384031203,1.5893326201037237,1.5893317835054246,1.58933052860921,1.5893288554165632,1.5893267639294582
1.5894664499093858,1.5894685439699046,1.589470219221289,1.58947147566156,1.5894723132892326,1.589472732103316,1.589472732103316,1.5894723132892326,1.58947147566156,1.589470219221289,1.5894685439699046,1.5894664499093858
1.5896078706901353,1.5896099673487183,1.5896116446785609,1.5896129026776795,1.5896137413445852,1.5896141606782859,1.5896141606782859,1.5896137413445852,1.5896129026776795,1.5896116446785609,1.5896099673487183,1.5896078706901353
1.5897510410951485,1.589753140376517,1.589754819804595,1.589756079377393,1.5897569190934209,1.589757338951683,1.589757338951683,1.5897569190934209,1.589756079377393,1.589754819804595,1.589753140376517,1.5897510410951485
1.5898959760759817,1.5898980780049268,1.5898997595510722,1.5899010207124253,1.5899018614874911,1.5899022818752733,1.5899022818752733,1.5899018614874911,1.5899010207124253,1.5898997595510722,1.5898980780049268,1.5898959760759817
1.5900426907123428,1.5900447953137258,1.5900464789978286,1.5900477417626528,1.5900485836067013,1.5900490045289755,1.5900490045289755,1.5900485836067013,1.5900477417626528,1.5900464789978286,1.5900447953137258,1.5900426907123428
1.5901912002121306,1.5901933075108827,1.590194993352887,1.5901962577361415,1.5901971006591458,1.590197522120898,1.590197522120898,1.5901971006591458,1.5901962577361415,1.590194993352887,1.5901933075108827,1.5901912002121306
1.590341519911463,1.590343629932585,1.5903453179524925,1.5903465839691786,1.5903474279811385,1.590347849987369,1.590347849987369,1.5903474279811385,1.5903465839691786,1.5903453179524925,1.590343629932585,1.590341519911463
1.5904936652747055,1.5904957780432696,1.5904974682611372,1.5904987359262974,1.5904995810372422,1.590500003592966,1.590500003592966,1.5904995810372422,1.5904987359262974,1.5904974682611372,1.5904957780432696,1.5904936652747055
1.590647651894496,1.5906497674356435,1.5906514598715846,1.5906527292003043,1.5906535754202902,1.5906539985305352,1.5906539985305352,1.5906535754202902,1.5906527292003043,1.5906514598715846,1.5906497674356435,1.590647651894496
1.5908034954917605,1.5908056138307032,1.5908073085048877,1.5908085795122937,1.590809426851406,1.5908098505212145,1.5908098505212145,1.590809426851406,1.5908085795122937,1.5908073085048877,1.5908056138307032,1.5908034954917605
1.5909612119157301,1.5909633330777497,1.5909650300104028,1.590966302711664,1.5909671511800152,1.5909675754144441,1.5909675754144441,1.5909671511800152,1.590966302711664,1.5909650300104028,1.5909633330777497,1.5909612119157301
1.5911208171439475,1.5911229411543961,1.591124640365799,1.5911259147761274,1.5911267643838582,1.5911271891879775,1.5911271891879775,1.5911267643838582,1.5911259147761274,1.591124640365799,1.5911229411543961,1.5911208171439475
1.591282327282275,1.591284454166574,1.5912861556770648,1.5912874318117123,1.5912882825689918,1.591288707947886,1.591288707947886,1.5912882825689918,1.5912874318117123,1.5912861556770648,1.591284454166574,1.591282327282275
1.5914457585648913,1.5914478883485321,1.591449592178504,1.5914508700527665,1.5914517219697912,1.5914521479285584,1.5914521479285584,1.5914517219697912,1.5914508700527665,1.591449592178504,1.5914478883485321,1.5914457585648913
1.5916111273542886,1.591613260062833,1.5916149662327348,1.5916162458619492,1.591617098948944,1.5916175254926965,1.5916175254926965,1.591617098948944,1.5916162458619492,1.5916149662327348,1.591613260062833,1.5916111273542886
1.591778450141262,1.5917805858003413,1.5917822943306776,1.5917835757302228,1.5917844299974395,1.5917848571313042,1.5917848571313042,1.5917844299974395,1.5917835757302228,1.5917822943306776,1.5917805858003413,1.591778450141262
1.5919477435448943,1.591949882180209,1.591951593091541,1.5919528762768371,1.5919537317345567,1.5919541594636737,1.5919541594636737,1.5919537317345567,1.5919528762768371,1.591951593091541,1.591949882180209,1.5919477435448943
1.5921190243125367,1.5921211659498569,1.5921228792628008,1.59212416424931,1.5921250209078406,1.592125449237363,1.592125449237363,1.5921250209078406,1.59212416424931,1.5921228792628008,1.5921211659498569,1.5921190243125367
1.592292309319782,1.592294453984947,1.5922961697201745,1.5922974565234003,1.5922983143930778,1.5922987433281746,1.5922987433281746,1.5922983143930778,1.5922974565234003,1.5922961697201745,1.592294453984947,1.592292309319782
1.5924676155704345,1.592469763289353,1.5924714814675907,1.5924727701030792,1.5924736291942667,1.592474058740119,1.592474058740119,1.5924736291942667,1.5924727701030792,1.5924714814675907,1.592469763289353,1.5924676155704345
1.5926449601964732,1.5926471109951228,1.5926488316371537,1.5926501221204905,1.5926509824435795,1.5926514126053832,1.5926514126053832,1.5926509824435795,1.5926501221204905,1.5926488316371537,1.5926471109951228,1.5926449601964732
1.5928243604580108,1.5928265143624385,1.592828237489099,1.5928295298359132,1.5928303914013222,1.5928308221842866,1.5928308221842866,1.5928303914013222,1.5928295298359132,1.592828237489099,1.5928265143624385,1.5928243604580108
1.5930058337432453,1.5930079907795665,1.5930097164117494,1.59301101063771,1.5930118734558851,1.5930123048652332,1.5930123048652332,1.5930118734558851,1.59301101063771,1.5930097164117494,1.5930079907795665,1.5930058337432453
1.593189397568408,1.5931915577628064,1.5931932859214586,1.5931945820422757,1.5931954461236908,1.5931958781646598,1.5931958781646598,1.5931954461236908,1.5931945820422757,1.5931932859214586,1.5931915577628064,1.593189397568408
1.593375069577703,1.5933772329564304,1.5933789636625537,1.593380261693979,1.5933811270491347,1.5933815597269745,1.5933815597269745,1.5933811270491347,1.593380261693979,1.5933789636625537,1.5933772329564304,1.593375069577703
1.5935628675432423,1.593565034132619,1.5935667674072698,1.593568067365095,1.59356893400452,1.5935693673244948,1.5935693673244948,1.59356893400452,1.593568067365095,1.5935667674072698,1.593565034132619,1.5935628675432423
1.593752809364976,1.5937549791913903,1.593756715055679,1.5937580169557375,1.5937588848899868,1.5937593188573747,1.5937593188573747,1.5937588848899868,1.5937580169557375,1.593756715055679,1.5937549791913903,1.593752809364976
1.5939449130706147,1.593947086160522,1.5939488246356133,1.5939501284937787,1.5939509977334347,1.5939514323535269,1.5939514323535269,1.5939509977334347,1.5939501284937787,1.5939488246356133,1.593947086160522,1.5939449130706147
1.5941391968155454,1.594141373195469,1.594143114302582,1.5941444201347676,1.5941452906904399,1.5941457259685405,1.5941457259685405,1.5941452906904399,1.5941444201347676,1.594143114302582,1.594141373195469,1.5941391968155454
1.5943356788827434,1.5943378585792736,1.5943396023396796,1.5943409101618407,1.5943417820441648,1.5943422179855922,1.5943422179855922,1.5943417820441648,1.5943409101618407,1.5943396023396796,1.5943378585792736,1.5943356788827434
1.5945343776826746,1.5945365607224686,1.594538307157494,1.5945396169856236,1.5945404902052633,1.594540926815349,1.594540926815349,1.5945404902052633,1.5945396169856236,1.594538307157494,1.5945365607224686,1.5945343776826746
1.5947353117531942,1.5947374981629756,1.5947392472939994,1.594740559144133,1.5947414337117773,1.5947418709958658,1.5947418709958658,1.5947414337117773,1.594740559144133,1.5947392472939994,1.5947374981629756,1.5947353117531942
1.5949384997594378,1.594940689565997,1.5949424414144509,1.594943755302662,1.5949446312290272,1.5949450691924771,1.5949450691924771,1.5949446312290272,1.594943755302662,1.5949424414144509,1.594940689565997,1.5949384997594378
1.5951439604937054,1.5951461537238978,1.5951479083112672,1.59514922425367,1.595150101549498,1.5951505401976802,1.5951505401976802,1.595150101549498,1.59514922425367,1.5951479083112672,1.5951461537238978,1.5951439604937054
1.5953517128753387,1.5953539095560862,1.5953556669039082,1.5953569849166551,1.5953578635927157,1.5953583029310148,1.5953583029310148,1.5953578635927157,1.5953569849166551,1.5953556669039082,1.5953539095560862,1.5953517128753387
1.5955617759505922,1.595563976108882,1.5955657362387465,1.5955670563380304,1.5955679364051174,1.5955683764389306,1.5955683764389306,1.5955679364051174,1.5955670563380304,1.5955657362387465,1.595563976108882,1.5955617759505922
1.5957741688924982,1.595776372555382,1.5957781354889304,1.5957794576909823,1.5957803391599177,1.595780779894655,1.595780779894655,1.5957803391599177,1.5957794576909823,1.5957781354889304,1.595776372555382,1.5957741688924982
1.595988911000721,1.5959911181953157,1.5959928839542417,1.5959942082753318,1.5959950911569616,1.5959955325980473,1.5959955325980473,1.5959950911569616,1.5959942082753318,1.5959928839542417,1.5959911181953157,1.595988911000721
1.5962060217014098,1.596208232454896,1.5962100010609444,1.5962113275173817,1.5962122118225783,1.5962126539754484,1.5962126539754484,1.5962122118225783,1.5962113275173817,1.5962100010609444,1.596208232454896,1.5962060217014098
1.5964255205470383,1.5964277348866616,1.5964295063616283,1.5964308349697593,1.5964317207094212,1.5964321635795244,1.5964321635795244,1.5964317207094212,1.5964308349697593,1.5964295063616283,1.5964277348866616,1.5964255205470383
1.596647427216243,1.5966496451693115,1.5966514195350432,1.5966527503112535,1.596653637496304,1.5966540810891021,1.5966540810891021,1.596653637496304,1.5966527503112535,1.5966514195350432,1.5966496451693115,1.596647427216243
1.5968717615136487,1.5968739831075338,1.5968757603859283,1.5968770933466405,1.5968779819880283,1.596878426308996,1.596878426308996,1.5968779819880283,1.5968770933466405,1.5968757603859283,1.5968739831075338,1.5968717615136487
1.59709854336969,1.5971007686318266,1.597102548844831,1.5971038840065064,1.5971047741152054,1.597105219169829,1.597105219169829,1.5971047741152054,1.5971038840065064,1.597102548844831,1.5971007686318266,1.59709854336969
1.5973277928404253,1.5973300217983097,1.5973318049679215,1.597333142347058,1.5973340339340667,1.5973344797278466,1.5973344797278466,1.5973340339340667,1.597333142347058,1.5973318049679215,1.5973300217983097,1.5973277928404253
1.59755953010734,1.5975617627885308,1.5975635489367972,1.5975648885499298,1.597565781626272,1.5975662281647192,1.5975662281647192,1.597565781626272,1.5975648885499298,1.5975635489367972,1.5975617627885308,1.59755953010734
1.5977937754771459,1.5977960119092633,1.5977978010582803,1.5977991429219813,1.597800037498705,1.597800484787344,1.597800484787344,1.597800037498705,1.5977991429219813,1.5977978010582803,1.5977960119092633,1.5977937754771459
1.5980305493815703,1.5980327895922959,1.598034581764208,1.5980359258950863,1.5980368219832644,1.598037270027631,1.598037270027631,1.5980368219832644,1.5980359258950863,1.598034581764208,1.5980327895922959,1.5980305493815703
1.598269872377139,1.5982721163942135,1.5982739116112152,1.5982752580259159,1.5982761556366445,1.5982766044422876,1.5982766044422876,1.5982761556366445,1.5982752580259159,1.5982739116112152,1.5982721163942135,1.598269872377139
1.5985117651449492,1.5985140129961748,1.598515811280507,1.598517159995711,1.5985180591401114,1.598518508712591,1.598518508712591,1.5985180591401114,1.598517159995711,1.598515811280507,1.5985140129961748,1.5985117651449492
1.5987562484904358,1.598758500203674,1.5987603015776257,1.5987616526100503,1.598762553299267,1.5987630036441554,1.5987630036441554,1.598762553299267,1.5987616526100503,1.5987603015776257,1.598758500203674,1.5987562484904358
1.5990033433431303,1.5990055989463015,1.5990074034322093,1.5990087567986069,1.5990096590438077,1.5990101101666894,1.5990101101666894,1.5990096590438077,1.5990087567986069,1.5990074034322093,1.5990055989463015,1.5990033433431303
1.5992530707564092,1.5992553302774923,1.59925713789774,1.5992584936148977,1.5992593974272755,1.5992598493337458,1.5992598493337458,1.5992593974272755,1.5992584936148977,1.59925713789774,1.5992553302774923,1.5992530707564092
1.5995054519072367,1.5995077153742692,1.5995095261512862,1.599510884236027,1.5995117896267956,1.599512242322463,1.599512242322463,1.5995117896267956,1.599510884236027,1.5995095261512862,1.5995077153742692,1.5995054519072367
1.5997605080958968,1.5997627755369734,1.599764589493236,1.5997659499624164,1.599766856942815,1.5997673104332977,1.5997673104332977,1.599766856942815,1.5997659499624164,1.599764589493236,1.5997627755369734,1.5997605080958968
1.6000182607457192,1.600020532188992,1.6000223493470211,1.6000237122175331,1.6000246207988216,1.60002507508975,1.60002507508975,1.6000246207988216,1.6000237122175331,1.6000223493470211,1.600020532188992,1.6000182607457192
1.6002787314027935,1.6002810068764708,1.6002828272588339,1.600284192547602,1.600285102741064,1.6002855578380806,1.6002855578380806,1.600285102741064,1.600284192547602,1.6002828272588339,1.6002810068764708,1.6002787314027935
1.6005419417356788,1.6005442212680254,1.6005460448973337,1.600547412621317,1.600548324438259,1.6005487803470158,1.6005487803470158,1.600548324438259,1.600547412621317,1.6005460448973337,1.6005442212680254,1.6005419417356788
1.6008079135351023,1.6008101971544373,1.6008120240533477,1.6008133942295375,1.600814307681287,1.6008147644074486,1.6008147644074486,1.600814307681287,1.6008133942295375,1.6008120240533477,1.6008101971544373,1.6008079135351023
1.6010766687136484,1.601078956448347,1.601080786639558,1.6010821592849804,1.601083074382887,1.6010835319321286,1.6010835319321286,1.601083074382887,1.6010821592849804,1.601080786639558,1.601078956448347,1.6010766687136484
1.6013482293054404,1.6013505211839316,1.6013523546901873,1.6013537298218985,1.6013546465773352,1.6013551049553416,1.6013551049553416,1.6013546465773352,1.6013537298218985,1.6013523546901873,1.6013505211839316,1.6013482293054404
1.601622617465815,1.6016249135165805,1.6016267503606667,1.6016281279957574,1.6016290464201162,1.6016295056325849,1.6016295056325849,1.6016290464201162,1.6016281279957574,1.6016267503606667,1.6016249135165805,1.601622617465815
1.6018998554709813,1.6019021557225583,1.6019039959273034,1.6019053760828947,1.6019062961875903,1.6019067562402283,1.6019067562402283,1.6019062961875903,1.6019053760828947,1.6019039959273034,1.6019021557225583,1.6018998554709813
1.6021799657176816,1.602182270198657,1.6021841137869322,1.6021854964801774,1.602186418276645,1.60218687917517,1.60218687917517,1.602186418276645,1.6021854964801774,1.6021841137869322,1.602182270198657,1.6021799657176816
1.6024629707228308,1.6024652794618448,1.6024671264565622,1.602468511704645,1.6024694352043407,1.602469896954481,1.602469896954481,1.6024694352043407,1.602468511704645,1.6024671264565622,1.6024652794618448,1.6024629707228308
1.6027488931231564,1.6027512061489004,1.6027530565730124,1.6027544443931483,1.602755369607549,1.6027558322150424,1.6027558322150424,1.602755369607549,1.6027544443931483,1.6027530565730124,1.6027512061489004,1.6027488931231564
1.6030377556748237,1.6030400730160392,1.6030419268925402,1.6030433173019736,1.603044244242576,1.6030447077131713,1.6030447077131713,1.603044244242576,1.6030433173019736,1.6030419268925402,1.6030400730160392,1.6030377556748237
1.6033295812530548,1.6033319029385338,1.6033337602904565,1.603335153306463,1.6033360819847837,1.6033365463242393,1.6033365463242393,1.6033360819847837,1.603335153306463,1.6033337602904565,1.6033319029385338,1.6033295812530548
1.6036243928517349,1.6036267189103186,1.6036285797607364,1.6036299754006205,1.6036309058281966,1.6036313710422803,1.6036313710422803,1.6036309058281966,1.6036299754006205,1.6036285797607364,1.6036267189103186,1.6036243928517349
1.6039222135830138,1.603924544043592,1.6039264084156162,1.6039278066967126,1.6039287388850991,1.6039292049795892,1.6039292049795892,1.6039287388850991,1.6039278066967126,1.6039264084156162,1.603924544043592,1.6039222135830138
1.6042230666768935,1.6042254015684034,1.6042272694851847,1.6042286704248552,1.6042296043856281,1.6042300713663125,1.6042300713663125,1.6042296043856281,1.6042286704248552,1.6042272694851847,1.6042254015684034,1.6042230666768935
1.6045269754808078,1.6045293148322344,1.6045311863169607,1.6045325899325968,1.60453352567735,1.6045339935500258,1.6045339935500258,1.60453352567735,1.6045325899325968,1.6045311863169607,1.6045293148322344,1.6045269754808078
1.6048339634591935,1.6048363072995686,1.6048381823754652,1.6048395886844857,1.604840526224832,1.6048409949953049,1.6048409949953049,1.604840526224832,1.6048395886844857,1.6048381823754652,1.6048363072995686,1.6048339634591935
1.6051440541930508,1.6051464025514512,1.6051482812417803,1.605149690261632,1.6051506296092024,1.6051510992832885,1.6051510992832885,1.6051506296092024,1.605149690261632,1.6051482812417803,1.6051464025514512,1.6051440541930508
1.6054572713794923,1.6054596242850414,1.605461506613101,1.6054629183612574,1.6054638595277013,1.6054643301112248,1.6054643301112248,1.6054638595277013,1.6054629183612574,1.605461506613101,1.6054596242850414,1.6054572713794923
1.6057736388312867,1.605775996313151,1.605777882302275,1.605779296796237,1.6057802397932206,1.6057807112920153,1.6057807112920153,1.6057802397932206,1.605779296796237,1.605777882302275,1.605775996313151,1.6057736388312867
1.6060931804763872,1.606095542563778,1.6060974322373351,1.606098849494629,1.6060997943338375,1.6061002667537454,1.6061002667537454,1.6060997943338375,1.606098849494629,1.6060974322373351,1.606095542563778,1.6060931804763872
1.6064159203574544,1.6064182870796255,1.6064201804610192,1.6064216004991976,1.6064225471923321,1.6064230205392043,1.6064230205392043,1.6064225471923321,1.6064216004991976,1.6064201804610192,1.6064182870796255,1.6064159203574544
1.6067418826313664,1.606744254017614,1.606746151130281,1.6067475739669217,1.6067485225257014,1.606748996805397,1.606748996805397,1.6067485225257014,1.6067475739669217,1.606746151130281,1.606744254017614,1.6067418826313664
1.6070710915687199,1.6070734676483818,1.6070753685157926,1.6070767941684987,1.6070777446046587,1.6070782198230456,1.6070782198230456,1.6070777446046587,1.6070767941684987,1.6070753685157926,1.6070734676483818,1.6070710915687199
1.6074035715533221,1.607405952355777,1.607407857001435,1.6074092854878332,1.6074102378131252,1.607410713976079,1.607410713976079,1.6074102378131252,1.6074092854878332,1.607407857001435,1.607405952355777,1.6074035715533221
1.6077393470816708,1.6077417326363372,1.6077436410837773,1.6077450724215194,1.6077460266477108,1.6077465037611154,1.6077465037611154,1.6077460266477108,1.6077450724215194,1.6077436410837773,1.6077417326363372,1.6077393470816708
1.6080784427624248,1.6080808330987608,1.6080827453715494,1.6080841795783107,1.6080851357171846,1.608085613786932,1.608085613786932,1.6080851357171846,1.6080841795783107,1.6080827453715494,1.6080808330987608,1.6080784427624248
1.6084208833158644,1.6084232784633672,1.6084251945851018,1.6084266316785798,1.6084275897419358,1.6084280687739245,1.6084280687739245,1.6084275897419358,1.6084266316785798,1.6084251945851018,1.6084232784633672,1.6084208833158644
1.6087666935733438,1.608769093561547,1.608771013555855,1.6087724535537713,1.6087734135534224,1.6087738935535598,1.6087738935535598,1.6087734135534224,1.6087724535537713,1.608771013555855,1.608769093561547,1.6087666935733438
1.6091158984767264,1.609118303335202,1.6091202272257408,1.6091216701458377,1.6091226320936132,1.6091231130678139,1.6091231130678139,1.6091226320936132,1.6091216701458377,1.6091202272257408,1.609118303335202,1.6091158984767264
1.6094685230778185,1.6094709328361736,1.6094728606466298,1.609474306506672,1.6094752704144146,1.6094757523686,1.6094757523686,1.6094752704144146,1.609474306506672,1.6094728606466298,1.6094709328361736,1.6094685230778185
1.6098245925377863,1.609827007225664,1.6098289389797513,1.609830387797525,1.6098313536770925,1.6098318366171915,1.6098318366171915,1.6098313536770925,1.609830387797525,1.6098289389797513,1.609827007225664,1.6098245925377863
1.6101841321265635,1.6101865517736416,1.610188487495103,1.6101899392884147,1.610190907151678,1.610191391083626,1.610191391083626,1.610190907151678,1.6101899392884147,1.610188487495103,1.6101865517736416,1.6101841321265635
1.6105471672222522,1.6105495918582422,1.6105515315708465,1.6105529863575236,1.6105539562163675,1.6105544411461068,1.6105544411461068,1.6105539562163675,1.6105529863575236,1.6105515315708465,1.6105495918582422,1.6105471672222522
1.6109137233105089,1.6109161529651548,1.6109180966926977,1.610919554490587,1.6109205263569093,1.6109210122903894,1.6109210122903894,1.6109205263569093,1.610919554490587,1.6109180966926977,1.6109161529651548,1.6109137233105089
1.6112838259839193,1.6112862606869984,1.6112882084533013,1.611289669280269,1.6112906431659808,1.6112911301091564,1.6112911301091564,1.6112906431659808,1.611289669280269,1.6112882084533013,1.6112862606869984,1.6112838259839193
1.6116575009413692,1.611659940722689,1.6116618925515986,1.6116633564255294,1.611664332342554,1.6116648203013875,1.6116648203013875,1.611664332342554,1.6116633564255294,1.6116618925515986,1.611659940722689,1.6116575009413692
1.6120347739873957,1.6120372188767953,1.6120391747921827,1.6120406417309803,1.6120416196912526,1.6120421086717114,1.6120421086717114,1.6120416196912526,1.6120406417309803,1.6120391747921827,1.6120372188767953,1.6120347739873957
1.6124156710315358,1.612418121058883,1.6124200810846432,1.612421551106228,1.6124225311216964,1.6124230211297546,1.6124230211297546,1.6124225311216964,1.612421551106228,1.6124200810846432,1.612418121058883,1.6124156710315358
1.6128002180876573,1.6128026732828498,1.6128046374429006,1.612806110565212,1.6128070926478353,1.6128075836894715,1.6128075836894715,1.6128070926478353,1.612806110565212,1.6128046374429006,1.6128026732828498,1.6128002180876573
1.613188441273286,1.6131909016662487,1.6131928699845304,1.6131943462255234,1.613195330387272,1.613195822468472,1.613195822468472,1.613195330387272,1.6131943462255234,1.6131928699845304,1.6131909016662487,1.613188441273286
1.6135803668089148,1.6135828324296009,1.6135848049300756,1.613586284307722,1.6135872705605767,1.613587763687331,1.613587763687331,1.6135872705605767,1.613586284307722,1.6135848049300756,1.6135828324296009,1.6135803668089148
1.6139760210173097,1.6139784918956974,1.6139804686023482,1.6139819511346356,1.6139829394905885,1.6139834336688932,1.6139834336688932,1.6139829394905885,1.6139819511346356,1.6139804686023482,1.6139784918956974,1.6139760210173097
1.6143754303227966,1.6143779064888908,1.614379887425722,1.6143813731306529,1.6143823636017056,1.6143828588375615,1.6143828588375615,1.6143823636017056,1.6143813731306529,1.614379887425722,1.6143779064888908,1.6143754303227966
1.6147786212505457,1.6147811027343755,1.61478308792541,1.6147845768210023,1.6147855694191668,1.61478606571858,1.61478606571858,1.6147855694191668,1.6147845768210023,1.61478308792541,1.6147811027343755,1.6147786212505457
1.615185620425838,1.6151881072574565,1.615190096726737,1.6151915888310227,1.6151925835683203,1.6151930809373014,1.6151930809373014,1.6151925835683203,1.6151915888310229,1.615190096726737,1.6151881072574565,1.6151856204258381
1.6155964545733263,1.6155989467828091,1.6156009405543967,1.6156024358854215,1.6156034327738829,1.615603931218447,1.6156039312184471,1.6156034327738829,1.6156024358854215,1.615600940554397,1.6155989467828094,1.6155964545733263
1.6160111505162809,1.6160136481337264,1.6160156462316997,1.6160171448075227,1.6160181438591872,1.6160186433853543,1.6160186433853543,1.6160181438591874,1.6160171448075227,1.6160156462316997,1.6160136481337266,1.616011150516281
1.616429735175828,1.6164322382313556,1.61643424067981,1.6164357425185032,1.6164367437454188,1.6164372443592123,1.6164372443592128,1.6164367437454188,1.6164357425185036,1.6164342406798107,1.616432238231356,1.616429735175829
1.6168522355701753,1.6168547440939247,1.616856750916972,1.6168582560366191,1.616859259450842,1.6168597611582909,1.6168597611582909,1.6168592594508424,1.6168582560366196,1.616856750916973,1.6168547440939256,1.6168522355701762
1.6172786788138263,1.6172811928359563,1.6172832040577243,1.6172847124764211,1.617285718090015,1.6172862208971508,1.617286220897151,1.6172857180900155,1.6172847124764225,1.6172832040577256,1.6172811928359572,1.6172786788138274
1.617709092116784,1.617711611667473,1.6177136273121044,1.617715139047958,1.6177161468729944,1.617716650785853,1.6177166507858531,1.6177161468729957,1.6177151390479594,1.6177136273121062,1.617711611667475,1.6177090921167858
1.618143502783747,1.61814602789319,1.6181480479848414,1.6181495630559701,1.618150573104527,1.6181510781291475,1.618151078129148,1.6181505731045283,1.618149563055972,1.618148047984844,1.6181460278931927,1.618143502783749
1.6185819382132867,1.6185844689116977,1.6185864934745393,1.6185880118990699,1.6185890241832337,1.618589530325658,1.6185895303256588,1.6185890241832355,1.6185880118990728,1.6185864934745426,1.6185844689117017,1.6185819382132904
1.6190244258970248,1.6190269622146314,1.6190289912728462,1.6190305130689167,1.619031527600778,1.6190320348670533,1.6190320348670544,1.619031527600781,1.619030513068921,1.6190289912728513,1.6190269622146367,1.6190244258970297
1.6194709934187865,1.6194735353858327,1.6194755689636164,1.6194770941493735,1.6194781109410303,1.6194786193372055,1.6194786193372066,1.6194781109410346,1.6194770941493795,1.619475568963624,1.6194735353858407,1.6194709934187939
1.6199216684537556,1.6199242161005,1.6199262542220592,1.6199277828156575,1.6199288018792144,1.6199293114113402,1.6199293114113422,1.6199288018792195,1.6199277828156662,1.6199262542220696,1.619924216100511,1.6199216684537663
1.6203764787676112,1.6203790321243243,1.6203810748138763,1.6203826068334801,1.6203836281810444,1.620384138855177,1.6203841388551794,1.6203836281810524,1.6203826068334914,1.6203810748138912,1.62037903212434,1.6203764787676254
1.6208354522156512,1.6208380113126186,1.620840058594391,1.6208415940581697,1.6208426177018573,1.6208431295240526,1.6208431295240564,1.6208426177018678,1.6208415940581868,1.6208400585944112,1.6208380113126402,1.620835452215672
1.6212986167419159,1.6213011816094323,1.6213032335076618,1.621304772433795,1.6213057983857229,1.6213063113620418,1.6213063113620467,1.6213057983857388,1.6213047724338183,1.6213032335076911,1.6213011816094631,1.6212986167419445
1.6217660003782868,1.6217685710466594,1.621770627585592,1.6217721699922627,1.6217731982645562,1.6217737124010592,1.6217737124010672,1.6217731982645776,1.6217721699922965,1.6217706275856327,1.6217685710467027,1.6217660003783279
1.6222376312435862,1.6222402077431306,1.6222422689470195,1.6222438148524196,1.6222448454572045,1.6222453607599576,1.6222453607599678,1.6222448454572356,1.6222438148524665,1.622242268947077,1.6222402077431919,1.6222376312436435
1.6227135375426558,1.6227161199036981,1.622718185796805,1.6227197352191296,1.6227207681685387,1.6227212846436068,1.622721284643622,1.6227207681685818,1.6227197352191962,1.622718185796886,1.6227161199037847,1.622713537542737
1.623193747565435,1.6231963358183084,1.6231984064248999,1.6231999593823514,1.6232009946885186,1.6232015123419716,1.6232015123419927,1.6232009946885801,1.623199959382445,1.6231984064250145,1.6231963358184305,1.6231937475655498
1.6236782896860174,1.6236808838610626,1.6236829592054127,1.623684515716197,1.6236855533912617,1.6236860722291695,1.6236860722291997,1.6236855533913481,1.6236845157163293,1.623682959205575,1.6236808838612355,1.6236782896861797
1.6241671923617047,1.6241697924892688,1.6241718725956562,1.6241734326779842,1.6241744727340883,1.6241749927625244,1.6241749927625668,1.6241744727342105,1.6241734326781712,1.6241718725958858,1.6241697924895133,1.6241671923619339
1.6246604841320462,1.624663090242482,1.6246651751351902,1.624666738807276,1.6246677812565653,1.6246683024816049,1.6246683024816646,1.6246677812567374,1.6246667388075404,1.6246651751355143,1.6246630902428265,1.6246604841323706
1.6251581936178672,1.62516080574153,1.6251628954448474,1.6251644627249102,1.6251655075795326,1.6251660300072548,1.6251660300073394,1.6251655075797762,1.6251644627252833,1.6251628954453055,1.6251608057420177,1.6251581936183248
1.625660349520285,1.6256629676875365,1.6256650622257536,1.625666633132015,1.6256676804041246,1.6256682040406107,1.6256682040407302,1.6256676804044692,1.625666633132543,1.6256650622264006,1.6256629676882248,1.625660349520932
1.626166980619721,1.626169604860922,1.626171704258334,1.626173278809021,1.6261743285107737,1.626174853362111,1.62617485336228,1.6261743285112602,1.6261732788097663,1.626171704259248,1.626169604861895,1.626166980620635
1.6266781157748893,1.626680746120404,1.6266828504013078,1.626684428614651,1.6266854807582098,1.6266860068304905,1.6266860068307292,1.6266854807588973,1.6266844286157038,1.6266828504025992,1.6266807461217785,1.626678115776181
1.6271937839217874,1.6271964204019786,1.6271985295906741,1.6272001114849088,1.6272011660824435,1.6272016933817683,1.6272016933821054,1.6272011660834145,1.627200111486396,1.6271985295924989,1.6271964204039207,1.627193783923612
1.6277140140726651,1.6277166567178947,1.6277187708386842,1.6277203564320515,1.627721413495741,1.6277219420282223,1.6277219420286988,1.6277214134971123,1.6277203564341531,1.6277187708412617,1.6277166567206378,1.627714014075243
1.6282388353149877,1.6282414841556136,1.628243603232801,1.6282451925435522,1.6282462520855874,1.6282467818573532,1.6282467818580257,1.6282462520875254,1.6282451925465207,1.628243603236443,1.628241484159489,1.6282388353186295
1.6287682768103833,1.6287709318767583,1.6287730559346527,1.6287746489810475,1.6287757110136383,1.6287762420308376,1.6287762420317886,1.628775711016376,1.6287746489852422,1.6287730559397977,1.6287709318822339,1.6287682768155287
1.6293023677935812,1.6293050291160502,1.6293071581789624,1.6293087549792784,1.6293098195146585,1.6293103517834724,1.6293103517848158,1.6293098195185263,1.6293087549852043,1.6293071581862317,1.629305029123786,1.6293023678008502
1.6298411375713313,1.6298438051802284,1.6298459392724767,1.629847539845012,1.62984860689545,1.629849140422104,1.6298491404240019,1.629848606900915,1.6298475398533843,1.629845939282747,1.6298438051911575,1.6298411375816013
1.6303846155213146,1.6303872894469578,1.6303894285928688,1.6303910329559526,1.6303921025337682,1.6303926373245485,1.63039263732723,1.630392102541489,1.6303910329677813,1.6303894286073788,1.6303872894623987,1.6303846155358244
1.630932831091031,1.6309355113637178,1.630937655587631,1.6309392637596374,1.6309403358772196,1.6309408719385012,1.6309408719422898,1.6309403358881274,1.6309392637763491,1.6309376556081305,1.6309355113855333,1.6309328311115303
1.6314858137966728,1.631488500446672,1.6314906497729447,1.631492261772312,1.6314933364421504,1.6314938737804328,1.6314938737857847,1.6314933364575612,1.6314922617959224,1.6314906498019073,1.6314885004774928,1.6314858138256347
1.6320435932219708,1.6320462862795122,1.6320484407325309,1.6320500565777867,1.6320511338125132,1.6320516724344707,1.6320516724420322,1.6320511338342856,1.632050056611144,1.6320484407734495,1.632046286323057,1.6320435932628892
1.6326061990170158,1.632608898512276,1.6326110581164666,1.6326126778262684,1.6326137576387154,1.632614297551273,1.6326142975619558,1.6326137576694761,1.6326126778733965,1.6326110581742777,1.6326088985737968,1.6326061990748262
1.633173660897041,1.6331763668601234,1.6331785316399716,1.6331801552331604,1.633181237636446,1.63318177884688,1.6331817788619736,1.6331812376799058,1.6331801552997438,1.6331785317216485,1.6331763669470414,1.633173660978717
1.633746008641163,1.6337487211020694,1.6337508910821468,1.6337525185778237,1.6337536035854707,1.6337541461015554,1.6337541461228795,1.6337536036468712,1.633752518671894,1.6337508911975411,1.633748721224869,1.6337460087565563
1.6343232720910554,1.6343259910796482,1.6343281662846483,1.6343297977022853,1.6343308853283878,1.6343314291586024,1.6343314291887294,1.6343308854151353,1.63432979783519,1.6343281664476796,1.6343259912531418,1.6343232722540852
1.6349054811495471,1.6349082066954939,1.634910387150287,1.6349120225098808,1.634913112769342,1.6349136579231616,1.6349136579657255,1.6349131128919008,1.6349120226976508,1.6349103873806208,1.6349082069406091,1.6349054813798787
1.6354926657791053,1.6354953979118025,1.6354975836415107,1.6354992229638006,1.6355003158726698,1.635500862360976,1.6355008624211114,1.6355003160458228,1.6354992232290861,1.6354975839669306,1.6354953982581057,1.6354926661045224
1.6360848560001686,1.6360875947486315,1.636089785778735,1.6360914290855149,1.6360925246614584,1.6360930724971232,1.636093072582084,1.6360925249060922,1.6360914294603153,1.636089786238495,1.6360875952378962,1.6360848564599237
1.6366820818892625,1.6366848272819756,1.636687023638465,1.6366886709530162,1.6366897692159905,1.6366903184146975,1.6366903185347315,1.6366897695616145,1.6366886714825424,1.636687024288023,1.6366848279732182,1.6366820825388138
1.6372843735768277,1.6372871256415267,1.6372893273511164,1.6372909786988288,1.6372920796720258,1.6372926302534303,1.6372926304230164,1.6372920801603303,1.637290979446954,1.637289328268825,1.637287126618128,1.6372843744945265
1.6378917612446289,1.637894520007998,1.6378967270984286,1.637898382507672,1.637899486218856,1.6379000382082274,1.6379000384478228,1.6378994869087422,1.6378983835646377,1.6378967283949852,1.637894521387759,1.6378917625411722
1.6385042751225865,1.6385070406098277,1.6385092531102952,1.6385109126136523,1.6385120190970508,1.6385125725275915,1.638512572866096,1.6385120200717358,1.6385109141069538,1.6385092549420959,1.6385070425591817,1.6385042769543685
1.6391219454847932,1.6391247177190222,1.6391269356607805,1.6391285992967892,1.6391297085957623,1.6391302635118816,1.639130263990128,1.6391297099728162,1.6391286014065551,1.639126938248784,1.6391247204731074,1.6391219480727706
1.6397448026443826,1.6397475816457714,1.6397498050629882,1.6397514728786042,1.6397525850494163,1.63975314151136,1.6397531421870355,1.6397525869949452,1.6397514758593228,1.6397498087193711,1.6397475855367973,1.6397448063007276
1.6403728769467831,1.6403756627313528,1.6403778916623168,1.6403795637163892,1.6403806788335389,1.6403812369239248,1.6403812378785327,1.6403806815822206,1.6403795679276074,1.6403778968281266,1.6403756682286712,1.64037288211254
1.6410061987606919,1.641008991338604,1.6410112258274288,1.641012902195616,1.6410140203593624,1.6410145801924194,1.6410145815411081,1.6410140242427542,1.6410129081453073,1.6410112331257876,1.6410089991053236,1.641006206058975
1.6416447984658291,1.6416475978389755,1.6416498379380122,1.641651518719717,1.6416526400667175,1.6416532018013323,1.6416532037067864,1.6416526455532503,1.6416515271255594,1.6416498482492772,1.641647608811951,1.641644808776988
1.6422887064361587,1.6422915125947561,1.642293758367993,1.6422954436961705,1.6422965684145001,1.6422971322726507,1.642297134964714,1.6422965761659813,1.64229545557211,1.6422937729359521,1.642291528097592,1.6422887210039672
1.6429379530166934,1.6429407659344757,1.6429430174623474,1.6429447075173458,1.642945835867716,1.642946402160513,1.642946405963913,1.642945846819162,1.6429447242959079,1.6429430380442478,1.6429407878371887,1.6429379735983811
1.6435925684912605,1.6435953881186867,1.6435976455048613,1.6435993405339735,1.643600472879701,1.6436010420441682,1.6436010474176868,1.6436004883521194,1.6435993642390576,1.6435976745833765,1.6435954190632722,1.6435925975694752
1.644252583037488,1.6442554092921595,1.64425767267312,1.644259373018187,1.6442605098675092,1.6442610825185386,1.6442610901103512,1.644260531727247,1.644259406509197,1.644257713755821,1.6442554530112818,1.6442526241197644
1.644918026663765,1.6449208594168971,1.6449231289754667,1.6449248351118397,1.6449259771776625,1.6449265541813871,1.6449265649072493,1.6449260080615296,1.6449248824285991,1.6449231870179184,1.6449209211841378,1.644918084705617
1.6455889291207542,1.6455917681780905,1.645594044162512,1.6455957567540316,1.6455969050382586,1.645597487615666,1.6455975027693728,1.645596948671591,1.6455958236040809,1.6455941261660367,1.6455918554440725,1.6455890111234306
1.6462653197769919,1.6462681648518978,1.6462704476027379,1.646272167579268,1.6462733234917901,1.6462739133650024,1.6462739347744528,1.6462733851378106,1.6462722620263313,1.6462705634589423,1.646268288143013,1.6462654356319988
1.6469472274438506,1.6469500781194009,1.646952368107452,1.6469540967741612,1.6469552623006594,1.646955861899406,1.646955892147082,1.6469553493953402,1.6469542302108184,1.6469525317914022,1.6469502523075559,1.6469473911261072
1.6476346801291095,1.6476375358047315,1.6476398336843616,1.6476415728755895,1.6476427508140166,1.6476433635669396,1.6476434063014098,1.6476428738630098,1.6476417613974892,1.647640064940321,1.6476377819012844,1.6476349113826774
1.6483277046899936,1.6483305645064834,1.648332871190604,1.6483346234862402,1.6483358177797554,1.648336448525209,1.6483365089011928,1.6483359916255678,1.6483348898335817,1.648333197913705,1.6483309121967844,1.648328031409713
1.6490263263447882,1.649029189079149,1.649031505844361,1.649033274873565,1.6490344910786465,1.649035146643547,1.6490352319436221,1.6490347366908251,1.6490336511740382,1.6490319674455114,1.6490296803034816,1.6490267879411615
1.649730567985862,1.6497334319042336,1.6497357605378693,1.6497375514043418,1.649738797347701,1.649739487362363,1.6497396078751867,1.6497391443518246,1.6497380830482689,1.6497364126978882,1.6497341259172729,1.6497312201391285
1.6504404492144402,1.650443311867223,1.6504456548721906,1.6504474747475582,1.6504487614456087,1.6504494994890662,1.650449669749857,1.6504492516956661,1.6504482258624777,1.6504465762588376,1.6504442923867542,1.6504413705915466
1.6511559849868058,1.6511588429248072,1.6511612038033907,1.6511630627511993,1.6511644056922936,1.651165210898843,1.6511654514411371,1.651165098316217,1.6511641239356454,1.6511625055621375,1.6511602282331888,1.651157286732069
1.651877183720276,1.6518800321044007,1.6518824157485041,1.6518843278607358,1.651885748784149,1.6518866480901806,1.6518869879186693,1.6518867273080216,1.651885827108563,1.6518842549133748,1.6518819893243475,1.6518790228660916
1.6526040446528556,1.6526068767230555,1.6526092899451548,1.6526112748951234,1.6526128042413737,1.6526138355143898,1.652614315593108,1.6526141866436617,1.652613393024017,1.6526118883913388,1.6526096419978438,1.6526066430721096
1.653336554180888,1.6533393605442939,1.6533418127891735,1.6533438979252886,1.6533455781765916,1.6533467945459175,1.6533474727121829,1.6533475310641919,1.653346890359788,1.6533454840240303,1.6533432675779358,1.6533402253776859
1.6540746808145896,1.6540774485112306,1.654079952790076,1.6540821759058666,1.6540840660731237,1.6540855418694165,1.654086499739297,1.6540868246345042,1.6540864034140146,1.6540851398415568,1.6540829689674281,1.6540798678122808
1.6548183682975388,1.6548210796111786,1.6548236536904872,1.6548260665898376,1.6548282481106817,1.6548300869008024,1.6548314395294406,1.6548321441103915,1.654832038605436,1.6548309827344703,1.6548288803928122,1.6548256972654931
1.655567526349676,1.6555701573619932,1.6555728252090436,1.6555754981102047,1.6555780823541055,1.65558042758281,1.655582336866126,1.6555835831753074,1.65558393366365,1.6555831815889004,1.6555811820764184,1.6555778826220562
1.6563220184515424,1.6563245374068585,1.6563273308245106,1.6563303574603587,1.656333494805351,1.6563365434204442,1.6563392364008918,1.6563412572931868,1.6563422705180533,1.6563419671064485,1.656340122909852,1.6563366545815068
1.6570816461627522,1.6570840118386554,1.6570869720941006,1.657090474997667,1.6570943649068193,1.6570983838356874,1.6571021769861058,1.657105308054546,1.6571072929907502,1.65710766238638,1.6571060568361902,1.657102336240033
1.6578461297832712,1.6578482902657412,1.6578514693145616,1.6578556041557144,1.6578605046442814,1.6578658487146691,1.6578711783658138,1.6578759036823953,1.6578793297510575,1.657880731359625,1.6578795045415524,1.6578753915238853
1.658615085901506,1.6586169784281957,1.658620439070053,1.658625396025515,1.6586316291956855,1.6586387564477256,1.6586462125531645,1.658653227064434,1.6586588195008805,1.6586618572968508,1.6586612669722125,1.6586565036963905
1.6593880037273212,1.659389556500908,1.659393370564943,1.6593993697712537,1.6594073178019886,1.6594167935159962,1.6594271465767974,1.6594374308130297,1.6594463222216267,1.6594520697048267,1.659452660697206,1.6594467022521862
1.6601642241565393,1.6601653610237082,1.6601696046881218,1.6601768825082015,1.6601869665990479,1.6601994411801857,1.6602136374419905,1.660228515479326,1.6602424570202061,1.6602529267952038,1.660256092052718,1.6602475453810208
1.6609429278872954,1.6609435761898625,1.6609483221292645,1.6609571065022084,1.6609697425073517,1.6609858848554413,1.6610049643252391,1.6610260545416746,1.6610475815828172,1.661066606474168,1.6610767534285473,1.661061210943516
1.6605514510488146,1.6617232408372402,1.6617285482914808,1.661739026083614,1.6617545593843348,1.6617749388371583,1.6617998280269222,1.6618287044949391,1.6618607561637004,1.6618947120926908,1.6619286523162347,1.660655957471773
