3.873816597247746,3.8738403587352797,3.8738640713297374,3.8738403587352797,3.873816597247746
3.873792835760212,3.873863973801429,3.8738876866557495,3.873863973801429,3.873792835760212
3.8738640692394983,3.873935209631532,3.8739589232694676,3.873935209631532,3.8738640692394983
3.873982923483494,3.8740540677976583,3.8740777827429866,3.8740540677976583,3.873982923483494
3.8741494011133577,3.8742205509211174,3.874244267697668,3.8742205509211174,3.8741494011133577
3.874363505799532,3.8744346626725634,3.874458381804235,3.8744346626725634,3.874363505799532
3.8746252422618825,3.874696407772136,3.8747201297829186,3.874696407772136,3.8746252422618825
3.8749346162698832,3.8750057919896417,3.875029517403636,3.8750057919896417,3.8749346162698832
3.875291634642835,3.8753628221447762,3.875386551486216,3.8753628221447762,3.875291634642835
3.8756963052501336,3.87576750610739,3.875791239900658,3.87576750610739,3.8756963052501336
3.876148637011569,3.8762198527977887,3.876243591567442,3.8762198527977887,3.876148637011569
3.8766486398976716,3.8767198721870777,3.8767436164578633,3.8767198721870777,3.8766486398976716
3.877196324930095,3.87726757529755,3.8772913255944292,3.87726757529755,3.877196324930095
3.8777917041820436,3.8778629742031065,3.8778867310512726,3.8778629742031065,3.8777917041820436
3.8784347907787375,3.878506082029726,3.878529845954626,3.878506082029726,3.8784347907787375
3.879125598897917,3.8791969129559702,3.8792206844833226,3.8791969129559702,3.879125598897917
3.879864143770393,3.879935482213529,3.8799592618693466,3.879935482213529,3.879864143770393
3.880650441680631,3.88072180608781,3.88074559439842,3.88072180608781,3.880650441680631
3.8814845099673825,3.881555901918567,3.88157969941063,3.881555901918567,3.8814845099673825
3.8823663670243516,3.8824377881005683,3.8824615953010997,3.8824377881005683,3.8823663670243516
3.883296032300905,3.883367484084305,3.8833913015206956,3.883367484084305,3.883296032300905
3.884273526302825,3.8843450103767445,3.8843688385767807,3.8843450103767445,3.884273526302825
3.885298870593098,3.885370388542121,3.8853942280340035,3.885370388542121,3.885298870593098
3.886372087792747,3.886443641202767,3.8864674925151332,3.886443641202767,3.886372087792747
3.8874932015817074,3.887564792039985,3.88758865570193,3.887564792039985,3.8874932015817074
3.8886622366997363,3.888733865794965,3.8887577423360584,3.888733865794965,3.8886622366997363
3.8898792189473697,3.8899508882697353,3.8899747782200476,3.8899508882697353,3.8898792189473697
3.8911441751869216,3.8912158863281627,3.891239790218279,3.8912158863281627,3.8911441751869216
3.892457133343514,3.892528887896986,3.8925528062580326,3.892528887896986,3.892457133343514
3.893818122406161,3.8938899219668968,3.8939138553305566,3.8938899219668968,3.893818122406161
3.895227172428885,3.895299018593655,3.895322967492193,3.895299018593655,3.895227172428885
3.8966843145318784,3.8967562088992547,3.896780173865535,3.8967562088992547,3.8966843145318784
3.8981895809027036,3.89826152507312,3.898285506640627,3.89826152507312,3.8981895809027036
3.8997430047975357,3.8998150003733523,3.8998389990762137,3.8998150003733523,3.8997430047975357
3.9013446205424507,3.9014166691280137,3.901440685501017,3.9014166691280137,3.9013446205424507
3.9029944635347453,3.9030665667364492,3.9030906013150677,3.9030665667364492,3.9029944635347453
3.9046925702443107,3.904764729670662,3.90478878299107,3.904764729670662,3.9046925702443107
3.9064389782150344,3.9065111954767113,3.9065352680758103,3.9065111954767113,3.9064389782150344
3.908233726066254,3.908306002776173,3.908330095191608,3.908306002776173,3.908233726066254
3.91007685349425,3.9101491912676263,3.9101733040378077,3.9101491912676263,3.91007685349425
3.9119684012737794,3.9120408017281867,3.9120649353923143,3.9120408017281867,3.9119684012737794
3.9139084112596487,3.9139808760150863,3.9140050311131667,3.9139808760150863,3.9139084112596487
3.9158969263883336,3.9159694570672876,3.915993634140156,3.9159694570672876,3.9158969263883336
3.917933990679636,3.9180065889071436,3.9180307884964862,3.9180065889071436,3.917933990679636
3.92001964923839,3.9200923166420987,3.920116539290472,3.9200923166420987,3.92001964923839
3.922153948256201,3.922226686466436,3.922250932717289,3.922226686466436,3.922153948256201
3.924336935013232,3.924409745663058,3.9244340160607516,3.924409745663058,3.924336935013232
3.9265686578800336,3.9266415426053176,3.92666583769515,3.9266415426053176,3.9265686578800336
3.9288491663194134,3.9289221267588905,3.9289464470871116,3.9289221267588905,3.9288491663194134
3.9311785108883477,3.931251548683683,3.9312758947975226,3.931251548683683,3.9311785108883477
3.93355674323994,3.9336298600357913,3.9336542324834753,3.9336298600357913,3.93355674323994
3.9359839161254127,3.936057113569498,3.936081512900274,3.936057113569498,3.9359839161254127
3.9384600833961563,3.938533363139316,3.9385577899034696,3.938533363139316,3.9384600833961563
3.940985300005806,3.9410586637020657,3.9410831184509476,3.9410586637020657,3.940985300005806
3.943559622012371,3.9436330713190095,3.9436575546050516,3.9436330713190095,3.943559622012371
3.9461831065804036,3.946256643158015,3.9462811555347566,3.946256643158015,3.9461831065804036
3.9488558119832127,3.9489294374957713,3.948953979517878,3.9489294374957713,3.9488558119832127
3.951577797605118,3.9516515137200434,3.951676085943327,3.9516515137200434,3.951577797605118
3.9543491239437474,3.95442293233197,3.9544475353134168,3.95442293233197,3.9543491239437474
3.9571698526123846,3.957243754948411,3.9572683892461966,3.957243754948411,3.9571698526123846
3.96004004634235,3.960114044304329,3.960138710477844,3.960114044304329,3.96004004634235
3.9629597689854363,3.9630338642552223,3.9630585628650903,3.9630338642552223,3.9629597689854363
3.965929085516374,3.9660032797795948,3.9660280113877002,3.9660032797795948,3.965929085516374
3.968948062035356,3.969022356981476,3.969047122150982,3.969022356981476,3.968948062035356
3.9720167657705927,3.9720911630929843,3.9721159623883544,3.9720911630929843,3.9720167657705927
3.9751352650809246,3.9752097664769286,3.975234600463951,3.9752097664769286,3.9751352650809246
3.978303629458464,3.97837823662946,3.978403105875269,3.97837823662946,3.978303629458464
3.981521929531297,3.9815966441827686,3.9816215492558653,3.9815966441827686,3.981521929531297
3.9847902370662154,3.9848650609078167,3.9848900023780933,3.9848650609078167,3.9847902370662154
3.988108624971502,3.9881835597171267,3.988208538155889,3.9881835597171267,3.988108624971502
3.9914771672997627,3.9915522146676063,3.9915772306475934,3.991552214667607,3.9914771672997627
3.9948959392507892,3.9949711009634234,3.994996155058835,3.9949711009634266,3.9948959392507892
3.99836501717449,3.9984402949589213,3.998465387745438,3.9984402949589337,3.99836501717449
4.0018844785738406,4.001959874161576,4.001985006216392,4.001959874161623,4.0018844785738406
4.005454402107902,4.005529917234989,4.005555089136858,4.005529917235166,4.005454402107902
4.009074867594866,4.0091505040018705,4.009175716331222,4.0091505040025295,4.009074867594866
4.012745956015159,4.012821715446877,4.012846968786197,4.012821715449336,4.012745956015159
4.016467749514591,4.016543633718797,4.016568928653962,4.016543633727974,4.016467749514591
4.020240331407533,4.020316342130139,4.020341679255363,4.02031634216439,4.020240331407531
4.024063786180162,4.024139925146939,4.024165305083134,4.024139925274767,4.0240637861801565
4.027938199493719,4.028014468341917,4.028039891805163,4.028014468818981,4.027938199493698
4.031863658187691,4.031940058210794,4.03196552626767,4.031940059991239,4.031863658187612
4.035840250282369,4.0359167814780275,4.035942296497723,4.035916788122826,4.035840250282071
4.039868064977346,4.039944722498383,4.039970291701634,4.039944747297429,4.039868064976234
4.04394719262614,4.0440239535605444,4.044049602239132,4.044024046113043,4.0439471926219905
4.048077724570596,4.048154498751256,4.0481803194561525,4.048154844166353,4.048077724555102
4.052259752155364,4.052336199441017,4.052362534693277,4.052337488564411,4.052259752097513
4.0564933609539935,4.056568214339862,4.056596333489348,4.0565730254762125,4.05649336073799
4.060778597050911,4.060847165805016,4.060881761780129,4.060865121443105,4.060778596244388
4.065115270322367,4.065160292535104,4.065218628871256,4.065227304757931,4.065115267310924
4.069501807187608,4.069460307785321,4.069605359058042,4.069710404051088,4.069501795943239
4.06727927394644,4.073573975162505,4.074032298330444,4.074507359251244,4.067312768813346
