6.600795349982603,6.600815083510403,6.600832877022895,6.600815083510403,6.600795349982603
6.6007756164548015,6.600828997022714,6.600846790595474,6.600828997022714,6.6007756164548015
6.600832876372403,6.600886257661702,6.600904051474925,6.600886257661702,6.600832876372403
6.600933483429341,6.600986865980622,6.601004660214508,6.600986865980622,6.600933483429341
6.601077438564597,6.601130822918479,6.601148617753234,6.601130822918479,6.601077438564597
6.601264743102904,6.601318129800036,6.601335925415877,6.601318129800036,6.601264743102904
6.601495398754767,6.601548788335836,6.601566584912997,6.601548788335836,6.601495398754767
6.601769407616494,6.601822800622236,6.601840598340961,6.601822800622236,6.601769407616494
6.602086772170222,6.602140169141432,6.602157968181985,6.602140169141432,6.602086772170222
6.6024474952839665,6.602500896761503,6.602518697304173,6.602500896761503,6.6024474952839665
6.602851580211659,6.602904986736458,6.602922788961559,6.602904986736458,6.602851580211659
6.603299030593208,6.6033524427062895,6.603370246794159,6.6033524427062895,6.603299030593208
6.60378985045455,6.603843268697024,6.603861074828037,6.603843268697024,6.60378985045455
6.604324044207718,6.6043774691208,6.60439527747536,6.6043774691208,6.604324044207718
6.604901616650912,6.604955048775929,6.604972859534478,6.604955048775929,6.604901616650912
6.605522572968578,6.605576012846974,6.605593826189997,6.605576012846974,6.605522572968578
6.606186918731491,6.6062403669048395,6.606258183012862,6.6062403669048395,6.606186918731491
6.60689465989684,6.606948116906856,6.606965935960448,6.606948116906856,6.60689465989684
6.607645802808333,6.607699269196874,6.607717091376657,6.607699269196874,6.607645802808333
6.608440354196293,6.608493830505374,6.608511655992022,6.608493830505374,6.608440354196293
6.609278321177765,6.609331807949568,6.609349636923807,6.609331807949568,6.609278321177765
6.610159711256641,6.610213209033519,6.610231041676136,6.610213209033519,6.610159711256641
6.61108453232377,6.611138041648261,6.611155878140103,6.611138041648261,6.61108453232377
6.612052792657092,6.612106314071926,6.612124154593903,6.612106314071926,6.612052792657092
6.613064500921769,6.613118034969874,6.613135879702963,6.613118034969874,6.613064500921769
6.614119666170322,6.6141732133948405,6.614191062520091,6.6141732133948405,6.614119666170322
6.615218297842787,6.615271858787079,6.615289712485609,6.615271858787079,6.615218297842787
6.6163604057668595,6.616413980974508,6.616431839427516,6.616413980974508,6.6163604057668595
6.61754600015805,6.617599590172882,6.617617453561645,6.617599590172882,6.61754600015805
6.618775091619862,6.618828696985949,6.61884656549182,6.618828696985949,6.618775091619862
6.62004769114395,6.620101312405613,6.62011918621004,6.620101312405613,6.62004769114395
6.621363810110302,6.621417447812135,6.621435327096646,6.621417447812135,6.621363810110302
6.62272346028743,6.622777114974292,6.622794999920508,6.622777114974292,6.62272346028743
6.624126653832547,6.624180326049581,6.62419821683922,6.624180326049581,6.624126653832547
6.625573403291773,6.625627093584419,6.625644990399291,6.625627093584419,6.625573403291773
6.627063721600336,6.6271174305143274,6.627135333536348,6.6271174305143274,6.627063721600336
6.62859762208278,6.628651350164163,6.6286692595753465,6.628651350164163,6.62859762208278
6.630175118453179,6.630228866248316,6.630246782230787,6.630228866248316,6.630175118453179
6.631796224815363,6.631849992870947,6.631867915606933,6.631849992870947,6.631796224815363
6.633460955663141,6.633514744526197,6.633532674198045,6.633514744526197,6.633460955663141
6.635169325880536,6.635223136098439,6.635241072888606,6.635223136098439,6.635169325880536
6.636921350742031,6.636975182862508,6.636993126953571,6.636975182862508,6.636921350742031
6.63871704591281,6.6387709004839515,6.638788852058608,6.6387709004839515,6.63871704591281
6.64055642744901,6.6406103050192815,6.6406282642603545,6.6406103050192815,6.64055642744901
6.642439511797989,6.642493412916235,6.642511380006674,6.642493412916235,6.642439511797989
6.644366315798582,6.644420241014041,6.644438216136925,6.644420241014041,6.644366315798582
6.646336856681377,6.646390806543687,6.646408789882232,6.646390806543687,6.646336856681377
6.648351152069002,6.648405127128208,6.64842311886576,6.648405127128208,6.648351152069002
6.650409219976389,6.650463220782958,6.6504812211030115,6.650463220782958,6.650409219976389
6.652511078811093,6.652565105915916,6.652583115002097,6.652565105915916,6.652511078811093
6.654656747373563,6.654710801327969,6.654728819364058,6.654710801327969,6.654656747373563
6.656846244857463,6.656900326213227,6.656918353383151,6.656900326213227,6.656846244857463
6.659079590849979,6.659133700159332,6.659151736647167,6.659133700159332,6.659079590849979
6.661356805332129,6.661410943147764,6.661428989137744,6.661410943147764,6.661356805332129
6.6636779086790945,6.663732075554181,6.663750131230692,6.663732075554181,6.6636779086790945
6.6660429216605435,6.666097118148732,6.666115183696329,6.666097118148732,6.6660429216605435
6.668451865440976,6.668506092096406,6.668524167699801,6.668506092096406,6.668451865440976
6.670904761580048,6.670959018957364,6.670977104801443,6.670959018957364,6.670904761580048
6.6734016320329435,6.673455920687298,6.673474016957109,6.673455920687298,6.6734016320329435
6.67594249915071,6.675996819637774,6.676014926518544,6.675996819637774,6.67594249915071
6.67852738568063,6.678581738556605,6.678599856233736,6.678581738556605,6.67852738568063
6.681156314766586,6.6812107005882115,6.681228829247282,6.6812107005882115,6.681156314766586
6.683829309949437,6.683883729273997,6.683901869100771,6.683883729273997,6.683829309949437
6.686546395167396,6.686600848552734,6.686618999733159,6.686600848552734,6.686546395167396
6.689307594756417,6.68936208276094,6.689380245481155,6.68936208276094,6.689307594756417
6.692112933450596,6.692167456633286,6.692185631079616,6.692167456633286,6.692112933450596
6.694962436382557,6.695016995302982,6.695035181661953,6.695016995302982,6.694962436382557
6.697856129083878,6.697910724302196,6.697928922760527,6.697910724302196,6.697856129083878
6.700794037485479,6.700848669562455,6.700866880307069,6.700848669562455,6.700794037485479
6.703776187918066,6.703830857415074,6.703849080633098,6.703830857415074,6.703776187918066
6.706802607112546,6.706857314591581,6.706875550470345,6.706857314591581,6.706802607112546
6.709873322200451,6.70992806822414,6.709946316951192,6.7099280682241425,6.709873322200451
6.712988360714395,6.713043145846002,6.713061407609098,6.713043145846013,6.712988360714395
6.7161477505885046,6.716202575391934,6.716220850379064,6.716202575391979,6.7161477505885046
6.719351520158882,6.719406385198663,6.719424673598061,6.71940638519883,6.719351520158882
6.722599698164049,6.722654604005259,6.72267290600551,6.722654604005886,6.722599698164049
6.7258923137454305,6.725947260953362,6.725965576743733,6.725947260955702,6.72589231374543
6.729229396447808,6.729284385586729,6.7293027153584335,6.729284385595465,6.729229396447807
6.732610976219811,6.7326660078482945,6.732684351799166,6.732666007880895,6.732610976219811
6.736037083414391,6.7360921580678585,6.7361105164198225,6.736092158189525,6.736037083414388
6.739507748789292,6.739562866914874,6.739581239979099,6.739562867368947,6.7395077487892845
6.743023003507421,6.74307816522094,6.743096553640866,6.743078166915572,6.743023003507393
6.74658287913662,6.746638083316226,6.7466564889739224,6.746638089640706,6.746582879136515
6.750187407645837,6.750242648553205,6.75026107794813,6.750242672156601,6.750187407645444
6.753836621380306,6.753891876072808,6.753910352909442,6.7538919641623085,6.7538366213788406
6.757530552914069,6.757585734395111,6.7576043464318465,6.757586063151203,6.757530552908601
6.761269234186651,6.761324017311466,6.7613430904519145,6.761325244251891,6.761269234166238
6.765052691464204,6.765105867591074,6.76512661122201,6.765110446617402,6.765052691388002
6.768880915951437,6.768928010000666,6.7689548998927975,6.768945099242913,6.768880915666984
6.772753692439882,6.772778218481806,6.772827741052657,6.772841996713232,6.772753691378046
6.776669600358481,6.7766112946511115,6.7767437133779485,6.7768493194125154,6.77666959639474
6.774686853206838,6.780261512917377,6.78069436498403,6.7811498377554225,6.774718738356797
