5.4588550022425455,5.458858314021009,5.458881217402844,5.458898394973607,5.458909846703824,5.4589155725738445,5.4589155725738445,5.458909846703824,5.458898394973607,5.458881217402844,5.458858314021009,5.4588550022425455
5.458851690464081,5.458880319804596,5.458903223335959,5.458920401018869,5.45893185282385,5.458937578731254,5.458937578731254,5.45893185282385,5.458920401018869,5.458903223335959,5.458880319804596,5.458851690464081
5.458881217301665,5.458909846897395,5.45893275063293,5.45894992846897,5.4589613803760395,5.458967106334486,5.458967106334486,5.4589613803760395,5.45894992846897,5.45893275063293,5.458909846897395,5.458881217301665
5.458918265464571,5.458946895383821,5.458969799378175,5.45898697740833,5.458998429444808,5.4590041554679605,5.4590041554679605,5.458998429444808,5.45898697740833,5.458969799378175,5.458946895383821,5.458918265464571
5.458962835083097,5.458991465394176,5.459014369701994,5.459031547967247,5.459043000160459,5.459048726261978,5.459048726261978,5.459043000160459,5.459031547967247,5.459014369701994,5.458991465394176,5.458962835083097
5.459014926333427,5.459043557104643,5.459066461780571,5.45908364032191,5.459095092699178,5.4591008188927255,5.4591008188927255,5.459095092699178,5.45908364032191,5.459066461780571,5.459043557104643,5.459014926333427
5.459074539437618,5.459103170737284,5.459126075835973,5.459143254694384,5.459154707283034,5.459160433582273,5.459160433582273,5.459154707283034,5.459143254694384,5.459126075835973,5.459103170737284,5.459074539437618
5.459141674663614,5.459170306560042,5.459193212136144,5.459210391352614,5.4592218441799725,5.459227570598565,5.459227570598565,5.4592218441799725,5.459210391352614,5.459193212136144,5.459170306560042,5.459141674663614
5.4592163323252265,5.459244964886735,5.459267870994902,5.459285050610422,5.459296503703817,5.459302230255425,5.459302230255425,5.459296503703817,5.459285050610422,5.459267870994902,5.459244964886735,5.4592163323252265
5.45929851278214,5.4593271460770465,5.459350052771937,5.459367232827501,5.459378686214256,5.459384412912549,5.459384412912549,5.459378686214256,5.459367232827501,5.459350052771937,5.4593271460770465,5.45929851278214
5.4593882164398995,5.459416850536529,5.459439757872801,5.459456938409404,5.459468392116852,5.459474118975491,5.459474118975491,5.459468392116852,5.459456938409404,5.459439757872801,5.459416850536529,5.4593882164398995
5.4594854437499105,5.45951407871659,5.4595369867489065,5.459554167807543,5.459565621863017,5.4595713488956665,5.4595713488956665,5.459565621863017,5.459554167807543,5.4595369867489065,5.45951407871659,5.4594854437499105
5.459590195209425,5.459618831114488,5.459641739897514,5.4596589215191855,5.459670375950015,5.459676103170346,5.459676103170346,5.459670375950015,5.4596589215191855,5.459641739897514,5.459618831114488,5.459590195209425
5.45970247136154,5.459731108273322,5.459754017861727,5.459771200087436,5.459782654920959,5.459788382342635,5.459788382342635,5.459782654920959,5.459771200087436,5.459754017861727,5.459731108273322,5.45970247136154
5.459822272795183,5.459850910782025,5.459873821230484,5.459891004101234,5.459902459364787,5.459908187001477,5.459908187001477,5.459902459364787,5.459891004101234,5.459873821230484,5.459850910782025,5.459822272795183
5.459949600145101,5.459978239275352,5.460001150638542,5.460018334195344,5.4600297899162635,5.460035517781639,5.460035517781639,5.4600297899162635,5.460018334195344,5.460001150638542,5.459978239275352,5.459949600145101
5.460084454091856,5.4601130944338685,5.460136006766471,5.4601531910503365,5.460164647255967,5.460170375363696,5.460170375363696,5.460164647255967,5.4601531910503365,5.460136006766471,5.4601130944338685,5.460084454091856
5.460226835361808,5.46025547698394,5.460278390340644,5.460295575392587,5.460307032110271,5.46031276047403,5.46031276047403,5.460307032110271,5.460295575392587,5.460278390340644,5.46025547698394,5.460226835361808
5.460376744727099,5.460405387697718,5.460428302133216,5.4604454879942566,5.460456945251343,5.4604626738848,5.4604626738848,5.460456945251343,5.4604454879942566,5.460428302133216,5.460405387697718,5.460376744727099
5.46053418300565,5.460562827393127,5.460585742962117,5.46060292967328,5.460614387497114,5.460620116413948,5.460620116413948,5.460614387497114,5.46060292967328,5.460585742962117,5.460562827393127,5.46053418300565
5.460699151061135,5.460727796933848,5.460750713691033,5.460767901293348,5.4607793597112835,5.460785088925169,5.460785088925169,5.4607793597112835,5.460767901293348,5.460750713691033,5.460727796933848,5.460699151061135
5.460871649802968,5.460900297229307,5.460923215229399,5.460940403763895,5.460951862803288,5.460957592327903,5.460957592327903,5.460951862803288,5.460940403763895,5.460923215229399,5.460900297229307,5.460871649802968
5.461051680186296,5.461080329234654,5.461103248532368,5.461120438040085,5.4611318977282926,5.461137627577315,5.461137627577315,5.4611318977282926,5.461120438040085,5.461103248532368,5.461080329234654,5.461051680186296
5.461239243211964,5.4612678939507475,5.461290814600805,5.461308005122785,5.461319465487169,5.461325195674282,5.461325195674282,5.461319465487169,5.461308005122785,5.461290814600805,5.4612678939507475,5.461239243211964
5.461434339926515,5.461462992424133,5.461485914481267,5.461503106058558,5.461514567126485,5.461520297665368,5.461520297665368,5.461514567126485,5.461503106058558,5.461485914481267,5.461462992424133,5.461434339926515
5.46163697142216,5.461665625747035,5.461688549265979,5.4617057419396335,5.461717203738471,5.461722934642811,5.461722934642811,5.461717203738471,5.4617057419396335,5.461688549265979,5.461665625747035,5.46163697142216
5.461847138836755,5.461875795057318,5.461898720092821,5.461915913903896,5.461927376461017,5.461933107744499,5.461933107744499,5.461927376461017,5.461915913903896,5.461898720092821,5.461875795057318,5.461847138836755
5.4620648433537955,5.462093501538484,5.462116428145296,5.462133623134857,5.462145086477639,5.46215081815395,5.46215081815395,5.462145086477639,5.462133623134857,5.462116428145296,5.462093501538484,5.4620648433537955
5.462290086202373,5.462318746419639,5.462341674652521,5.462358870861641,5.462370335017461,5.462376067100294,5.462376067100294,5.462370335017461,5.462358870861641,5.462341674652521,5.462318746419639,5.462290086202373
5.462522868657171,5.4625515309754755,5.462574460889197,5.462591658358949,5.462603123355196,5.462608855858241,5.462608855858241,5.462603123355196,5.462591658358949,5.462574460889197,5.4625515309754755,5.462522868657171
5.462763192038432,5.4627918565262465,5.462814788175583,5.462831986947053,5.4628434528111125,5.462849185748066,5.462849185748066,5.4628434528111125,5.462831986947053,5.462814788175583,5.4627918565262465,5.462763192038432
5.463011057711933,5.46303972443774,5.4630626578774795,5.463079857991756,5.463091324751023,5.463097058135581,5.463097058135581,5.463091324751023,5.463079857991756,5.4630626578774795,5.46303972443774,5.463011057711933
5.463266467088961,5.463295136121256,5.463318071406195,5.463335272904375,5.463346740586247,5.463352474432108,5.463352474432108,5.463346740586247,5.463335272904375,5.463318071406195,5.463295136121256,5.463266467088961
5.4635294216262915,5.463558093033579,5.4635810302185215,5.463598233141711,5.4636097017735885,5.463615436094456,5.463615436094456,5.4636097017735885,5.463598233141711,5.4635810302185215,5.463558093033579,5.4635294216262915
5.463799922826149,5.463828596676949,5.46385153581671,5.463868740206019,5.463880209815314,5.463885944624888,5.463885944624888,5.463880209815314,5.463868740206019,5.46385153581671,5.463828596676949,5.463799922826149
5.464077972236195,5.464106648599037,5.464129589748442,5.464146795644989,5.464158266259113,5.464164001571103,5.464164001571103,5.464158266259113,5.464146795644989,5.464129589748442,5.464106648599037,5.464077972236195
5.464363571449484,5.464392250392912,5.464415193606796,5.46443240105171,5.46444387269808,5.464449608526193,5.464449608526193,5.46444387269808,5.46443240105171,5.464415193606796,5.464392250392912,5.464363571449484
5.46465672210444,5.464685403697013,5.464708349030224,5.464725558064638,5.464737030770678,5.464742767128627,5.464742767128627,5.464737030770678,5.464725558064638,5.464708349030224,5.464685403697013,5.46465672210444
5.4649574258848315,5.46498611019512,5.465009057702512,5.46502626836757,5.465037742160709,5.465043479062208,5.465043479062208,5.465037742160709,5.46502626836757,5.465009057702512,5.46498611019512,5.4649574258848315
5.465265684519727,5.4652943716163165,5.465317321352759,5.465334533689612,5.465346008597281,5.465351746056049,5.465351746056049,5.465346008597281,5.465334533689612,5.465317321352759,5.4652943716163165,5.465265684519727
5.465581499783469,5.465610189734959,5.465633141755335,5.465650355805139,5.465661831854785,5.4656675698845385,5.4656675698845385,5.465661831854785,5.465650355805139,5.465633141755335,5.465610189734959,5.465581499783469
5.465904873495647,5.46593356637065,5.465956520729847,5.465973736533778,5.46598521375284,5.465990952367306,5.465990952367306,5.46598521375284,5.465973736533778,5.465956520729847,5.46593356637065,5.465904873495647
5.466235807521045,5.466264503388193,5.466287460141119,5.46630467774035,5.466316156156286,5.466321895369187,5.466321895369187,5.466316156156286,5.46630467774035,5.466287460141119,5.466264503388193,5.466235807521045
5.46657430376963,5.466603002697568,5.466625961899137,5.466643181334858,5.466654660975122,5.466660400800189,5.466660400800189,5.466654660975122,5.466643181334858,5.466625961899137,5.466603002697568,5.46657430376963
5.466920364196493,5.466949066253882,5.466972027959023,5.466989249272432,5.4670007301644885,5.467006470615453,5.467006470615453,5.4670007301644885,5.466989249272432,5.466972027959023,5.466949066253882,5.466920364196493
5.4672739908018295,5.467302696057345,5.467325660321,5.467342883553301,5.467354365724624,5.467360106815222,5.467360106815222,5.467354365724624,5.467342883553301,5.467325660321,5.467302696057345,5.4672739908018295
5.467635185630888,5.467663894153225,5.46768686103035,5.46770408622276,5.467715569700826,5.467721311444796,5.467721311444796,5.467715569700826,5.46770408622276,5.46768686103035,5.467663894153225,5.467635185630888
5.468003950773941,5.468032662631808,5.4680556321773715,5.468072859371118,5.468084344183411,5.468090086594498,5.468090086594498,5.468084344183411,5.468072859371118,5.4680556321773715,5.468032662631808,5.468003950773941
5.468380288366237,5.4684090036283655,5.46843197589735,5.468449205133668,5.468460691307683,5.468466434399629,5.468466434399629,5.468460691307683,5.468449205133668,5.46843197589735,5.4684090036283655,5.468380288366237
5.468764200587971,5.468792919323105,5.468815894370507,5.468833125690647,5.468844613253878,5.468850357040435,5.468850357040435,5.468844613253878,5.468833125690647,5.468815894370507,5.468792919323105,5.468764200587971
5.469155689664229,5.469184411941132,5.469207389821962,5.469224623267184,5.469236112247138,5.469241856742058,5.469241856742058,5.469236112247138,5.469224623267184,5.469207389821962,5.469184411941132,5.469155689664229
5.469554757864957,5.469583483752412,5.469606464521698,5.469623700133267,5.469635190557459,5.469640935774498,5.469640935774498,5.469635190557459,5.469623700133267,5.469606464521698,5.469583483752412,5.469554757864957
5.469961407504915,5.469990137071721,5.470013120784502,5.470030358603703,5.470041850499651,5.470047596452571,5.470047596452571,5.470041850499651,5.470030358603703,5.470013120784502,5.469990137071721,5.469961407504915
5.470375640943623,5.470404374258603,5.470427360969937,5.470444601038059,5.470456094433294,5.470461841135857,5.470461841135857,5.470456094433294,5.470444601038059,5.470427360969937,5.470404374258603,5.470375640943623
5.470797460585338,5.470826197717327,5.470849187482285,5.470866429840633,5.470877924762689,5.470883672228665,5.470883672228665,5.470877924762689,5.470866429840633,5.470849187482285,5.470826197717327,5.470797460585338
5.471226868878977,5.471255609896838,5.471278602770509,5.471295847460399,5.471307343936822,5.471313092179981,5.471313092179981,5.471307343936822,5.471295847460399,5.471278602770509,5.471255609896838,5.471226868878977
5.471663868318104,5.471692613290715,5.4717156093282,5.471732856390961,5.4717443544493,5.471750103483421,5.471750103483421,5.4717443544493,5.471732856390961,5.4717156093282,5.471692613290715,5.471663868318104
5.472108461440856,5.472137210437117,5.472160209693537,5.472177459170508,5.472188958838328,5.472194708677188,5.472194708677188,5.472188958838328,5.472177459170508,5.472160209693537,5.472137210437117,5.472108461440856
5.472560650829906,5.4725894039187395,5.472612406449231,5.472629658381767,5.472641159686632,5.472646910344018,5.472646910344018,5.472641159686632,5.472629658381767,5.472612406449231,5.4725894039187395,5.472560650829906
5.473020439112417,5.473049196362762,5.473072202222481,5.473089456651946,5.473100959621436,5.473106711111134,5.473106711111134,5.473100959621436,5.473089456651946,5.473072202222481,5.473049196362762,5.473020439112417
5.473487828959979,5.4735165904408,5.473539599684918,5.473556856652692,5.473568361314392,5.473574113650196,5.473574113650196,5.473568361314392,5.473556856652692,5.473539599684918,5.4735165904408,5.473487828959979
5.4739628230885735,5.473991588868859,5.474014601552564,5.474031861100036,5.47404336748154,5.474049120677249,5.474049120677249,5.47404336748154,5.474031861100036,5.474014601552564,5.473991588868859,5.4739628230885735
5.474445424258509,5.474474194407265,5.474497210585764,5.474514472754342,5.474525980883254,5.474531734952668,5.474531734952668,5.474525980883254,5.474514472754342,5.474497210585764,5.474474194407265,5.474445424258509
5.474935635274377,5.474964409860635,5.474987429589152,5.475004694420255,5.475016204324188,5.475021959281113,5.475021959281113,5.475016204324188,5.475004694420255,5.474987429589152,5.474964409860635,5.474935635274377
5.475433458984991,5.475462238077805,5.475485261411584,5.475502528946642,5.475514040653218,5.475519796511467,5.475519796511467,5.475514040653218,5.475502528946642,5.475485261411584,5.475462238077805,5.475433458984991
5.475938898283339,5.475967681951785,5.475990708946087,5.47600797922655,5.476019492763398,5.476025249536786,5.476025249536786,5.476019492763398,5.47600797922655,5.475990708946087,5.475967681951785,5.475938898283339
5.476451956106518,5.4764807444197,5.476503775129808,5.476521048197133,5.476532563591897,5.4765383212942425,5.4765383212942425,5.476532563591897,5.476521048197133,5.476503775129808,5.4764807444197,5.476451956106518
5.476972635435695,5.477001428462734,5.477024462943948,5.477041738839615,5.477053256119943,5.4770590147650715,5.4770590147650715,5.477053256119943,5.477041738839615,5.477024462943948,5.477001428462734,5.476972635435695
5.477500939296029,5.477529737106078,5.477552775413718,5.477570054179215,5.477581573372769,5.477587332974512,5.477587332974512,5.477581573372769,5.477570054179215,5.477552775413718,5.477529737106078,5.477500939296029
5.478036870756632,5.478065673418865,5.47808871560827,5.478105997285104,5.478117518419552,5.478123278991744,5.478123278991744,5.478117518419552,5.478105997285104,5.47808871560827,5.478065673418865,5.478036870756632
5.478580432930495,5.478609240514112,5.478632286640645,5.478649571270332,5.478661094373358,5.4786668559298395,5.4786668559298395,5.478661094373358,5.478649571270332,5.478632286640645,5.478609240514112,5.478580432930495
5.479131628974443,5.479160441548669,5.4791834916677065,5.479200779291787,5.479212304391076,5.479218066945694,5.479218066945694,5.479212304391076,5.479200779291787,5.4791834916677065,5.479160441548669,5.479131628974443
5.479690462089058,5.479719279723145,5.479742333890092,5.4797596245501135,5.479771151673372,5.479776915239974,5.479776915239974,5.479771151673372,5.4797596245501135,5.479742333890092,5.479719279723145,5.479690462089058
5.480256935518637,5.480285758281862,5.480308816552139,5.4803261102896705,5.480337639464607,5.48034340405705,5.48034340405705,5.480337639464607,5.4803261102896705,5.480308816552139,5.480285758281862,5.480256935518637
5.48083105255111,5.480859880512779,5.48088294294183,5.480900239798453,5.48091177105279,5.480917536684936,5.480917536684936,5.48091177105279,5.480900239798453,5.48088294294183,5.480859880512779,5.48083105255111
5.481412816517994,5.4814416497474365,5.481464716390728,5.481482016408044,5.481493549769515,5.481499316455228,5.481499316455228,5.481493549769515,5.481482016408044,5.481464716390728,5.4814416497474365,5.481412816517994
5.482002230794319,5.482031069360895,5.482054140273913,5.4820714434935365,5.482082978989885,5.482088746743037,5.482088746743037,5.482082978989885,5.4820714434935365,5.482054140273913,5.482031069360895,5.482002230794319
5.482599298798568,5.482628142771663,5.482651218009917,5.482668524473481,5.48268006213246,5.482685830966932,5.482685830966932,5.48268006213246,5.482668524473481,5.482651218009917,5.482628142771663,5.482599298798568
5.483204023992606,5.4832328734416365,5.48325595306066,5.483273262809812,5.48328480265919,5.483290572588864,5.483290572588864,5.48328480265919,5.483273262809812,5.48325595306066,5.4832328734416365,5.483204023992606
5.483816409881626,5.4838452648760345,5.483868348931383,5.48388566200779,5.483897204075344,5.483902975114106,5.483902975114106,5.483897204075344,5.48388566200779,5.483868348931383,5.4838452648760345,5.483816409881626
5.484436460014071,5.484465320623328,5.484488409170578,5.484505725615922,5.4845172699294436,5.48452304209119,5.48452304209119,5.4845172699294436,5.484505725615922,5.484488409170578,5.484465320623328,5.484436460014071
5.485064177981565,5.485093044275174,5.485116137369925,5.485133457225912,5.485145003813197,5.485150777111829,5.485150777111829,5.485145003813197,5.485133457225912,5.485116137369925,5.485093044275174,5.485064177981565
5.4856995674188544,5.485728439466344,5.485751537164224,5.485768860472568,5.485780409361433,5.485786183810856,5.485786183810856,5.485780409361433,5.485768860472568,5.485751537164224,5.485728439466344,5.4856995674188544
5.486342632003732,5.486371509874663,5.486394612231319,5.486411939033758,5.486423490252025,5.486429265866153,5.486429265866153,5.486423490252025,5.486411939033758,5.486394612231319,5.486371509874663,5.486342632003732
5.486993375456963,5.487022259220929,5.487045366292033,5.487062696630323,5.487074250205832,5.487080026998578,5.487080026998578,5.487074250205832,5.487062696630323,5.487045366292033,5.487022259220929,5.486993375456963
5.487651801542226,5.487680691268846,5.487703803110099,5.4877211370260115,5.487732692986607,5.487738470971902,5.487738470971902,5.487732692986607,5.4877211370260115,5.487703803110099,5.487680691268846,5.487651801542226
5.488317914066029,5.488346809824957,5.488369926492078,5.488387264027406,5.488398822400953,5.488404601592725,5.488404601592725,5.488398822400953,5.488387264027406,5.488369926492078,5.488346809824957,5.488317914066029
5.488991716877643,5.489020618738563,5.4890437402873005,5.489061081483856,5.489072642298226,5.489078422710412,5.489078422710412,5.489072642298226,5.489061081483856,5.4890437402873005,5.489020618738563,5.488991716877643
5.48967321386903,5.489702121901655,5.489725248387781,5.489742593287392,5.489754156570475,5.489759938217017,5.489759938217017,5.489754156570475,5.489742593287392,5.489725248387781,5.489702121901655,5.48967321386903
5.49036240897476,5.49039132324884,5.490414454728154,5.49043180337267,5.490443369152362,5.490449152047212,5.490449152047212,5.490443369152362,5.49043180337267,5.490414454728154,5.49039132324884,5.49036240897476
5.491059306171948,5.491088226757261,5.4911113632855875,5.4911287157168776,5.491140284021091,5.491146068178205,5.491146068178205,5.491140284021091,5.4911287157168776,5.4911113632855875,5.491088226757261,5.491059306171948
5.491763909480167,5.491792836446529,5.491815978079718,5.491833334339669,5.491844905196331,5.49185069062967,5.49185069062967,5.491844905196331,5.491833334339669,5.491815978079718,5.491792836446529,5.491763909480167
5.4924762229613835,5.492505156378638,5.492528303172566,5.492545663303087,5.492557236740135,5.492563023463669,5.492563023463669,5.492557236740135,5.492545663303087,5.492528303172566,5.492505156378638,5.4924762229613835
5.493196250719866,5.493225190657893,5.4932483426684655,5.493265706711483,5.493277282756869,5.493283070784576,5.493283070784576,5.493277282756869,5.493265706711483,5.4932483426684655,5.493225190657893,5.493196250719866
5.493923996902118,5.493952943430831,5.493976100713979,5.493993468711442,5.4940050473931334,5.494010836738994,5.494010836738994,5.4940050473931334,5.493993468711442,5.493976100713979,5.493952943430831,5.493923996902118
5.494659465696797,5.494688418886144,5.494711581497823,5.494728953491702,5.4947405348376765,5.494746325515681,5.494746325515681,5.4947405348376765,5.494728953491702,5.494711581497823,5.494688418886144,5.494659465696797
5.4954026613346265,5.495431621254591,5.49545478925079,5.49547216528307,5.495483749321323,5.495489541345468,5.495489541345468,5.495483749321323,5.49547216528307,5.49545478925079,5.495431621254591,5.4954026613346265
5.4961535880883305,5.496182554808926,5.496205728245657,5.496223108358356,5.496234695116891,5.496240488501181,5.496240488501181,5.496234695116891,5.496223108358356,5.496205728245657,5.496182554808926,5.4961535880883305
5.496912250272537,5.496941223863818,5.496964402797125,5.4969817870322695,5.496993376539111,5.4969991712975546,5.4969991712975546,5.496993376539111,5.4969817870322695,5.496964402797125,5.496941223863818,5.496912250272537
5.497678652243705,5.497707632775761,5.497730817261713,5.497748205661358,5.497759797944541,5.497765594091156,5.497765594091156,5.497759797944541,5.497748205661358,5.497730817261713,5.497707632775761,5.497678652243705
5.498452798400042,5.498481785942996,5.498504976037694,5.498522368643913,5.498533963731486,5.4985397612803,5.4985397612803,5.498533963731486,5.498522368643913,5.498504976037694,5.498481785942996,5.498452798400042
5.499234693181417,5.499263687805429,5.499286883565,5.49930428041989,5.499315878339919,5.4993216773049625,5.4993216773049625,5.499315878339919,5.49930428041989,5.499286883565,5.499263687805429,5.499234693181417
5.500024341069274,5.50005334284454,5.500076544325144,5.500093945470825,5.500105546251387,5.5001113466467,5.5001113466467,5.500105546251387,5.500093945470825,5.500076544325144,5.50005334284454,5.500024341069274
5.500821746586552,5.500850755583309,5.500873962841132,5.500891368319744,5.500902971988935,5.500908773828565,5.500908773828565,5.500902971988935,5.500891368319744,5.500873962841132,5.500850755583309,5.500821746586552
5.501626914297601,5.501655930586118,5.501679143677379,5.501696553531085,5.501708160117014,5.501713963415014,5.501713963415014,5.501708160117014,5.501696553531085,5.501679143677379,5.501655930586118,5.501626914297601
5.502439848808084,5.502468872458673,5.5024920914396205,5.502509505710607,5.502521115241397,5.502526920011832,5.502526920011832,5.502521115241397,5.502509505710607,5.5024920914396205,5.502468872458673,5.502439848808084
5.503260554764909,5.503289585847915,5.503312810774826,5.503330229505302,5.503341842009094,5.503347648266031,5.503347648266031,5.503341842009094,5.503330229505302,5.503312810774826,5.503289585847915,5.503260554764909
5.504089036856118,5.504118075441931,5.504141306371114,5.504158729603311,5.50417034510826,5.504176152865778,5.504176152865778,5.50417034510826,5.504158729603311,5.504141306371114,5.504118075441931,5.504089036856118
5.504925299810818,5.50495434596986,5.5049775829576575,5.5049950107338335,5.505006629268108,5.505012438540291,5.505012438540291,5.505006629268108,5.5049950107338335,5.5049775829576575,5.50495434596986,5.504925299810818
5.505769348399081,5.505798402201819,5.5058216453046,5.505839077667032,5.5058506992588185,5.50585651005976,5.50585651005976,5.5058506992588185,5.505839077667032,5.5058216453046,5.505798402201819,5.505769348399081
5.506621187431856,5.506650248948791,5.506673498222961,5.506690935213952,5.506702559891453,5.506708372235255,5.506708372235255,5.506702559891453,5.506690935213952,5.506673498222961,5.506650248948791,5.506621187431856
5.507480821760874,5.5075098910625515,5.507533146564548,5.507550588226424,5.507562216017856,5.5075680299186285,5.5075680299186285,5.507562216017856,5.507550588226424,5.507533146564548,5.5075098910625515,5.507480821760874
5.508348256278568,5.508377333435573,5.508400595221859,5.508418041596974,5.508429672530573,5.50843548800243,5.50843548800243,5.508429672530573,5.508418041596974,5.508400595221859,5.508377333435573,5.508348256278568
5.50922349591797,5.509252581000926,5.509275849128007,5.509293300258732,5.509304934362747,5.509310751419816,5.509310751419816,5.509304934362747,5.509293300258732,5.509275849128007,5.509252581000926,5.50922349591797
5.510106545652621,5.510135638732196,5.510158913256601,5.510176369185339,5.510188006488038,5.51019382514445,5.51019382514445,5.510188006488038,5.510176369185339,5.510158913256601,5.510135638732196,5.510106545652621
5.510997410496477,5.511026511643378,5.511049792621673,5.5110672533908485,5.511078893920514,5.511084714190413,5.511084714190413,5.511078893920514,5.5110672533908485,5.511049792621673,5.511026511643378,5.510997410496477
5.511896095503816,5.51192520478879,5.511948492277578,5.51196595792964,5.511977601714573,5.511983423612106,5.511983423612106,5.511977601714573,5.51196595792964,5.511948492277578,5.51192520478879,5.511896095503816
5.51280260576914,5.51283172326298,5.512855017318892,5.512872487896317,5.512884134964832,5.512889958504161,5.512889958504161,5.512884134964832,5.512872487896317,5.512855017318892,5.51283172326298,5.51280260576914
5.513716946427081,5.513746072200621,5.513769372880326,5.513786848425612,5.513798498806047,5.5138043240013355,5.5138043240013355,5.513798498806047,5.513786848425612,5.513769372880326,5.513746072200621,5.513716946427081
5.514639122652305,5.514668256776422,5.51469156413662,5.514709044692294,5.514720698412997,5.514726525278425,5.514726525278425,5.514720698412997,5.514709044692294,5.51469156413662,5.514668256776422,5.514639122652305
5.515569139659414,5.515598282205026,5.515621596302454,5.515639081911071,5.51565073900041,5.515656567550158,5.515656567550158,5.51565073900041,5.515639081911071,5.515621596302454,5.515598282205026,5.515569139659414
5.516507002702845,5.516536153740916,5.516559474632345,5.516576965336482,5.516588625822843,5.516594456071105,5.516594456071105,5.516588625822843,5.516576965336482,5.516559474632345,5.516536153740916,5.516507002702845
5.517452717076776,5.517481876678314,5.51750520442055,5.517522700262811,5.517534364174598,5.517540196135576,5.517540196135576,5.517534364174598,5.517522700262811,5.51750520442055,5.517481876678314,5.517452717076776
5.518406288115026,5.518435456351082,5.518458791000965,5.518476292023983,5.518487959389616,5.5184937930775195,5.5184937930775195,5.518487959389616,5.518476292023983,5.518458791000965,5.518435456351082,5.518406288115026
5.519367721190948,5.51939689813262,5.5194202397470296,5.51943774599346,5.51944941684138,5.519455252270428,5.519455252270428,5.51944941684138,5.51943774599346,5.5194202397470296,5.51939689813262,5.519367721190948
5.520337021717343,5.520366207435769,5.520389556071617,5.520407067584149,5.520418741942809,5.520424579127231,5.520424579127231,5.520418741942809,5.520407067584149,5.520389556071617,5.520366207435769,5.520337021717343
5.5213141951463385,5.521343389712707,5.521366745426944,5.521384262248286,5.521395940146164,5.521401779100199,5.521401779100199,5.521395940146164,5.521384262248286,5.521366745426944,5.521343389712707,5.5213141951463385
5.522299246969305,5.522328450454849,5.52235181330446,5.522369335477353,5.5223810169429415,5.522386857680834,5.522386857680834,5.5223810169429415,5.522369335477353,5.52235181330446,5.522328450454849,5.522299246969305
5.5232921827167445,5.523321395192741,5.523344765234747,5.52336229280196,5.52337397786377,5.523379820399776,5.523379820399776,5.52337397786377,5.52336229280196,5.523344765234747,5.523321395192741,5.5232921827167445
5.524293007958183,5.524322229495957,5.5243456067874215,5.524363139791745,5.524374828478309,5.524380672826694,5.524380672826694,5.524374828478309,5.524363139791745,5.5243456067874215,5.524322229495957,5.524293007958183
5.525301728302076,5.525330958972999,5.525354343571018,5.52537188205528,5.525383574395144,5.525389420570182,5.525389420570182,5.525383574395144,5.52537188205528,5.525354343571018,5.525330958972999,5.525301728302076
5.526318349395699,5.5263475892711895,5.526370981232898,5.526388525239948,5.526400221261681,5.526406069277657,5.526406069277657,5.526400221261681,5.526388525239948,5.526370981232898,5.5263475892711895,5.526318349395699
5.527342876925041,5.527372126076566,5.527395525459136,5.5274130750318555,5.527424774764044,5.52743062463525,5.52743062463525,5.527424774764044,5.5274130750318555,5.527395525459136,5.527372126076566,5.527342876925041
5.528375316614699,5.528404575113772,5.528427981974418,5.528445537155713,5.528457240626963,5.528463092367703,5.528463092367703,5.528457240626963,5.528445537155713,5.528427981974418,5.528404575113772,5.528375316614699
5.529415674227777,5.5294449421459575,5.529468356541928,5.529485917374739,5.5294976246136756,5.529503478238262,5.529503478238262,5.5294976246136756,5.529485917374739,5.529468356541928,5.5294449421459575,5.529415674227777
5.530463955565764,5.530493232974666,5.530516654963251,5.530534221490543,5.53054593252581,5.530551788048566,5.530551788048566,5.53054593252581,5.530534221490543,5.530516654963251,5.530493232974666,5.530463955565764
5.5315201664684475,5.531549453439729,5.531572883078254,5.531590455343025,5.531602170203287,5.531608027638544,5.531608027638544,5.531602170203287,5.531590455343025,5.531572883078254,5.531549453439729,5.5315201664684475
5.532584312813784,5.532613609419155,5.5326370467649895,5.532654624810262,5.532666343524205,5.532672202886305,5.532672202886305,5.532666343524205,5.532654624810262,5.5326370467649895,5.532613609419155,5.532584312813784
5.533656400517804,5.533685706829022,5.533709151939572,5.533726735808406,5.533738458404732,5.533744319708026,5.533744319708026,5.533738458404732,5.533726735808406,5.533709151939572,5.533685706829022,5.533656400517804
5.534736435534496,5.53476575162337,5.534789204556084,5.534806794291561,5.534818520798994,5.534824384057846,5.534824384057846,5.534818520798994,5.534806794291561,5.534789204556084,5.53476575162337,5.534736435534496
5.535824423855697,5.535853749794086,5.53587721060645,5.535894806251687,5.535906536698972,5.535912401927752,5.535912401927752,5.535906536698972,5.535894806251687,5.53587721060645,5.535853749794086,5.535824423855697
5.53692037151098,5.536949707370794,5.536973176120338,5.536990777718481,5.53700251213438,5.537008379347471,5.537008379347471,5.53700251213438,5.536990777718481,5.536973176120338,5.536949707370794,5.53692037151098
5.538024284567547,5.538053630420747,5.538077107165037,5.538094714759264,5.5381064531725634,5.538112322384357,5.538112322384357,5.5381064531725634,5.538094714759264,5.538077107165037,5.538053630420747,5.538024284567547
5.539136169130113,5.539165525048711,5.539189009845358,5.539206623478876,5.539218365918379,5.53922423714328,5.53922423714328,5.539218365918379,5.539206623478876,5.539189009845358,5.539165525048711,5.539136169130113
5.540256031340792,5.54028539739685,5.540308890303506,5.540326510019554,5.54033825651409,5.540344129766507,5.540344129766507,5.54033825651409,5.540326510019554,5.540308890303506,5.54028539739685,5.540256031340792
5.541383877378985,5.54141325364462,5.54143675471898,5.541454380560828,5.54146613113924,5.541472006433601,5.541472006433601,5.54146613113924,5.541454380560828,5.54143675471898,5.54141325364462,5.541383877378985
5.542519713461271,5.542549100008653,5.542572609308448,5.542590241319397,5.542601996010555,5.54260787336129,5.54260787336129,5.542601996010555,5.542590241319397,5.542572609308448,5.542549100008653,5.542519713461271
5.543663545841281,5.543692942742629,5.54371646032564,5.543734098549024,5.543745857381816,5.543751736803372,5.543751736803372,5.543745857381816,5.543734098549024,5.54371646032564,5.543692942742629,5.543663545841281
5.5448153808095935,5.544844788137185,5.5448683140612305,5.544885958540412,5.544897721543749,5.544903603050582,5.544903603050582,5.544897721543749,5.544885958540412,5.5448683140612305,5.544844788137185,5.5448153808095935
5.545975224693614,5.546004642519776,5.546028176842718,5.546045827621098,5.5460575948239095,5.546063478430483,5.546063478430483,5.5460575948239095,5.546045827621098,5.546028176842718,5.546004642519776,5.545975224693614
5.547143083857457,5.547172512254571,5.547196055034317,5.547213712155323,5.5472254835865655,5.547231369307356,5.547231369307356,5.5472254835865655,5.547213712155323,5.547196055034317,5.547172512254571,5.547143083857457
5.548318964701833,5.548348403742336,5.548371955036835,5.54838961854393,5.548401394232576,5.548407282082073,5.548407282082073,5.548401394232576,5.54838961854393,5.548371955036835,5.548348403742336,5.548318964701833
5.54950287366393,5.549532323420312,5.549555883287556,5.549573553224235,5.549585333199283,5.5495912231919835,5.5495912231919835,5.549585333199283,5.549573553224235,5.549555883287556,5.549532323420312,5.54950287366393
5.550694817217289,5.550724277762098,5.550747846260125,5.550765522669916,5.5507773069603825,5.550783199110797,5.550783199110797,5.5507773069603825,5.550765522669916,5.550747846260125,5.550724277762098,5.550694817217289
5.551894801871698,5.5519242732775345,5.551947850464426,5.551965533390889,5.5519773220258175,5.551983216348465,5.551983216348465,5.5519773220258175,5.551965533390889,5.551947850464426,5.5519242732775345,5.551894801871698
5.55310283417306,5.553132316512579,5.553155902446461,5.553173591933194,5.553185384941645,5.553191281451059,5.553191281451059,5.553185384941645,5.553173591933194,5.553155902446461,5.553132316512579,5.55310283417306
5.55431892070328,5.5543484140491985,5.554372008788241,5.554389704878869,5.55440150228993,5.554407401000652,5.554407401000652,5.55440150228993,5.554389704878869,5.554372008788241,5.5543484140491985,5.55431892070328
5.555543068080144,5.55557257250523,5.555596176107649,5.555613878845836,5.555625680688614,5.5556315816151995,5.5556315816151995,5.555625680688614,5.555613878845836,5.555596176107649,5.55557257250523,5.555543068080144
5.556775282957197,5.556804798534277,5.556828411058334,5.5568461204877755,5.556857926791402,5.556863829948416,5.556863829948416,5.556857926791402,5.5568461204877755,5.556828411058334,5.556804798534277,5.556775282957197
5.558015572023622,5.558045098825577,5.558068720329581,5.558086436494008,5.558098247287637,5.558104152689655,5.558104152689655,5.558098247287637,5.558086436494008,5.558068720329581,5.558045098825577,5.558015572023622
5.559263942004118,5.559293480103892,5.559317110646195,5.5593348335893715,5.55934664890218,5.559352556563789,5.559352556563789,5.55934664890218,5.5593348335893715,5.559317110646195,5.559293480103892,5.559263942004118
5.5605203996587775,5.560549949129369,5.56057358876837,5.560591318534096,5.560603138395281,5.560609048331086,5.560609048331086,5.560603138395281,5.560591318534096,5.56057358876837,5.560549949129369,5.5605203996587775
5.561784951782965,5.561814512697429,5.561838161491575,5.561855898123685,5.561867722562473,5.561873634787082,5.561873634787082,5.561867722562473,5.561855898123685,5.561838161491575,5.561814512697429,5.561784951782965
5.563057605207186,5.563087177638642,5.563110835646425,5.563128579188788,5.5631404082344265,5.563146322762463,5.563146322762463,5.5631404082344265,5.563128579188788,5.563110835646425,5.563087177638642,5.563057605207186
5.564338366796981,5.564367950818599,5.564391618098558,5.564409368595083,5.564421202276838,5.564427119122938,5.564427119122938,5.564421202276838,5.564409368595083,5.564391618098558,5.564367950818599,5.564338366796981
5.565627243452773,5.565656839137791,5.565680515748515,5.5656982732431395,5.565710111590308,5.565716030769119,5.565716030769119,5.565710111590308,5.5656982732431395,5.565680515748515,5.565656839137791,5.565627243452773
5.566924242109775,5.566953849531484,5.566977535531606,5.566995300068308,5.567007143110207,5.567013064636386,5.567013064636386,5.567007143110207,5.566995300068308,5.566977535531606,5.566953849531484,5.566924242109775
5.568229369737834,5.568258988969588,5.5682826844177935,5.568300456040584,5.568312303806555,5.568318227694774,5.568318227694774,5.568312303806555,5.568300456040584,5.5682826844177935,5.568258988969588,5.568229369737834
5.569542633341326,5.56957226445654,5.5695959694115595,5.569613748164487,5.569625600683897,5.569631526948839,5.569631526948839,5.569625600683897,5.569613748164487,5.5695959694115595,5.56957226445654,5.569542633341326
5.570864039959021,5.570893683031168,5.570917397551783,5.570935183478933,5.570947040781169,5.57095296943753,5.57095296943753,5.570947040781169,5.570935183478933,5.570917397551783,5.570893683031168,5.570864039959021
5.572193596663958,5.572223251766574,5.572246975911611,5.572264769057105,5.572276631171585,5.572282562234071,5.572282562234071,5.572276631171585,5.572264769057105,5.572246975911611,5.572223251766574,5.572193596663958
5.573531310563313,5.573560977769996,5.573584711598332,5.57360251200633,5.573614378962493,5.573620312445823,5.573620312445823,5.573614378962493,5.57360251200633,5.573584711598332,5.573560977769996,5.573531310563313
5.574877188798278,5.574906868182685,5.574930611753251,5.574948419467946,5.574960291295255,5.574966227214162,5.574966227214162,5.574960291295255,5.574948419467946,5.574930611753251,5.574906868182685,5.574877188798278
5.576231238543929,5.5762609301797825,5.5762846835515525,5.57630249861718,5.576314375345123,5.576320313714351,5.576320313714351,5.576314375345123,5.57630249861718,5.5762846835515525,5.5762609301797825,5.576231238543929
5.5775934670090965,5.577623170970179,5.577646934202181,5.57766475666301,5.577676638321101,5.577682579155408,5.577682579155408,5.577676638321101,5.57766475666301,5.577646934202181,5.577623170970179,5.5775934670090965
5.578963881436237,5.578993597796394,5.579017370947705,5.579035200848045,5.579047087465824,5.579053030779978,5.579053030779978,5.579047087465824,5.579035200848045,5.579017370947705,5.578993597796394,5.578963881436237
5.5803424891013025,5.580372217934444,5.580396001064191,5.580413838448388,5.580425730055417,5.580431675864202,5.580431675864202,5.580425730055417,5.580413838448388,5.580396001064191,5.580372217934444,5.5803424891013025
5.5817292973136095,5.5817590386937095,5.581782831861074,5.5818006767735096,5.581812573399382,5.581818521717591,5.581818521717591,5.581812573399382,5.5818006767735096,5.581782831861074,5.5817590386937095,5.5817292973136095
5.5831243134157145,5.583154067416809,5.583177870681018,5.583195723166121,5.583207624840446,5.583213575682887,5.583213575682887,5.583207624840446,5.583195723166121,5.583177870681018,5.583154067416809,5.5831243134157145
5.584527544783273,5.584557311479464,5.584581124899799,5.584598985002024,5.584610891754448,5.58461684513594,5.58461684513594,5.584610891754448,5.584598985002024,5.584581124899799,5.584557311479464,5.584527544783273
5.585938998824915,5.585968778290366,5.585992601926161,5.586010469690011,5.586022381550196,5.586028337485576,5.586028337485576,5.586022381550196,5.586010469690011,5.585992601926161,5.585968778290366,5.585938998824915
5.5873586829821065,5.587388475291052,5.5874123092016905,5.587430184671701,5.587442101669344,5.587448060173456,5.587448060173456,5.587442101669344,5.587430184671701,5.5874123092016905,5.587388475291052,5.5873586829821065
5.5887866047290276,5.58881640995576,5.588840254200681,5.5888581374214334,5.588870059586251,5.588876020673954,5.588876020673954,5.588870059586251,5.5888581374214334,5.588840254200681,5.58881640995576,5.5887866047290276
5.590222771572428,5.5902525897913105,5.590276444430002,5.590294335446114,5.59030626280785,5.590312226494017,5.590312226494017,5.59030626280785,5.590294335446114,5.590276444430002,5.5902525897913105,5.590222771572428
5.591667191051499,5.591697022336961,5.5917208874289654,5.5917387862850925,5.59175071887352,5.591756685173038,5.591756685173038,5.59175071887352,5.5917387862850925,5.5917208874289654,5.591697022336961,5.591667191051499
5.593119870737742,5.593149715164275,5.59317359076919,5.593191497510029,5.593203435354948,5.593209404282713,5.593209404282713,5.593203435354948,5.593191497510029,5.59317359076919,5.593149715164275,5.593119870737742
5.594580818234831,5.5946106758769965,5.59463456205447,5.594652476724757,5.594664419855989,5.5946703914269165,5.5946703914269165,5.594664419855989,5.594652476724757,5.59463456205447,5.5946106758769965,5.594580818234831
5.596050041178476,5.596079912110902,5.5961038089206365,5.596121731565152,5.5961336800125485,5.596139654241563,5.596139654241563,5.5961336800125485,5.596121731565152,5.5961038089206365,5.596079912110902,5.596050041178476
5.597527547236293,5.597557431533676,5.597581339035429,5.597599269698987,5.597611223492429,5.5976172003944695,5.5976172003944695,5.597611223492429,5.597599269698987,5.597581339035429,5.597557431533676,5.597527547236293
5.599013344107668,5.599043241844769,5.59906716009835,5.599085098825813,5.599097057995203,5.599103037585225,5.599103037585225,5.599097057995203,5.599085098825813,5.59906716009835,5.599043241844769,5.599013344107668
5.600507439523614,5.600537350775268,5.600561279840544,5.600579226676807,5.600591191252082,5.600597173545047,5.600597173545047,5.600591191252082,5.600579226676807,5.600561279840544,5.600537350775268,5.600507439523614
5.60200984124665,5.602039766087753,5.6020637060246425,5.602081661014649,5.602093631025767,5.602099616036659,5.602099616036659,5.602093631025767,5.602081661014649,5.6020637060246425,5.602039766087753,5.60200984124665
5.603520557070642,5.603550495576166,5.603574446444648,5.603592409633377,5.603604385110325,5.603610372854138,5.603610372854138,5.603604385110325,5.603592409633377,5.603574446444648,5.603550495576166,5.603520557070642
5.605039594820691,5.605069547065673,5.605093508925775,5.605111480358253,5.605123461331047,5.605129451822788,5.605129451822788,5.605123461331047,5.605111480358253,5.605093508925775,5.605069547065673,5.605039594820691
5.60656696235298,5.606596928412527,5.6066209013243355,5.606638881045626,5.60665086754431,5.606656860798999,5.606656860798999,5.60665086754431,5.606638881045626,5.6066209013243355,5.606596928412527,5.60656696235298
5.608102667554634,5.608132647503926,5.608156631527585,5.608174619582793,5.608186611637439,5.608192607670115,5.608192607670115,5.608186611637439,5.608174619582793,5.608156631527585,5.608132647503926,5.608102667554634
5.609646718343599,5.609676712257882,5.609700707453587,5.609718703887866,5.609730701528572,5.609736700354284,5.609736700354284,5.609730701528572,5.609718703887866,5.609700707453587,5.609676712257882,5.609646718343599
5.611199122668485,5.6112291306230775,5.611253137051087,5.611271141909624,5.61128314516652,5.611289146800329,5.611289146800329,5.61128314516652,5.611271141909624,5.611253137051087,5.6112291306230775,5.611199122668485
5.612759888508437,5.612789910578728,5.612813928299353,5.612831941627385,5.612843950530625,5.612849954987611,5.612849954987611,5.612843950530625,5.612831941627385,5.612813928299353,5.612789910578728,5.612759888508437
5.614329023872995,5.614359060134445,5.614383089208056,5.614401111050858,5.614413125630628,5.614419132925884,5.614419132925884,5.614413125630628,5.614401111050858,5.614383089208056,5.614359060134445,5.614329023872995
5.615906536801951,5.615936587330096,5.615960627817117,5.61597865822001,5.615990678506524,5.615996688655157,5.615996688655157,5.615990678506524,5.61597865822001,5.615960627817117,5.615936587330096,5.615906536801951
5.617492435365218,5.617522500235661,5.617546552196576,5.617564591204924,5.617576617228423,5.617582630245552,5.617582630245552,5.617576617228423,5.617564591204924,5.617546552196576,5.617522500235661,5.617492435365218
5.619086727662679,5.619116806951096,5.619140870446448,5.619158918105657,5.619170949896413,5.619176965797175,5.619176965797175,5.619170949896413,5.619158918105657,5.619140870446448,5.619116806951096,5.619086727662679
5.620689421824053,5.6207195156061935,5.620743590696582,5.620761647052104,5.620773684640415,5.620779703439961,5.620779703439961,5.620773684640415,5.620761647052104,5.620743590696582,5.6207195156061935,5.620689421824053
5.6223005260087495,5.62233063436044,5.622354721106525,5.622372786203851,5.622384829620049,5.622390851333543,5.622390851333543,5.622384829620049,5.622372786203851,5.622354721106525,5.62233063436044,5.6223005260087495
5.623920048405741,5.623950171402873,5.623974269865371,5.623992343750042,5.624004393024485,5.624010417667108,5.624010417667108,5.624004393024485,5.623992343750042,5.623974269865371,5.623950171402873,5.623920048405741
5.625547997233398,5.625578134951946,5.625602245191636,5.625620327909231,5.62563238307231,5.625638410659253,5.625638410659253,5.62563238307231,5.625620327909231,5.625602245191636,5.625578134951946,5.625547997233398
5.627184380739373,5.627214533255381,5.627238655333095,5.627256746929246,5.627268808011375,5.627274838557851,5.627274838557851,5.627268808011375,5.627256746929246,5.627238655333095,5.627214533255381,5.627184380739373
5.62882920720044,5.628859374590027,5.6288835085666635,5.6289016090870385,5.628913676118669,5.628919709639899,5.628919709639899,5.628913676118669,5.6289016090870385,5.6288835085666635,5.628859374590027,5.62882920720044
5.630482484922363,5.630512667261721,5.630536813198234,5.630554922688552,5.630566995700161,5.630573032211386,5.630573032211386,5.630566995700161,5.630554922688552,5.630536813198234,5.630512667261721,5.630482484922363
5.632144222239743,5.6321744196051435,5.6321985775625505,5.632216696068572,5.6322287750906685,5.6322348146071395,5.6322348146071395,5.6322287750906685,5.632216696068572,5.6321985775625505,5.6321744196051435,5.632144222239743
5.633814427515893,5.633844639983678,5.633868810023053,5.633886937590589,5.633899022653708,5.633905065190698,5.633905065190698,5.633899022653708,5.633886937590589,5.633868810023053,5.633844639983678,5.633814427515893
5.635493109142671,5.635523336789263,5.635547518971745,5.635565655646645,5.635577746781358,5.635583792354149,5.635583792354149,5.635577746781358,5.635565655646645,5.635547518971745,5.635523336789263,5.635493109142671
5.637180275540359,5.637210518442256,5.637234712829041,5.637252858657203,5.637264955894109,5.637271004518001,5.637271004518001,5.637264955894109,5.637252858657204,5.637234712829041,5.637210518442256,5.637180275540359
5.638875935157506,5.638906193391279,5.638930400043629,5.638948555071,5.638960658440729,5.638966710131036,5.638966710131036,5.638960658440729,5.638948555071,5.6389304000436296,5.638906193391281,5.638875935157506
5.640580096470787,5.640610370113091,5.640634589092325,5.640652753364893,5.640664862898104,5.64067091767016,5.64067091767016,5.640664862898104,5.640652753364895,5.640634589092325,5.640610370113091,5.640580096470789
5.6422927679848645,5.642323057112425,5.642347288479925,5.642365462043732,5.642377577771118,5.642383635640265,5.642383635640265,5.642377577771118,5.642365462043732,5.642347288479927,5.642323057112426,5.6422927679848645
5.644013958232236,5.6440442629218595,5.644068506739073,5.644086689640199,5.644098811592482,5.644104872574083,5.644104872574083,5.644098811592482,5.644086689640199,5.644068506739073,5.64404426292186,5.644013958232237
5.645743675773095,5.645773996101665,5.645798252430097,5.645816444714676,5.645828572922609,5.645834637032042,5.645834637032042,5.6458285729226105,5.645816444714676,5.645798252430099,5.645773996101665,5.645743675773095
5.647481929195182,5.647512265239661,5.647536534140885,5.647554735855092,5.647566870349463,5.647572937602119,5.647572937602119,5.647566870349463,5.647554735855092,5.647536534140886,5.647512265239664,5.647481929195185
5.6492287271136465,5.649259078951076,5.649283360486723,5.649301571676785,5.649313712488409,5.649319782899697,5.649319782899697,5.649313712488411,5.649301571676785,5.649283360486725,5.649259078951078,5.649228727113648
5.650984078170893,5.651014445878395,5.6510387401101605,5.651056960822349,5.651069107982076,5.65107518156742,5.651075181567422,5.651069107982078,5.651056960822352,5.651038740110163,5.651014445878397,5.650984078170897
5.652747991036442,5.652778374691215,5.6528026816808605,5.652820911961497,5.6528330655002055,5.652839142275047,5.652839142275047,5.652833065500209,5.652820911961499,5.652802681680865,5.652778374691218,5.652747991036447
5.65452047440678,5.654550874086103,5.654575193895453,5.654593433790904,5.654605593739509,5.6546116737193035,5.654611673719305,5.654605593739514,5.65459343379091,5.65457519389546,5.654550874086109,5.654520474406787
5.656301537005218,5.6563319527864495,5.656356285477393,5.656374535034077,5.656386701423521,5.6563927846237405,5.656392784623741,5.656386701423525,5.656374535034084,5.656356285477403,5.65633195278646,5.656301537005227
5.65809118758174,5.658121619542323,5.658145965176811,5.658164224441192,5.6581763973024515,5.658182483738585,5.658182483738587,5.658176397302459,5.658164224441203,5.658145965176823,5.658121619542337,5.6580911875817534
5.659889434912862,5.659919883130316,5.659944241770368,5.659962510788958,5.659974690153044,5.659980779840596,5.659980779840599,5.659974690153053,5.659962510788973,5.659944241770386,5.6599198831303354,5.659889434912879
5.661696287801481,5.661726752353411,5.661751124061107,5.66176940288047,5.661781588778423,5.661787681732916,5.661787681732919,5.661781588778437,5.66176940288049,5.661751124061133,5.661726752353438,5.661696287801507
5.663511755076734,5.663542236040822,5.663566620878312,5.66358490954506,5.663597102007954,5.663603198244923,5.66360319824493,5.663597102007973,5.663584909545088,5.663566620878349,5.663542236040862,5.6635117550767715
5.665335845593846,5.665366343047858,5.665390741077355,5.665409039638146,5.665421238697089,5.6654273382320905,5.665427338232099,5.6654212386971174,5.665409039638188,5.665390741077406,5.665366343047915,5.665335845593899
5.667168568233984,5.667199082255768,5.667223493539549,5.667241802041095,5.667254007727228,5.667260110575832,5.667260110575846,5.6672540077272675,5.667241802041154,5.667223493539623,5.667199082255847,5.667168568234056
5.669009931904105,5.669040462571594,5.669064887172007,5.6690832056610665,5.669095418005563,5.6691015241833576,5.669101524183377,5.669095418005619,5.669083205661152,5.6690648871721105,5.669040462571706,5.66900993190421
5.670859945536824,5.670890492928031,5.670914930907486,5.67093325943087,5.6709454784649385,5.670951587987528,5.670951587987555,5.6709454784650175,5.670933259430989,5.670914930907634,5.670890492928188,5.670859945536971
5.672718618090247,5.672749182283268,5.672773633704247,5.672791972308816,5.672804198063697,5.672810310946706,5.672810310946744,5.672804198063807,5.6727919723089855,5.6727736337044545,5.672749182283491,5.672718618090456
5.674585958547837,5.674616539620853,5.6746410045459,5.674659353278566,5.6746715857855365,5.674677702044604,5.67467770204466,5.674671585785694,5.6746593532788046,5.674641004546195,5.674616539621168,5.674585958548132
5.676461975918258,5.676492573949533,5.676517052441261,5.676535411348986,5.6765476506393595,5.6765537702901465,5.676553770290223,5.676547650639581,5.6765354113493265,5.676517052441678,5.676492573949977,5.676461975918676
5.678346679235228,5.678377294303111,5.678401786424203,5.678420155554003,5.6784324016591246,5.6784385247173095,5.678438524717418,5.678432401659438,5.678420155554482,5.678401786424793,5.678377294303739,5.678346679235819
5.680240077557373,5.680270709740297,5.680295215553503,5.680313594952444,5.6803258479037,5.680331974384981,5.680331974385136,5.680325847904143,5.680313594953123,5.680295215554336,5.680270709741183,5.680240077558208
5.6821421799680785,5.682172829344555,5.682197348912695,5.682215738627901,5.682227998456712,5.682234128376813,5.682234128377031,5.682227998457338,5.6822157386288605,5.682197348913872,5.682172829345809,5.682142179969256
5.684052995575327,5.68408366222396,5.684108195609923,5.684126595688568,5.684138862426399,5.684144995801064,5.684144995801372,5.684138862427283,5.684126595689924,5.684108195611587,5.684083662225731,5.684052995576991
5.685972533511564,5.686003217511038,5.686027764777783,5.686046175267101,5.686058448945454,5.686064585790459,5.686064585790894,5.686058448946706,5.686046175269019,5.686027764780134,5.686003217513541,5.685972533513916
5.6879008029335365,5.687931504362619,5.687956065573175,5.687974486520462,5.687986767170889,5.6879929075020375,5.68799290750265,5.687986767172657,5.687974486523169,5.687956065576497,5.687931504366154,5.687900802936857
5.689837813022137,5.6898685319596805,5.689893107177156,5.689911538629763,5.689923826283868,5.689929970117001,5.689929970117869,5.689923826286364,5.689911538633588,5.689893107181847,5.689868531964675,5.689837813026831
5.691783572982261,5.691814309507196,5.6918388987947655,5.6918573408001185,5.691869635489562,5.69187578284057,5.6918757828417945,5.691869635493089,5.691857340805523,5.691838898801394,5.69181430951425,5.691783572988889
5.693738092042627,5.693768846233965,5.693793449654887,5.693811902260483,5.693824204016994,5.693830354901822,5.693830354903552,5.693824204021976,5.693811902268117,5.693793449664253,5.693768846243931,5.6937380920519916
5.695701379455631,5.695732151392463,5.6957567690100745,5.695775232263492,5.69578754111888,5.695793695553549,5.695793695555995,5.69578754112592,5.695775232274279,5.695756769023305,5.695732151406543,5.695701379468861
5.6976734444971715,5.6977042342586595,5.697728866136382,5.697747340085298,5.697759656071475,5.697765814072108,5.697765814075562,5.697759656081422,5.697747340100538,5.697728866155075,5.697704234278551,5.697673444515864
5.6996542964664725,5.699685104131845,5.699709750333193,5.699728235025398,5.699740558174403,5.6997467197572504,5.69974671976213,5.699740558188456,5.699728235046927,5.699709750359602,5.69968510415995,5.699654296492882
5.701643944685892,5.701674770334437,5.701699430923026,5.701717926406447,5.70173025675049,5.701736421931981,5.701736421938877,5.701730256770341,5.701717926436865,5.701699430960337,5.701674770374144,5.7016439447232035
5.703642398500722,5.703673242211774,5.703697917251329,5.703716423574073,5.70372876114558,5.703734929942396,5.7037349299521365,5.703728761173631,5.7037164236170455,5.703697917304044,5.703673242267872,5.703642398553435
5.705649667278951,5.705680529131875,5.705705218686259,5.705723735896653,5.705736080728354,5.70574225315751,5.705742253171273,5.70573608076798,5.705723735957365,5.705705218760734,5.70568052921113,5.705649667353425
5.707665760411015,5.707696640485182,5.707721344618408,5.707739872765076,5.707752224890107,5.707758400969096,5.707758400988539,5.707752224946092,5.707739872850851,5.707721344723626,5.7076966405971525,5.707665760516232
5.709690687309477,5.709721585684226,5.709746304460501,5.709764843592467,5.709777203044522,5.7097833827915,5.709783382818969,5.70977720312362,5.709764843713651,5.709746304609155,5.709721585842419,5.709690687458127
5.711724457408662,5.711755374163259,5.711780107647028,5.711798657813852,5.711811024627407,5.711817208061452,5.711817208100263,5.711811024739156,5.711798657985062,5.711780107857047,5.711755374386755,5.711724457618679
5.71376708016419,5.713798015377749,5.713822763633772,5.713841324885752,5.713853699096364,5.713859886237864,5.713859886292695,5.713853699254244,5.713841325127637,5.713822763930489,5.713798015693507,5.713767080460903
5.71581856505238,5.715849518803773,5.715874281897213,5.715892854285668,5.715905235930412,5.7159114268015845,5.71591142687905,5.715905236153466,5.715892854627406,5.715874282316414,5.7158495192498755,5.715818565471575
5.717878921569461,5.717909893937177,5.7179346719337465,5.717953255511419,5.717965644629498,5.717971839255146,5.71797183936459,5.717965644944632,5.71795325599423,5.717934672526001,5.717909894567438,5.717878922161704
5.719948159230547,5.7199791502925,5.7200039432586545,5.720022538080264,5.720034934713874,5.720041133122442,5.720041133277068,5.720034935159097,5.720022538762384,5.720003944095395,5.719979151182936,5.7199481600672755
5.7220262875682195,5.722057297401464,5.722082105404677,5.72210071152773,5.722113115723275,5.722119317948351,5.722119318166806,5.7221131163522925,5.722100712491436,5.722082106586834,5.72205729865948,5.722026288750356
5.724113316130596,5.724144344810945,5.724169167920106,5.7241877854060075,5.724200197215829,5.7242064032982505,5.724206403606886,5.72420019810451,5.72418778676754,5.724169169590267,5.724144346588281,5.724113317800729
5.726209254478677,5.726240302080145,5.726265140366101,5.726283769281755,5.726296188766563,5.72630239875741,5.726302399193452,5.726296190022099,5.726283771205342,5.726265142725719,5.7262403045911805,5.726209256838255
5.728314112182635,5.728345178776664,5.728370032313008,5.728388672733055,5.728401099965371,5.7284073139301785,5.728407314546225,5.728401101739204,5.7283886754507165,5.728370035646698,5.728345182324279,5.728314115516269
5.730427898816663,5.730458984471014,5.730483853335182,5.730502505345177,5.730514940414189,5.730521158438918,5.730521159309273,5.7305149429202755,5.7305025091847135,5.73048385804505,5.730458989483118,5.730427903526451
5.732550623951723,5.732581728728928,5.7326066130037585,5.732625276704647,5.732637719723082,5.732643941922534,5.732643943152181,5.732637723263702,5.73262528212918,5.732606619657902,5.732581735810075,5.7325506306057585
5.734682297145405,5.73471342110056,5.734738320876488,5.734756996390944,5.734769447504757,5.7347756740344815,5.7347756757717345,5.73476945250698,5.734757004054773,5.734738330277527,5.73471343110487,5.734682306546285
5.736822927927613,5.7368540711052765,5.736878986483449,5.73689767396481,5.736910133366907,5.736916364439995,5.736916366894406,5.736910140434091,5.736897684792339,5.736878999765322,5.736854085239459,5.736822941209266
5.738972525780451,5.7390036882102535,5.739028619306906,5.7390473189518225,5.739059786901402,5.73906602281226,5.739066026279874,5.739059796885987,5.739047334249055,5.739028638071662,5.739003708179158,5.738972544544891
5.741131100109832,5.741162281800274,5.741187228752945,5.74120594081922,5.741218417669141,5.741224658827031,5.7412246637261095,5.741218431775456,5.741205962431294,5.741187255263964,5.741162310012529,5.741131126620408
5.743298660205452,5.743329861135145,5.743354824111419,5.743373548943249,5.743386035178669,5.74339228215512,5.743392289076581,5.743386055108201,5.743373579476986,5.743354861566433,5.743329900993679,5.743298697659839
5.745475215184286,5.745506435289574,5.745531414499471,5.745550152563064,5.745562648856043,5.745568902451824,5.745568912230532,5.7455626770126695,5.7455501957014095,5.74553146741626,5.745506491602079,5.745475268100191
5.7476607739108365,5.747692013068306,5.747717008781758,5.747735760715693,5.747748268002326,5.7477545293420755,5.747754543157521,5.747748307782269,5.747735821661945,5.74771708354309,5.747692092627133,5.747660848670915
5.749855344884511,5.7498866028862885,5.74991161545784,5.749930382144184,5.749942901733578,5.749949172399487,5.749949191918077,5.74994295793505,5.749930468249612,5.7499117210813395,5.749886715287737,5.749855450506241
5.7520589360805765,5.752090212599423,5.752115242503127,5.752134025167924,5.752146558896162,5.752152841116836,5.752152868692881,5.75214663829812,5.752134146818471,5.752115391728985,5.752090371401229,5.752059085303934
5.754271554725521,5.754302849265527,5.754327897144238,5.75434669749947,5.754359247947107,5.7543655448644095,5.754365583824098,5.754359360126928,5.754346869368487,5.7543281079719115,5.754303073622189,5.754271765549659
5.756493206979763,5.756524518806692,5.756549585541709,5.756568405985835,5.756580976785191,5.756587292831195,5.756587347873806,5.75658113527388,5.756568648803975,5.7565498834009965,5.756524835779859,5.756493504834059
5.7587238974894515,5.758755225532324,5.75878031234177,5.758799156243045,5.758811752512291,5.758818093941861,5.758818171706569,5.758811976426576,5.758799499298757,5.75878073316013,5.75875567335495,5.758724318300754
5.760963628753326,5.760994971465429,5.76102008004322,5.761038952139891,5.761051581096299,5.761057956739452,5.761058066606149,5.761051897444465,5.761039436812171,5.761020674579295,5.7609956041533845,5.760964223279429
5.7632124002283645,5.763243755390893,5.7632688881030365,5.763287795068668,5.763300466894877,5.763306889219681,5.763307044440358,5.7633009138344775,5.7632884798181445,5.763269728069113,5.763244649258306,5.76321324018035
5.765470207066404,5.765501571511138,5.765526731672985,5.765545682914947,5.765558411982619,5.765564898596684,5.765565117893875,5.76555904342298,5.765546650335325,5.765527918384851,5.765502834375333,5.765471393758363
5.767737038329527,5.767768407547173,5.767793599814979,5.767812608602176,5.767825415200345,5.767831990971883,5.767832300796929,5.7678263073050235,5.767813975382586,5.767795276412544,5.767770191733504,5.767738714898961
5.770012874469303,5.770044242056439,5.770069472980266,5.770088558035661,5.770101470811707,5.770108170865581,5.770108608589128,5.770102731185169,5.77009048903553,5.770071841692972,5.770046762771692,5.770015243142255
5.772297683766391,5.7723290406446885,5.772354319448992,5.772373507198096,5.772386566604699,5.7723934405541435,5.772394058973644,5.772388347271239,5.772376235332214,5.77235766598861,5.772332601935288,5.772301030249839
5.774591417302292,5.774622750616478,5.774648090301843,5.774667418046633,5.774680681208405,5.774687799131392,5.774688672839199,5.7746831969485966,5.774671272378785,5.774652818324995,5.774627782042791,5.774596145246073
5.776894001858916,5.776925293421905,5.776950712319511,5.776970232717212,5.776983780299997,5.776991241178277,5.77699247555816,5.776987334555845,5.776975678150771,5.776957392116998,5.776932401872779,5.776900681544248
5.77920532989388,5.779236553993959,5.77926207795782,5.779281865338348,5.779295811242006,5.779303754875038,5.779305498811576,5.779300832713996,5.779289558690516,5.779271515244372,5.779246596892778,5.779214767021954
5.781525245390651,5.781556365700821,5.781582031197628,5.781602190469602,5.781616695498419,5.781625319317946,5.781627783149851,5.781623789844971,5.7816130596909945,5.7815953643012765,5.781570554436896,5.7815385782703625
5.783853523892574,5.783884489117624,5.7839103475785185,5.783931026775595,5.78394631790659,5.78395590069724,5.783959381575231,5.783956340771953,5.783946382865612,5.783929184757454,5.783904535188636,5.783872360755077
5.786189844342452,5.786220582093462,5.786246706037911,5.786268113978025,5.786284511496845,5.786295446837839,5.7863003645327105,5.786298671650019,5.786289809082026,5.786273319500789,5.7862489036125595,5.786216457358193
5.788533749386888,5.788564157568961,5.788590649214734,5.788613080330974,5.788631036006239,5.788643879373629,5.788650826819905,5.788651040963571,5.788643731054512,5.7886282492808885,5.788604171113475,5.788571348821213
5.7908845894599015,5.790914524171531,5.7909415275321,5.79096539675269,5.790985547464375,5.791001082480349,5.791010897063886,5.791013808983253,5.791008699538563,5.790994650089358,5.79097105735509,5.790937711124332
5.793241444084246,5.7932707026124435,5.793298420497299,5.793324312208861,5.79334755515822,5.793366886570162,5.793380750528836,5.793387478924707,5.793385488579821,5.793373474724037,5.793350577615913,5.793316497049315
5.795603011210133,5.795631308078541,5.795660026038666,5.795688762849081,5.795716360827729,5.795741044564517,5.795760626016555,5.795772754070187,5.7957751875921675,5.795766069060975,5.795744167767108,5.795709052449471
5.797967451737107,5.797994384726332,5.798024505024831,5.79805724463692,5.798090973074082,5.798123197194996,5.798150847266324,5.798170616117645,5.798179331027702,5.7981743385221325,5.798153864286218,5.798117282714521
5.8003321711335865,5.800357172225439,5.800389262880562,5.800427635806129,5.800469987866105,5.8005128221255955,5.800551848003964,5.800582430385698,5.800600080161818,5.8006009879906895,5.800582566401651,5.800543892681749
5.802693512386489,5.802715774202761,5.802750642531146,5.802796951933041,5.802851424579119,5.802909159585584,5.802964196410963,5.803010081450331,5.803040475443361,5.803049871075138,5.803034424830676,5.80299273589394
5.805046322653681,5.805064679581434,5.805103491047258,5.805161014786604,5.80523250893856,5.8053111052705715,5.805388606682374,5.80545613366754,5.805504779209596,5.805526506162368,5.805515436065129,5.805469330643071
5.807383336721183,5.8073960461949685,5.807440543090825,5.807514023067355,5.8076094070043816,5.80771706181237,5.807825907365586,5.807923983354421,5.807998917620321,5.8080388543656625,5.808034398679788,5.807981637903154
5.809694289806507,5.809698547001222,5.809751533700126,5.809848049082824,5.80997695595604,5.810124749434092,5.81027689950653,5.810417896718136,5.8105309755506465,5.810598517021484,5.810604588400004,5.810541258800578
5.811964642396758,5.811955245735099,5.812021923094367,5.812152611139708,5.8123285459173415,5.812531008169374,5.8127419723115725,5.812942656351688,5.813111498802471,5.813222577769064,5.813247107097704,5.8131652766408415
5.81417391871163,5.814138803661279,5.814231235061238,5.8144148598075365,5.8146565418593905,5.814931698597295,5.815220258933651,5.815502191414431,5.815752719482472,5.815936122165604,5.815998919603624,5.815878776397277
5.816294942646976,5.816197754079003,5.816352292685151,5.816621990290699,5.816954002389216,5.81732192487366,5.817708113038923,5.818096070693414,5.818464005506369,5.818773211878847,5.818936612861388,5.818715818530757
5.815188198853016,5.818007921908079,5.818361135995288,5.818769751137609,5.819218497599046,5.819696830766114,5.820197143193669,5.820712918595017,5.821236965981183,5.821759053184477,5.822261447734354,5.817328673155021
