3.416979786731484,3.416983244215476,3.4169884512846362,3.416983244215476,3.416979786731484
3.416976329247492,3.4169919505000856,3.4169971575942553,3.4169919505000856,3.416976329247492
3.4169884511985096,3.4170040725555633,3.417009279684553,3.4170040725555633,3.4169884511985096
3.4170039889137946,3.4170196104047426,3.4170248175783637,3.4170196104047426,3.4170039889137946
3.417022942422604,3.4170385640768792,3.417043771304943,3.4170385640768792,3.417022942422604
3.4170453117606154,3.417060933607653,3.417066140899971,3.417060933607653,3.4170453117606154
3.417071096969933,3.417086719039167,3.4170919264055515,3.417086719039167,3.417071096969933
3.417100298099081,3.417115920419948,3.41712112787021,3.417115920419948,3.417100298099081
3.4171329152030094,3.417148537804947,3.417153745348899,3.417148537804947,3.4171329152030094
3.4171689483430923,3.4171845712555378,3.417189778902992,3.4171845712555378,3.4171689483430923
3.4172083975871272,3.417224020839519,3.4172292286002897,3.417224020839519,3.4172083975871272
3.4172512630093377,3.417266886631115,3.417272094515015,3.417266886631115,3.4172512630093377
3.417297544690371,3.417313168710977,3.4173183767278186,3.417313168710977,3.417297544690371
3.417347242717301,3.4173628671661764,3.417368075325776,3.4173628671661764,3.417347242717301
3.417400357183628,3.4174159820902172,3.417421190402388,3.4174159820902172,3.417400357183628
3.4174568881892777,3.4174725135830264,3.4174777220575843,3.4174725135830264,3.4174568881892777
3.4175168358406043,3.4175324617509593,3.41753767039772,3.4175324617509593,3.4175168358406043
3.4175802002503883,3.4175958267067985,3.4176010355355784,3.4175958267067985,3.4175802002503883
3.41764698153784,3.417662608569756,3.417667817590371,3.417662608569756,3.41764698153784
3.417717179828597,3.4177328074654723,3.417738016687741,3.4177328074654723,3.417717179828597
3.4177907952547284,3.4178064235260166,3.417811632959758,3.4178064235260166,3.4177907952547284
3.417867827954733,3.417883456889891,3.417888666544923,3.417883456889891,3.417867827954733
3.4179482780735397,3.4179639077020276,3.4179691175881697,3.4179639077020276,3.4179482780735397
3.4180321457625116,3.4180477761137897,3.4180529862408626,3.4180477761137897,3.4180321457625116
3.4181194311794423,3.4181350622829756,3.418140272660801,3.4181350622829756,3.4181194311794423
3.4182101344885605,3.418225766373815,3.418230977012214,3.418225766373815,3.4182101344885605
3.418304255860529,3.4183198885569737,3.41832509946577,3.4183198885569737,3.418304255860529
3.418401795472447,3.4184174290095526,3.4184226401985707,3.4184174290095526,3.418401795472447
3.418502753507847,3.41851838791509,3.4185235993941543,3.41851838791509,3.418502753507847
3.418607130156704,3.4186227654635606,3.4186279772424975,3.4186227654635606,3.418607130156704
3.4187149256154274,3.418730561851378,3.4187357739400133,3.418730561851378,3.4187149256154274
3.4188261400868667,3.418841777281396,3.418846989689559,3.418841777281396,3.4188261400868667
3.4189407737803146,3.4189564119629097,3.4189616247004277,3.4189564119629097,3.4189407737803146
3.419058826911503,3.419074466111653,3.419079679188358,3.419074466111653,3.419058826911503
3.419180299702609,3.419195939949808,3.4192011533755293,3.419195939949808,3.419180299702609
3.41930519238225,3.4193208337059957,3.419326047490568,3.4193208337059957,3.41930519238225
3.4194335051854945,3.4194491476152873,3.4194543617685422,3.4194491476152873,3.4194335051854945
3.419565238353853,3.419580881919198,3.419586096450971,3.419580881919198,3.419565238353853
3.4197003921352866,3.4197160368656916,3.4197212517858198,3.4197160368656916,3.4197003921352866
3.419838966784206,3.419854612709184,3.419859828027503,3.419854612709184,3.419838966784206
3.4199809625614694,3.4199966097105365,3.420001825436887,3.4199966097105365,3.4199809625614694
3.420126379734392,3.420142028137069,3.4201472442812904,3.420142028137069,3.420126379734392
3.4202752185767396,3.4202908682625504,3.4202960848344857,3.4202908682625504,3.4202752185767396
3.420427479368734,3.420443130367209,3.4204483473766993,3.420443130367209,3.420427479368734
3.4205831623970546,3.420598814737726,3.4206040321946167,3.420598814737726,3.4205831623970546
3.4207422679548376,3.4207579216672444,3.420763139581381,3.4207579216672444,3.4207422679548376
3.42090479634168,3.420920451455365,3.4209256698365946,3.420920451455365,3.42090479634168
3.42107074786364,3.4210864044081504,3.4210916232663244,3.4210864044081504,3.42107074786364
3.4212401228332414,3.4212557808381283,3.4212610001830956,3.4212557808381283,3.4212401228332414
3.4214129215694675,3.4214285810642893,3.421433800905903,3.4214285810642893,3.4214129215694675
3.4215891443977737,3.421604805412092,3.4216100257602067,3.421604805412092,3.4215891443977737
3.421768791650081,3.421784454213464,3.4217896750779344,3.421784454213464,3.421768791650081
3.4219518636647823,3.4219675278068014,3.421972749197485,3.4219675278068014,3.4219518636647823
3.4221383607867404,3.4221540265369743,3.4221592484637315,3.4221540265369743,3.4221383607867404
3.4223282833672948,3.4223439507553266,3.4223491732280182,3.4223439507553266,3.4223282833672948
3.4225216317642593,3.4225373008196778,3.4225425238481657,3.4225373008196778,3.4225216317642593
3.4227184063419247,3.422734077094325,3.422739300688476,3.422734077094325,3.4227184063419247
3.422918607471066,3.422934279950047,3.422939504119726,3.422934279950047,3.422918607471066
3.4231222355289335,3.423137909764103,3.4231431345191794,3.423137909764103,3.4231222355289335
3.4233292908992685,3.4233449669202365,3.423350192270581,3.4233449669202365,3.4233292908992685
3.4235397739722915,3.423555451808678,3.4235606777641627,3.423555451808678,3.4235397739722915
3.4237536851447175,3.4237693648261445,3.4237745913966453,3.4237693648261445,3.4237536851447175
3.4239710248197466,3.4239867063758465,3.42399193357124,3.4239867063758465,3.4239710248197466
3.4241917934070765,3.424207476867485,3.4242127046976494,3.424207476867485,3.4241917934070765
3.4244159913228946,3.424431676717255,3.4244369051920716,3.424431676717255,3.4244159913228946
3.4246436189898897,3.424659306347851,3.4246645354772034,3.424659306347851,3.4246436189898897
3.424874676837247,3.424890366188466,3.42489559598224,3.424890366188466,3.424874676837247
3.4251091653006553,3.425124856674796,3.425130087142878,3.4251248566747963,3.4251091653006553
3.4253470848223073,3.425362778249038,3.4253680094013195,3.425362778249038,3.4253470848223073
3.4255884358509014,3.4256041313598993,3.4256093632062714,3.4256041313598997,3.4255884358509014
3.4258332188416447,3.425848916462594,3.4258541490129515,3.425848916462595,3.4258332188416447
3.4260814342562576,3.426097134018848,3.4261023672830895,3.4260971340188506,3.4260814342562576
3.4263330825629734,3.4263487844969003,3.4263540184849273,3.42634878449691,3.4263330825629734
3.4265881642365414,3.4266038683715005,3.4266091030932255,3.4266038683715383,3.4265881642365414
3.426846679758232,3.4268623861238985,3.426867621589263,3.4268623861240384,3.426846679758232
3.427108629615835,3.4271243382417897,3.42712957446084,3.427124338242311,3.427108629615835
3.427374014303666,3.427389725219117,3.4273949622022832,3.4273897252210617,3.427374014303666
3.427642834322567,3.4276585475553065,3.4276637853144436,3.427658547562564,3.427642834322567
3.427915090179906,3.4279308057524305,3.4279360443047002,3.427930805779515,3.4279150901799054
3.428190782389565,3.4282065003045985,3.428211739686946,3.428206500405679,3.4281907823895637
3.4284699114718484,3.4284856316583987,3.4284908719814946,3.4284856320356383,3.428469911471844
3.42875247795294,3.4287682000654596,3.4287734417145366,3.4287682014733374,3.4287524779529224
3.429038482361715,3.4290542050333226,3.429059449414946,3.4290542102876076,3.4290384823616495
3.429327925211136,3.4293436432827846,3.4293488955956493,3.4293436628920912,3.4293279252108912
3.4296208068897633,3.4296365011636114,3.4296417806450408,3.429636574346722,3.4296208068888503
3.429917127029192,3.4299327265771664,3.4299381041940693,3.429932999700932,3.429917127025784
3.4302168808164386,3.4302321255167927,3.4302378614273428,3.4302331448310954,3.43021688080372
3.4305200374981584,3.430533983683631,3.430541021582636,3.4305377878258536,3.4305200374506892
3.4308264150834753,3.4308356994072273,3.430847402636788,3.4308498966945726,3.430826414906309
3.4306697054554163,3.431127944328727,3.431155940921162,3.4311809294581446,3.4306716073512
