6.63944847885451,6.639468373887291,6.639486327263087,6.639468373887291,6.63944847885451
6.639428583821729,6.6394824439802385,6.639500397417085,6.6394824439802385,6.639428583821729
6.639486326605765,6.639540187493321,6.639558141173186,6.639540187493321,6.639486326605765
6.639587742822684,6.639641604985187,6.6396595590900365,6.639641604985187,6.639587742822684
6.639732833420567,6.639786697403941,6.6398046521157505,6.639786697403941,6.639732833420567
6.639921599736955,6.639975466087156,6.639993421587913,6.639975466087156,6.639921599736955
6.640154043498879,6.640207912761899,6.640225869233601,6.640207912761899,6.640154043498879
6.64043016682287,6.640484039544754,6.640501997169416,6.640484039544754,6.64043016682287
6.640749972215009,6.640803848941859,6.640821807901516,6.640803848941859,6.640749972215009
6.641113462570965,6.641167343848946,6.641185304325655,6.641167343848946,6.641113462570965
6.641520641176032,6.641574527551389,6.641592489727232,6.641574527551389,6.641520641176032
6.64197151170519,6.642025403724253,6.64204336778134,6.642025403724253,6.64197151170519
6.6424660782231655,6.642519976432357,6.642537942552831,6.642519976432357,6.6424660782231655
6.643004345184492,6.643058250130338,6.643076218496376,6.643058250130338,6.643004345184492
6.643586317433586,6.643640229662726,6.6436582004565405,6.643640229662726,6.643586317433586
6.644212000204822,6.644265920264016,6.644283893667863,6.644265920264016,6.644212000204822
6.644881399122623,6.64493532755876,6.644953303754935,6.64493532755876,6.644881399122623
6.64559452020154,6.645648457561651,6.645666436732501,6.645648457561651,6.64559452020154
6.6463513698463625,6.646405316677627,6.646423299005543,6.646405316677627,6.6463513698463625
6.6471519548522116,6.647205911701966,6.647223897369398,6.647205911701966,6.6471519548522116
6.647996282404658,6.648050249820406,6.648068239009852,6.648050249820406,6.647996282404658
6.6488843600798315,6.648938338609252,6.6489563315032765,6.648938338609252,6.6488843600798315
6.649816195844549,6.649870186035507,6.64988818281673,6.649870186035507,6.649816195844549
6.650791798056439,6.650845800456992,6.6508638013081,6.650845800456992,6.650791798056439
6.651811175464077,6.651865190622488,6.6518831957262385,6.651865190622488,6.651811175464077
6.652874337207133,6.652928365671874,6.652946375211091,6.652928365671874,6.652874337207133
6.653981292816509,6.654035335136276,6.65405334929386,6.654035335136276,6.653981292816509
6.655132052214505,6.655186108938224,6.65520412789715,6.655186108938224,6.655132052214505
6.656326625714969,6.656380697391805,6.656398721335128,6.656380697391805,6.656326625714969
6.657565024023467,6.657619111202836,6.657637140313698,6.657619111202836,6.657565024023467
6.658847258237464,6.658901361469038,6.658919395930662,6.658901361469038,6.658847258237464
6.660173339846493,6.660227459680209,6.660245499675909,6.660227459680209,6.660173339846493
6.661543280732343,6.6615974177184185,6.661615463431602,6.6615974177184185,6.661543280732343
6.662957093169255,6.663011247858192,6.66302929947236,6.663011247858192,6.662957093169255
6.664414789824123,6.6644689627667155,6.664487020465465,6.6644689627667155,6.664414789824123
6.665916383756689,6.665970575504035,6.6659886394710695,6.665970575504035,6.665916383756689
6.667461888419761,6.667516099523274,6.667534169942398,6.667516099523274,6.667461888419761
6.669051317659434,6.669105548670846,6.66912362572597,6.669105548670846,6.669051317659434
6.670684685715304,6.6707389371866785,6.670757021061828,6.6707389371866785,6.670684685715304
6.67236200722071,6.6724162797044535,6.672434370583762,6.6724162797044535,6.67236200722071
6.674083297202961,6.674137591251828,6.674155689319548,6.674137591251828,6.674083297202961
6.675848571083584,6.675902887250689,6.675920992691192,6.675902887250689,6.675848571083584
6.677657844678576,6.677712183517398,6.677730296515181,6.677712183517398,6.677657844678576
6.6795111341986555,6.679565496263052,6.679583617002733,6.679565496263052,6.6795111341986555
6.681408456249524,6.681462842093739,6.681480970760068,6.681462842093739,6.681408456249524
6.683349827832139,6.683404238010814,6.6834223747886705,6.683404238010814,6.683349827832139
6.685335266342988,6.685389701411166,6.685407846485568,6.685389701411166,6.685335266342988
6.687364789574371,6.68741925008751,6.687437403643609,6.68741925008751,6.687364789574371
6.689438415714683,6.689492902228665,6.689511064451756,6.689492902228665,6.689438415714683
6.691556163348716,6.691610676419854,6.691628847495377,6.691610676419854,6.691556163348716
6.693718051457952,6.693772591643002,6.693790771756543,6.693772591643002,6.693718051457952
6.695924099420883,6.695978667277049,6.695996856614344,6.695978667277049,6.695924099420883
6.698174327013307,6.698228923098257,6.6982471218451956,6.698228923098257,6.698174327013307
6.700468754408664,6.700523379280533,6.70054158762316,6.700523379280533,6.700468754408664
6.702807402178353,6.702862056395755,6.702880274520278,6.702862056395755,6.702807402178353
6.7051902912920704,6.705244975414107,6.7052632035068935,6.705244975414107,6.7051902912920704
6.707617443118147,6.707672157704418,6.707690395952003,6.707672157704418,6.707617443118147
6.7100888794238935,6.710143625034506,6.7101618736235915,6.710143625034506,6.7100888794238935
6.712604622375956,6.712659399571532,6.712677658688992,6.712659399571532,6.712604622375956
6.715164694540671,6.715219503882355,6.715237773715241,6.715219503882355,6.715164694540671
6.717769118884432,6.7178239609339085,6.717842241669448,6.7178239609339085,6.717769118884432
6.720417918774067,6.720472794093559,6.720491085919162,6.720472794093559,6.720417918774067
6.723111117977205,6.723166027129494,6.723184330232755,6.723166027129494,6.723111117977205
6.725848740662677,6.725903684211102,6.725921998779801,6.725903684211102,6.725848740662677
6.72863081140089,6.728685789909366,6.728704116131476,6.728685789909366,6.72863081140089
6.73145735516424,6.731512369197259,6.731530707260946,6.731512369197259,6.73145735516424
6.734328397327506,6.7343834474501545,6.734401797543779,6.7343834474501545,6.734328397327506
6.7372439636682655,6.737299050446229,6.737317412758356,6.737299050446229,6.7372439636682655
6.740204080367314,6.740259204366888,6.740277579086282,6.740259204366888,6.740204080367314
6.7432087740090845,6.743263935797181,6.743282323112816,6.743263935797181,6.7432087740090845
6.746258071582081,6.746313271726244,6.746331671827301,6.746313271726244,6.746258071582081
6.749352000479314,6.749407239547724,6.749425652623597,6.749407239547724,6.749352000479314
6.752490588498748,6.752545867060229,6.752564293300532,6.752545867060234,6.752490588498748
6.755673863843748,6.755729182467781,6.755747622062344,6.755729182467796,6.755673863843748
6.758901855123535,6.758957214380256,6.758975667519147,6.758957214380312,6.758901855123535
6.762174591353656,6.762229991813836,6.7622484586873846,6.762229991814042,6.762174591353656
6.765492101956446,6.765547544191391,6.76556602499031,6.765547544192162,6.765492101956446
6.768854416761514,6.768909901342657,6.768928396258454,6.768909901345535,6.768854416761514
6.772261566006217,6.772317093503592,6.7723356027301165,6.772317093514333,6.772261566006217
6.775713580336159,6.775769151312645,6.77578767505185,6.775769151352732,6.775713580336158
6.779210490805688,6.779266105795525,6.779284644278967,6.779266105945137,6.779210490805685
6.782752328878425,6.782807988306982,6.782826541876066,6.782807988865345,6.7827523288784155
6.786339126427944,6.78639483031211,6.786413399717702,6.786394832395959,6.786339126427909
6.789970915739224,6.790026662568412,6.7900452500898325,6.790026670345481,6.789970915739095
6.793647729514621,6.793703512069909,6.793722125695735,6.793703541094466,6.793647729514137
6.797369600906068,6.797425390629561,6.797444059688015,6.797425498951208,6.797369600904261
6.801136563699765,6.8011922522006705,6.801211085852586,6.80119265646452,6.8011365636930226
6.804948653388568,6.805003833211389,6.805023239678393,6.805005341951938,6.804948653363402
6.808805913414216,6.808859054439195,6.808880564589657,6.808864685162911,6.808805913320276
6.812708431526335,6.812753775699794,6.8127831482673695,6.812774789948816,6.812708431175666
6.816656551618565,6.816672340047484,6.816731334344117,6.816750766673385,6.816656550309548
6.814667772594047,6.820555572356115,6.82072695625058,6.820848265930387,6.814678278409184
