1.582367682784336,1.5823680134962816,1.582369578084418,1.582370751527049,1.5823715338228648,1.5823719249709907,1.5823719249709907,1.5823715338228648,1.582370751527049,1.582369578084418,1.5823680134962816,1.582367682784336
1.5823673520723904,1.582369307804024,1.5823708723919516,1.5823720458344264,1.5823728281301372,1.5823732192782114,1.5823732192782114,1.5823728281301372,1.5823720458344264,1.5823708723919516,1.582369307804024,1.5823673520723904
1.5823695780792917,1.5823715338308424,1.5823730984347035,1.5823742718891285,1.5823750541928063,1.5823754453448635,1.5823754453448635,1.5823750541928063,1.5823742718891285,1.5823730984347035,1.5823715338308424,1.5823695780792917
1.5823727358634665,1.5823746916551125,1.5823762562910495,1.5823774297695317,1.582378212089248,1.5823786032493241,1.5823786032493241,1.582378212089248,1.5823774297695317,1.5823762562910495,1.5823746916551125,1.5823727358634665
1.5823768256237214,1.5823787814756418,1.5823803461597992,1.582381519674446,1.5823823020182721,1.5823826931904035,1.5823826931904035,1.5823823020182721,1.582381519674446,1.5823803461597992,1.5823787814756418,1.5823768256237214
1.582381847679298,1.5823838036116742,1.5823853683601965,1.5823865419231178,1.5823873242991267,1.5823877154873491,1.5823877154873491,1.5823873242991267,1.5823865419231178,1.5823853683601965,1.5823838036116742,1.582381847679298
1.5823878024698772,1.5823897585028945,1.5823913233319296,1.5823924969552354,1.5823932793715008,1.5823936705798518,1.5823936705798518,1.5823932793715008,1.5823924969552354,1.5823913233319296,1.5823897585028945,1.5823878024698772
1.5823946905555895,1.5823966467094355,1.5823982116351338,1.5823993853309373,1.5824001677955344,1.5824005590280512,1.5824005590280512,1.5824001677955344,1.5823993853309373,1.5823982116351338,1.5823966467094355,1.5823946905555895
1.5824025126170203,1.582404468911887,1.582406033950403,1.582407207730819,1.582407990251825,1.582408381512547,1.582408381512547,1.582407990251825,1.582407207730819,1.582406033950403,1.582404468911887,1.5824025126170203
1.582411269455222,1.5824132259113075,1.5824147910787985,1.5824159649559468,1.5824167475414406,1.5824171388344062,1.5824171388344062,1.5824167475414406,1.5824159649559468,1.5824147910787985,1.5824132259113075,1.582411269455222
1.5824209619917273,1.582422918629235,1.582424483941864,1.5824256579278657,1.5824264405859294,1.5824268319151793,1.5824268319151793,1.5824264405859294,1.5824256579278657,1.582424483941864,1.582422918629235,1.5824209619917273
1.5824315912685634,1.5824335481077028,1.582435113581638,1.5824362876886195,1.582437070427336,1.5824374617969132,1.5824374617969132,1.582437070427336,1.5824362876886195,1.582435113581638,1.5824335481077028,1.5824315912685634
1.5824431584482663,1.582445115509255,1.58244668116067,1.5824478554007622,1.582448638228219,1.5824490296421663,1.5824490296421663,1.582448638228219,1.5824478554007622,1.58244668116067,1.582445115509255,1.5824431584482663
1.5824556648139014,1.5824576221169646,1.5824591879620402,1.5824603623473779,1.5824611452716655,1.5824615367340278,1.5824615367340278,1.5824611452716655,1.5824603623473779,1.5824591879620402,1.5824576221169646,1.5824556648139014
1.5824691117690817,1.5824710693344537,1.5824726353893772,1.5824738099321014,1.5824745929613133,1.5824749844761379,1.5824749844761379,1.5824745929613133,1.5824738099321014,1.5824726353893772,1.5824710693344537,1.5824691117690817
1.5824835008379896,1.582485458685915,1.5824870249668814,1.5824881996791382,1.5824889828213724,1.5824893743927082,1.5824893743927082,1.5824889828213724,1.5824881996791382,1.5824870249668814,1.582485458685915,1.5824835008379896
1.582498833665401,1.5825007918161336,1.5825023583393465,1.582503533233289,1.5825043164966468,1.5825047081285448,1.5825047081285448,1.5825043164966468,1.582503533233289,1.5825023583393465,1.5825007918161336,1.582498833665401
1.5825151120167085,1.5825170704905145,1.5825186372721867,1.5825198123599735,1.5825205957525619,1.5825209874490747,1.5825209874490747,1.5825205957525619,1.5825198123599735,1.5825186372721867,1.5825170704905145,1.5825151120167085
1.5825323377779512,1.582534296595107,1.5825358636514604,1.5825370389452589,1.5825378224751878,1.5825382142403717,1.5825382142403717,1.5825378224751878,1.5825370389452589,1.5825358636514604,1.582534296595107,1.5825323377779512
1.5825505129558397,1.5825524721366357,1.5825540394839024,1.5825552149958861,1.5825559986712723,1.5825563905091846,1.5825563905091846,1.5825559986712723,1.5825552149958861,1.5825540394839024,1.5825524721366357,1.5825505129558397
1.5825696396777895,1.5825715992425287,1.5825731668969512,1.5825743426393024,1.5825751264682668,1.5825755183829686,1.5825755183829686,1.5825751264682668,1.5825743426393024,1.5825731668969512,1.5825715992425287,1.5825696396777895
1.58258972019195,1.5825916801609505,1.5825932481387825,1.5825944241236916,1.582595208114362,1.5825956001099164,1.5825956001099164,1.582595208114362,1.5825944241236916,1.5825932481387825,1.5825916801609505,1.58258972019195
1.582610756867242,1.5826127172608353,1.5826142855783432,1.5826154618180093,1.5826162459785182,1.582616638058992,1.582616638058992,1.5826162459785182,1.5826154618180093,1.5826142855783432,1.5826127172608353,1.582610756867242
1.5826327521933887,1.582634713031923,1.582636281705384,1.5826374582120168,1.582638242550503,1.5826386347199657,1.5826386347199657,1.582638242550503,1.5826374582120168,1.582636281705384,1.582634713031923,1.5826327521933887
1.5826557087809547,1.5826576700847943,1.582659239130501,1.5826604159163176,1.5826612004409277,1.5826615927034524,1.5826615927034524,1.5826612004409277,1.5826604159163176,1.582659239130501,1.5826576700847943,1.5826557087809547
1.582679629361386,1.5826815911509116,1.5826831605851683,1.582684337662399,1.5826851223812846,1.5826855147409473,1.5826855147409473,1.5826851223812846,1.582684337662399,1.5826831605851683,1.5826815911509116,1.582679629361386
1.5827045167870477,1.5827064790826584,1.5827080489217846,1.5827092263026676,1.582710011223989,1.5827104036848691,1.5827104036848691,1.582710011223989,1.5827092263026676,1.5827080489217846,1.5827064790826584,1.5827045167870477
1.5827303740312666,1.5827323368533797,1.582733907113709,1.5827350848104955,1.5827358699424192,1.582736262508601,1.582736262508601,1.5827358699424192,1.5827350848104955,1.582733907113709,1.5827323368533797,1.5827303740312666
1.5827572041883744,1.5827591675574268,1.5827607382553088,1.5827619162802604,1.5827627016309616,1.5827630943065318,1.5827630943065318,1.5827627016309616,1.5827619162802604,1.5827607382553088,1.5827591675574268,1.5827572041883744
1.5827850104737544,1.5827869744102023,1.582788545562002,1.582789723927393,1.5827905095050538,1.5827909022941045,1.5827909022941045,1.5827905095050538,1.582789723927393,1.582788545562002,1.5827869744102023,1.5827850104737544
1.5828137962238842,1.582815760748205,1.5828173323703045,1.582818511088421,1.5828192969012327,1.5828196898078588,1.5828196898078588,1.5828192969012327,1.582818511088421,1.5828173323703045,1.582815760748205,1.5828137962238842
1.5828435648963872,1.5828455300290791,1.5828471021378774,1.5828482812210185,1.5828490672771807,1.5828494603054821,1.5828494603054821,1.5828490672771807,1.5828482812210185,1.5828471021378774,1.5828455300290791,1.5828435648963872
1.5828743200700792,1.5828762858316632,1.5828778584435765,1.5828790379040552,1.5828798242117756,1.5828802173658567,1.5828802173658567,1.5828798242117756,1.5828790379040552,1.5828778584435765,1.5828762858316632,1.5828743200700792
1.582906065445022,1.5829080318560413,1.5829096049875042,1.5829107848376462,1.582911571405143,1.5829119646891117,1.5829119646891117,1.582911571405143,1.5829107848376462,1.5829096049875042,1.5829080318560413,1.582906065445022
1.5829388048425719,1.5829407719235933,1.5829423455910598,1.5829435258432052,1.582944312678705,1.5829447060966753,1.5829447060966753,1.582944312678705,1.5829435258432052,1.5829423455910598,1.5829407719235933,1.5829388048425719
1.5829725422054373,1.5829745099770518,1.5829760841969946,1.582977264863498,1.5829780519752368,1.5829784455313272,1.5829784455313272,1.5829780519752368,1.582977264863498,1.5829760841969946,1.5829745099770518,1.5829725422054373
1.5830072815977299,1.5830092500805535,1.5830108248694652,1.5830120059626966,1.5830127933589213,1.5830131870572546,1.5830131870572546,1.5830127933589213,1.5830120059626966,1.5830108248694652,1.5830092500805535,1.5830072815977299
1.5830430272050235,1.5830449964196978,1.583046571794092,1.5830477533264362,1.5830485410154032,1.5830489348601078,1.5830489348601078,1.5830485410154032,1.5830477533264362,1.583046571794092,1.5830449964196978,1.5830430272050235
1.5830797833344117,1.583081753301604,1.5830833292780149,1.5830845112618723,1.583085299251849,1.5830856932470585,1.5830856932470585,1.583085299251849,1.5830845112618723,1.5830833292780149,1.583081753301604,1.5830797833344117
1.5831175544145637,1.5831195251549692,1.583121101749952,1.5831222841977401,1.583123072497004,1.5831234666468577,1.5831234666468577,1.583123072497004,1.5831222841977401,1.583121101749952,1.5831195251549692,1.5831175544145637
1.5831563449957877,1.5831583165301284,1.5831598937602616,1.5831610766844135,1.583161865301254,1.5831622596098955,1.5831622596098955,1.583161865301254,1.5831610766844135,1.5831598937602616,1.5831583165301284,1.5831563449957877
1.5831961597500905,1.5831981320991173,1.5831997099810011,1.5832008933939672,1.5832016823366841,1.5832020768082646,1.5832020768082646,1.5832016823366841,1.5832008933939672,1.5831997099810011,1.5831981320991173,1.5831961597500905
1.5832370034712402,1.5832389766557322,1.5832405552059905,1.583241739120239,1.5832425283971445,1.5832429230358194,1.5832429230358194,1.5832425283971445,1.583241739120239,1.5832405552059905,1.5832389766557322,1.5832370034712402
1.5832788810748295,1.583280855115596,1.5832824343508765,1.5832836187788921,1.58328440839831,1.5832848032082414,1.5832848032082414,1.58328440839831,1.5832836187788921,1.5832824343508765,1.583280855115596,1.5832788810748295
1.5833217975983407,1.5833237725162215,1.583325352453195,1.583326537407482,1.5833273273777482,1.5833277223631037,1.5833277223631037,1.5833273273777482,1.583326537407482,1.583325352453195,1.5833237725162215,1.5833217975983407
1.5833657582012106,1.5833677340170758,1.5833693146724395,1.5833705001655203,1.5833712904949828,1.5833716856599367,1.5833716856599367,1.5833712904949828,1.5833705001655203,1.5833693146724395,1.5833677340170758,1.5833657582012106
1.5834107681648983,1.5834127448996502,1.5834143262901255,1.5834155123345413,1.5834163030315611,1.5834166983802938,1.5834166983802938,1.5834163030315611,1.5834155123345413,1.5834143262901255,1.5834127448996502,1.5834107681648983
1.583456832892952,1.5834588105675245,1.583460392709859,1.5834615793181706,1.5834623703911213,1.58346276592782,1.58346276592782,1.5834623703911213,1.5834615793181706,1.583460392709859,1.5834588105675245,1.583456832892952
1.5835039579110772,1.5835059365464381,1.5835075194574055,1.583508706642193,1.5835094980994624,1.5835098938283199,1.5835098938283199,1.5835094980994624,1.583508706642193,1.5835075194574055,1.5835059365464381,1.5835039579110772
1.5835521488672082,1.583554128484358,1.5835557121807586,1.583556899954623,1.5835576918046104,1.5835580877298279,1.5835580877298279,1.5835576918046104,1.583556899954623,1.5835557121807586,1.583554128484358,1.5835521488672082
1.5836014115315755,1.583603392151549,1.5836049766502114,1.5836061650257733,1.5836069572768934,1.5836073534026769,1.5836073534026769,1.5836069572768934,1.5836061650257733,1.5836049766502114,1.583603392151549,1.5836014115315755
1.5836517517967794,1.5836537334406462,1.583655318758426,1.5836565077483273,1.5836573004090075,1.583657696739572,1.583657696739572,1.5836573004090075,1.5836565077483273,1.583655318758426,1.5836537334406462,1.5836517517967794
1.5837031756778597,1.5837051583667257,1.5837067445205069,1.5837079341374107,1.583708727216094,1.5837091237556593,1.5837091237556593,1.583708727216094,1.5837079341374107,1.5837067445205069,1.5837051583667257,1.5837031756778597
1.5837556893123712,1.5837576730673772,1.5837592600740726,1.5837604503306641,1.5837612438358062,1.5837616405886012,1.5837616405886012,1.5837612438358062,1.5837604503306641,1.5837592600740726,1.5837576730673772,1.5837556893123712
1.5838092989604542,1.583811283802778,1.5838128716793305,1.5838140625883161,1.5838148565283885,1.583815253498649,1.583815253498649,1.5838148565283885,1.5838140625883161,1.5838128716793305,1.583811283802778,1.5838092989604542
1.5838640110049105,1.5838659969557667,1.583867585719148,1.5838687772932574,1.583869571676746,1.583869968868715,1.583869968868715,1.583869571676746,1.5838687772932574,1.583867585719148,1.5838659969557667,1.5838640110049105
1.5839198319512755,1.5839218190319175,1.5839234086991305,1.583924600951115,1.583925395786521,1.583925793204449,1.583925793204449,1.583925395786521,1.583924600951115,1.5839234086991305,1.5839218190319175,1.5839198319512755
1.5839767684278967,1.5839787566596157,1.5839803472476932,1.583981540190328,1.583982335486168,1.5839827331343135,1.5839827331343135,1.583982335486168,1.583981540190328,1.5839803472476932,1.5839787566596157,1.5839767684278967
1.5840348271860059,1.5840368165901326,1.5840384081161394,1.5840396017622222,1.584040397527029,1.5840407954096578,1.5840407954096578,1.584040397527029,1.5840396017622222,1.5840384081161394,1.5840368165901326,1.5840348271860059
1.5840940150997977,1.5840960056977025,1.5840975981787344,1.5840987925410879,1.5840995887834088,1.5840999869047954,1.5840999869047954,1.5840995887834088,1.5840987925410879,1.5840975981787344,1.5840960056977025,1.5840940150997977
1.5841543391665047,1.5841563309795974,1.5841579244327828,1.5841591195242528,1.5841599162526532,1.584160314617079,1.584160314617079,1.5841599162526532,1.5841591195242528,1.5841579244327828,1.5841563309795974,1.5841543391665047
1.5842158065064749,1.5842177995562063,1.5842193939987057,1.584220589832164,1.5842213870552229,1.584221785666979,1.584221785666979,1.5842213870552229,1.584220589832164,1.5842193939987057,1.5842177995562063,1.5842158065064749
1.584278424363247,1.58428041867111,1.584282014120118,1.5842832107084583,1.584284008434774,1.5842844072981581,1.5842844072981581,1.584284008434774,1.5842832107084583,1.584282014120118,1.58428041867111,1.584278424363247
1.5843422001036307,1.5843441956911595,1.5843457921639028,1.5843469895200473,1.5843477877582326,1.5843481868775517,1.5843481868775517,1.5843477877582326,1.5843469895200473,1.5843457921639028,1.5843441956911595,1.5843422001036307
1.5844071412177816,1.5844091381065528,1.5844107356202932,1.5844119337571871,1.5844127325158732,1.5844131318954433,1.5844131318954433,1.5844127325158732,1.5844119337571871,1.5844107356202932,1.5844091381065528,1.5844071412177816
1.5844732553192806,1.5844752535309137,1.5844768521029469,1.5844780510335625,1.5844788503213973,1.5844792499655416,1.5844792499655416,1.5844788503213973,1.5844780510335625,1.5844768521029469,1.5844752535309137,1.5844732553192806
1.58454055014521,1.5845425497013685,1.5845441493490253,1.5845453490863606,1.5845461489120092,1.5845465488250607,1.5845465488250607,1.5845461489120092,1.5845453490863606,1.5845441493490253,1.5845425497013685,1.58454055014521
1.584609033556233,1.5846110344786242,1.5846126352192702,1.5846138357763493,1.584614636148495,1.5846150363347953,1.5846150363347953,1.584614636148495,1.5846138357763493,1.5846126352192702,1.5846110344786242,1.584609033556233
1.584678713536671,1.5846807158470457,1.5846823176980829,1.5846835190879571,1.5846843200153005,1.5846847204792,1.5846847204792,1.5846843200153005,1.5846835190879571,1.5846823176980829,1.5846807158470457,1.584678713536671
1.584749598194579,1.5847516019147352,1.5847532048936004,1.5847544071293482,1.5847552086206083,1.584755609366466,1.584755609366466,1.5847552086206083,1.5847544071293482,1.5847532048936004,1.5847516019147352,1.584749598194579
1.5848216957618269,1.5848237009136066,1.5848253050377743,1.5848265081325013,1.5848273101964145,1.5848277112285998,1.5848277112285998,1.5848273101964145,1.5848265081325013,1.5848253050377743,1.5848237009136066,1.5848216957618269
1.5848950145941736,1.584897021199466,1.5848986264864475,1.584899830453286,1.5849006330986086,1.5849010344214989,1.5849010344214989,1.5849006330986086,1.584899830453286,1.5848986264864475,1.584897021199466,1.5848950145941736
1.5849695631713474,1.5849715712520869,1.5849731777194298,1.5849743825715423,1.5849751858070478,1.58497558742503,1.58497558742503,1.5849751858070478,1.5849743825715423,1.5849731777194298,1.5849715712520869,1.5849695631713474
1.5850453500971187,1.5850473596752883,1.5850489673405788,1.5850501730911535,1.5850509769256353,1.585051378843106,1.585051378843106,1.5850509769256353,1.5850501730911535,1.5850489673405788,1.5850473596752883,1.5850453500971187
1.5851223840993798,1.5851243951970089,1.5851260040778707,1.5851272107401266,1.5851280151823968,1.5851284174037614,1.5851284174037614,1.5851280151823968,1.5851272107401266,1.5851260040778707,1.5851243951970089,1.5851223840993798
1.5852006740302196,1.585202686669386,1.5852042967834818,1.5852055043706652,1.5852063094295545,1.5852067119592295,1.5852067119592295,1.5852063094295545,1.5852055043706652,1.5852042967834818,1.585202686669386,1.5852006740302196
1.5852802288659984,1.5852822430688291,1.5852838544338597,1.5852850629592463,1.5852858686436062,1.585286271486016,1.585286271486016,1.5852858686436062,1.5852850629592463,1.5852838544338597,1.5852822430688291,1.5852802288659984
1.5853610577074249,1.5853630734960948,1.5853646861298007,1.585365895606696,1.5853667019253959,1.5853671050849767,1.5853671050849767,1.5853667019253959,1.585365895606696,1.5853646861298007,1.5853630734960948,1.5853610577074249
1.5854431697796283,1.5854451871763624,1.5854468010965235,1.5854480115382625,1.5854488185001925,1.5854492219813885,1.5854492219813885,1.5854488185001925,1.5854480115382625,1.5854468010965235,1.5854451871763624,1.5854431697796283
1.585526574432234,1.5855285934593064,1.5855302086837428,1.58553142010369,1.58553222771776,1.5855326315250267,1.5855326315250267,1.58553222771776,1.58553142010369,1.5855302086837428,1.5855285934593064,1.585526574432234
1.5856112811394345,1.5856133018191705,1.5856149183657413,1.5856161307772927,1.5856169390524326,1.5856173431902345,1.5856173431902345,1.5856169390524326,1.5856161307772927,1.5856149183657413,1.5856133018191705,1.5856112811394345
1.5856972995000629,1.5856993218548383,1.5857009397414448,1.5857021531580247,1.5857029621031855,1.585703366575998,1.585703366575998,1.5857029621031855,1.5857021531580247,1.5857009397414448,1.5856993218548383,1.5856972995000629
1.585784639237665,1.5857866632899063,1.5857882825344896,1.5857894969695547,1.5857903065937067,1.585790711406015,1.585790711406015,1.5857903065937067,1.5857894969695547,1.5857882825344896,1.5857866632899063,1.585784639237665
1.585873310200567,1.5858753359727524,1.5858769565932955,1.5858781720603328,1.585878982372467,1.5858793875287671,1.5858793875287671,1.585878982372467,1.5858781720603328,1.5858769565932955,1.5858753359727524,1.585873310200567
1.5859633223619476,1.5859653498766075,1.5859669718911342,1.585968188403662,1.585968999412791,1.5859694049175888,1.5859694049175888,1.585968999412791,1.585968188403662,1.5859669718911342,1.5859653498766075,1.5859633223619476
1.586054685819905,1.5860567150996219,1.5860583385261986,1.586059556097766,1.586060367812923,1.586060773670735,1.586060773670735,1.586060367812923,1.586059556097766,1.5860583385261986,1.5860567150996219,1.586054685819905
1.5861474107975235,1.586149441864933,1.5861510667216678,1.5861522853658565,1.5861530977960956,1.5861535040114492,1.5861535040114492,1.5861530977960956,1.5861522853658565,1.5861510667216678,1.586149441864933,1.5861474107975235
1.5862415076429417,1.5862435405207318,1.5862451668257758,1.5862463865561987,1.5862471997105951,1.586247606288028,1.586247606288028,1.5862471997105951,1.5862463865561987,1.5862451668257758,1.5862435405207318,1.5862415076429417
1.586336986829415,1.5863390215403275,1.586340649311874,1.5863418701421765,1.5863426840298271,1.5863430909738871,1.5863430909738871,1.5863426840298271,1.5863418701421765,1.586340649311874,1.5863390215403275,1.586336986829415
1.5864338589553793,1.5864358955222102,1.5864375247784959,1.5864387467223553,1.5864395613523787,1.5864399686676252,1.5864399686676252,1.5864395613523787,1.5864387467223553,1.5864375247784959,1.5864358955222102,1.5864338589553793
1.5865321347445147,1.586534173190114,1.5865358039494186,1.586537027020545,1.5865378424020808,1.5865382500930845,1.5865382500930845,1.5865378424020808,1.586537027020545,1.5865358039494186,1.586534173190114,1.5865321347445147
1.586631825045805,1.5866338653930767,1.5866354976737238,1.5866367218858601,1.5866375380280702,1.5866379460994113,1.5866379460994113,1.5866375380280702,1.5866367218858601,1.5866354976737238,1.5866338653930767,1.586631825045805
1.5867329408335955,1.586734983105499,1.5867366169258568,1.586737842292778,1.5867386592048467,1.5867390676611168,1.5867390676611168,1.5867386592048467,1.586737842292778,1.5867366169258568,1.586734983105499,1.5867329408335955
1.586835493207653,1.5868375374272028,1.586839172805682,1.5868403993411977,1.5868412170323303,1.586841625878133,1.586841625878133,1.5868412170323303,1.5868403993411977,1.586839172805682,1.5868375374272028,1.586835493207653
1.5869394933932197,1.5869415395834854,1.5869431765385427,1.5869444042564944,1.5869452227359189,1.5869456319758681,1.5869456319758681,1.5869452227359189,1.5869444042564944,1.5869431765385427,1.5869415395834854,1.5869394933932197
1.5870449527410673,1.5870470009251756,1.587048639475311,1.5870498683895744,1.5870506876665416,1.5870510973052623,1.5870510973052623,1.5870506876665416,1.5870498683895744,1.587048639475311,1.5870470009251756,1.5870449527410673
1.5871518827275508,1.5871539329286826,1.587155573092442,1.5871568032169265,1.5871576233007083,1.5871580333428377,1.5871580333428377,1.5871576233007083,1.5871568032169265,1.587155573092442,1.5871539329286826,1.5871518827275508
1.5872602949546564,1.5872623471960505,1.5872639889920244,1.5872652203406725,1.5872660412405653,1.5872664516907502,1.5872664516907502,1.5872660412405653,1.5872652203406725,1.5872639889920244,1.5872623471960505,1.5872602949546564
1.5873702011500517,1.5873722554550027,1.5873738989018276,1.5873751314886164,1.5873759532139382,1.5873763640768375,1.5873763640768375,1.5873759532139382,1.5873751314886164,1.5873738989018276,1.5873722554550027,1.5873702011500517
1.5874816131671319,1.587483669558992,1.5874853146753487,1.5874865485142897,1.5874873710743809,1.5874877823546654,1.5874877823546654,1.5874873710743809,1.5874865485142897,1.5874853146753487,1.587483669558992,1.5874816131671319
1.5875945429850624,1.5875966014872405,1.5875982482918571,1.5875994833969957,1.5876003068012199,1.5876007185035714,1.5876007185035714,1.5876003068012199,1.5875994833969957,1.5875982482918571,1.5875966014872405,1.5875945429850624
1.5877090027088234,1.587711063344786,1.5877127118564354,1.5877139482418516,1.587714772499596,1.587715184628708,1.587715184628708,1.587714772499596,1.5877139482418516,1.5877127118564354,1.587711063344786,1.5877090027088234
1.5878250045692475,1.5878270673625188,1.5878287176000208,1.5878299552798296,1.587830780400503,1.5878311929610804,1.5878311929610804,1.587830780400503,1.5878299552798296,1.5878287176000208,1.5878270673625188,1.5878250045692475
1.587942560923058,1.5879446258972205,1.5879462778794406,1.5879475168677908,1.5879483428608274,1.5879487558575864,1.5879487558575864,1.5879483428608274,1.5879475168677908,1.5879462778794406,1.5879446258972205,1.587942560923058
1.588061684252904,1.5880637514315983,1.588065405177449,1.5880666454885257,1.5880674723633805,1.5880678858010495,1.5880678858010495,1.5880674723633805,1.5880666454885257,1.588065405177449,1.5880637514315983,1.588061684252904
1.588182387167394,1.5881844565743186,1.588186112102759,1.5881873537507807,1.5881881815169345,1.588188595400253,1.588188595400253,1.5881881815169345,1.5881873537507807,1.588186112102759,1.5881844565743186,1.588182387167394
1.5883046824011233,1.5883067540600355,1.5883084113900714,1.5883096543892934,1.5883104830562482,1.5883108973899682,1.5883108973899682,1.5883104830562482,1.5883096543892934,1.5883084113900714,1.5883067540600355,1.5883046824011233
1.5884285828147044,1.5884306567494206,1.5884323159001048,1.5884335602648165,1.5884343898420994,1.5884348046309835,1.5884348046309835,1.5884343898420994,1.5884335602648165,1.5884323159001048,1.5884306567494206,1.5884285828147044
1.5885541013947888,1.588556177629184,1.5885578386196175,1.5885590843641437,1.5885599148613048,1.5885603301101283,1.5885603301101283,1.5885599148613048,1.5885590843641437,1.5885578386196175,1.588556177629184,1.5885541013947888
1.5886812512540918,1.5886833298121008,1.5886849926614306,1.5886862398001322,1.5886870712267456,1.5886874869402954,1.5886874869402954,1.5886870712267456,1.5886862398001322,1.5886849926614306,1.5886833298121008,1.5886812512540918
1.5888100456314107,1.5888121265370267,1.5888137912644476,1.5888150398117213,1.5888158721773835,1.5888162883604589,1.5888162883604589,1.5888158721773835,1.5888150398117213,1.5888137912644476,1.5888121265370267,1.5888100456314107
1.5889404978916393,1.5889425811689155,1.5889442477936702,1.5889454977639477,1.5889463310782808,1.5889467477356918,1.5889467477356918,1.5889463310782808,1.5889454977639477,1.5889442477936702,1.5889425811689155,1.5889404978916393
1.5890726215257827,1.5890747071988318,1.5890763757402107,1.5890776271479594,1.5890784614206086,1.5890788785571779,1.5890788785571779,1.5890784614206086,1.5890776271479594,1.5890763757402107,1.5890747071988318,1.5890726215257827
1.5892064301509676,1.5892085182439621,1.5892101887213028,1.589211441581027,1.5892122768216608,1.5892126944422234,1.5892126944422234,1.5892122768216608,1.589211441581027,1.5892101887213028,1.5892085182439621,1.5892064301509676
1.5893419375104472,1.5893440280476197,1.589345700480309,1.5893469548065475,1.5893477910248595,1.5893482091342612,1.5893482091342612,1.5893477910248595,1.5893469548065475,1.589345700480309,1.5893440280476197,1.5893419375104472
1.589479157473608,1.5894812504792506,1.5894829248867222,1.589484180694051,1.589485017899758,1.5894854365028581,1.5894854365028581,1.589485017899758,1.589484180694051,1.5894829248867222,1.5894812504792506,1.589479157473608
1.5896181040359667,1.5896201995344323,1.5896218759361684,1.5896231332391988,1.5896239714420421,1.5896243905437109,1.5896243905437109,1.5896239714420421,1.5896231332391988,1.5896218759361684,1.5896201995344323,1.5896181040359667
1.5897587913191704,1.5897608893348718,1.5897625677504024,1.5897638265637823,1.5897646657735272,1.5897650853786471,1.5897650853786471,1.5897646657735272,1.5897638265637823,1.5897625677504024,1.5897608893348718,1.5897587913191704
1.5899012335709872,1.589903334128398,1.5899050145773015,1.5899062749157151,1.5899071151421504,1.589907535255616,1.589907535255616,1.5899071151421504,1.5899062749157151,1.5899050145773015,1.589903334128398,1.5899012335709872
1.590045445165298,1.5900475482889511,1.5900492307908551,1.5900504926690224,1.590051333921962,1.5900517545486803,1.5900517545486803,1.590051333921962,1.5900504926690224,1.5900492307908551,1.5900475482889511,1.590045445165298
1.590191440602083,1.5901935463165726,1.5901952308911518,1.5901964943238291,1.5901973366131108,1.5901977577580007,1.5901977577580007,1.5901973366131108,1.5901964943238291,1.5901952308911518,1.5901935463165726,1.590191440602083
1.5903392345074019,1.590341342837382,1.590343029504361,1.5903442945063415,1.5903451378418267,1.590345559509819,1.590345559509819,1.5903451378418267,1.5903442945063415,1.590343029504361,1.590341342837382,1.5903392345074019
1.5904888416333756,1.590490952603562,1.5904926413827118,1.5904939079688247,1.5904947523604,1.5904951745564377,1.5904951745564377,1.5904947523604,1.5904939079688247,1.5904926413827118,1.590490952603562,1.5904888416333756
1.5906402768581585,1.5906423904933273,1.5906440814044696,1.5906453495895798,1.5906461950471555,1.5906466177761942,1.5906466177761942,1.5906461950471555,1.5906453495895798,1.5906440814044696,1.5906423904933273,1.5906402768581585
1.5907935551859134,1.5907956715109006,1.5907973645739037,1.590798634372914,1.5907994809064245,1.5907999041734309,1.5907999041734309,1.5907994809064245,1.590798634372914,1.5907973645739037,1.5907956715109006,1.5907935551859134
1.5909486917467728,1.5909508107864758,1.5909525060212582,1.5909537774491063,1.5909546250685107,1.5909550488784645,1.5909550488784645,1.5909546250685107,1.5909537774491063,1.5909525060212582,1.5909508107864758,1.5909486917467728
1.5911057017968073,1.5911078235761837,1.591109521002711,1.5911107940743725,1.5911116427896537,1.5911120671475465,1.5911120671475465,1.5911116427896537,1.5911107940743725,1.591109521002711,1.5911078235761837,1.5911057017968073
1.5912646007179803,1.5912667252620485,1.5912684249003362,1.5912696996308213,1.5912705494519874,1.5912709743628233,1.5912709743628233,1.5912705494519874,1.5912696996308213,1.5912684249003362,1.5912667252620485,1.5912646007179803
1.5914254040181042,1.5914275313519437,1.5914292332220552,1.5914305096264119,1.591431360563494,1.5914317860322889,1.5914317860322889,1.591431360563494,1.5914305096264119,1.5914292332220552,1.5914275313519437,1.5914254040181042
1.5915881273307915,1.5915902574795417,1.5915919616015883,1.5915932396949009,1.5915940917579556,1.5915945177897366,1.5915945177897366,1.5915940917579556,1.5915932396949009,1.5915919616015883,1.5915902574795417,1.5915881273307915
1.5917527864153966,1.5917549194042584,1.5917566257984015,1.5917579055957896,1.5917587587948967,1.591759185394705,1.591759185394705,1.5917587587948967,1.5917579055957896,1.5917566257984015,1.5917549194042584,1.5917527864153966
1.591919397156962,1.5919215330111962,1.5919232416976439,1.591924523214265,1.591925377559529,1.5919258047324165,1.5919258047324165,1.591925377559529,1.591924523214265,1.5919232416976439,1.5919215330111962,1.591919397156962
1.5920879755661506,1.5920901143110788,1.5920918253100889,1.5920931085611356,1.5920939640626859,1.5920943918137165,1.5920943918137165,1.5920939640626859,1.5920931085611356,1.5920918253100889,1.5920901143110788,1.5920879755661506
1.5922585377791798,1.5922606794401846,1.5922623927720627,1.5922636777727648,1.592264534440753,1.5922649627750043,1.5922649627750043,1.592264534440753,1.5922636777727648,1.5922623927720627,1.5922606794401846,1.5922585377791798
1.592431100057749,1.5924332446602723,1.5924349603453725,1.5924362471109952,1.5924371049555999,1.5924375338781587,1.5924375338781587,1.5924371049555999,1.5924362471109952,1.5924349603453725,1.5924332446602723,1.592431100057749
1.5926056787889598,1.5926078263585048,1.5926095444172295,1.5926108329630746,1.592611691994496,1.5926121215104643,1.5926121215104643,1.592611691994496,1.5926108329630746,1.5926095444172295,1.5926078263585048,1.5926056787889598
1.5927822904852358,1.5927844410473653,1.592786161500165,1.5927874518415708,1.5927883120700344,1.5927887421845242,1.5927887421845242,1.5927883120700344,1.5927874518415708,1.592786161500165,1.5927844410473653,1.5927822904852358
1.5929609517842327,1.5929631053645705,1.5929648282319437,1.592966120384284,1.5929669818200396,1.5929674125381759,1.5929674125381759,1.5929669818200396,1.592966120384284,1.5929648282319437,1.5929631053645705,1.5929609517842327
1.593141679448749,1.593143836072978,1.5931455613754717,1.5931468553541563,1.593147718007477,1.5931481493343964,1.5931481493343964,1.593147718007477,1.5931468553541563,1.5931455613754717,1.593143836072978,1.593141679448749
1.5933244903666248,1.5933266500604881,1.5933283778186964,1.593329673639172,1.593330537520355,1.5933309694612063,1.5933309694612063,1.593330537520355,1.593329673639172,1.5933283778186964,1.5933266500604881,1.5933244903666248
1.5935094015506401,1.5935115643399411,1.5935132945745076,1.5935145922522551,1.593515457371622,1.5935158899315658,1.5935158899315658,1.593515457371622,1.5935145922522551,1.5935132945745076,1.5935115643399411,1.5935094015506401
1.593696430138409,1.5936985960490098,1.5937003287806237,1.5937016283311616,1.5937024946990572,1.5937029278832662,1.5937029278832662,1.5937024946990572,1.5937016283311616,1.5937003287806237,1.5936985960490098,1.593696430138409
1.593885593392261,1.5938877624500845,1.5938894976994837,1.5938907991383653,1.5938916667651586,1.5938921005788171,1.5938921005788171,1.5938916667651586,1.5938907991383653,1.5938894976994837,1.5938877624500845,1.593885593392261
1.5940769086991273,1.5940790809301544,1.5940808187181243,1.5940821220609385,1.5940829909570222,1.5940834254053267,1.5940834254053267,1.5940829909570222,1.5940821220609385,1.5940808187181243,1.5940790809301544,1.5940769086991273
1.5942703935704123,1.594272569000684,1.5942743093480574,1.5942756146104282,1.594276484786219,1.5942769198743776,1.5942769198743776,1.594276484786219,1.5942756146104282,1.5942743093480574,1.594272569000684,1.5942703935704123
1.594466065641866,1.5944682442974818,1.5944699872251382,1.5944712944227262,1.5944721658886634,1.5944726016218957,1.5944726016218957,1.5944721658886634,1.5944712944227262,1.5944699872251382,1.5944682442974818,1.594466065641866
1.5946639426734466,1.5946661245805647,1.594667870109431,1.5946691792579308,1.5946700520244788,1.594670488408017,1.594670488408017,1.5946700520244788,1.5946691792579308,1.594667870109431,1.5946661245805647,1.5946639426734466
1.5948640425491787,1.5948662277340164,1.5948679758850666,1.594869287000209,1.5948701610778537,1.5948705981169413,1.5948705981169413,1.5948701610778537,1.594869287000209,1.5948679758850666,1.5948662277340164,1.5948640425491787
1.5950663832770082,1.595068571765841,1.595070322560095,1.595071635657645,1.5950725110568975,1.5950729487567894,1.5950729487567894,1.5950725110568975,1.595071635657645,1.595070322560095,1.595068571765841,1.5950663832770082
1.5952709829886458,1.595273174807807,1.595274928266332,1.5952762433620904,1.5952771200934834,1.5952775584594465,1.5952775584594465,1.5952771200934834,1.5952762433620904,1.595274928266332,1.595273174807807,1.5952709829886458
1.595477859939409,1.5954800551152908,1.5954818112592004,1.5954831283690019,1.5954840064430924,1.595484445480405,1.595484445480405,1.5954840064430924,1.5954831283690019,1.5954818112592004,1.5954800551152908,1.595477859939409
1.5956870325080579,1.5956892310671096,1.5956909899175629,1.5956923090572768,1.5956931884846455,1.5956936281985974,1.5956936281985974,1.5956931884846455,1.5956923090572768,1.5956909899175629,1.5956892310671096,1.5956870325080579
1.5958985191966222,1.59590072116535,1.595902482743553,1.595903803929084,1.5959046847203326,1.5959051251162253,1.5959051251162253,1.5959046847203326,1.595903803929084,1.595902482743553,1.59590072116535,1.5958985191966222
1.5961123386302232,1.5961145440351914,1.596116308362395,1.5961176316096815,1.5961185137754361,1.5961189548585824,1.5961189548585824,1.5961185137754361,1.5961176316096815,1.596116308362395,1.5961145440351914,1.5961123386302232
1.5963285095568907,1.5963307184247202,1.5963324855222212,1.5963338108472356,1.5963346943981445,1.5963351361738687,1.5963351361738687,1.5963346943981445,1.5963338108472356,1.5963324855222212,1.5963307184247202,1.5963285095568907
1.596547050847372,1.5965492632047402,1.596551033093881,1.59655236051263,1.5965532454593645,1.5965536879330022,1.5965536879330022,1.5965532454593645,1.59655236051263,1.596551033093881,1.5965492632047402,1.596547050847372
1.5967679814949352,1.5967701973685764,1.596771970070744,1.5967732995992683,1.5967741859525217,1.5967746291294198,1.5967746291294198,1.5967741859525217,1.5967732995992683,1.596771970070744,1.5967701973685764,1.5967679814949352
1.5969913206151662,1.5969935400318698,1.5969953155684964,1.59699664722287,1.596997534993359,1.5969979788788753,1.5969979788788753,1.596997534993359,1.59699664722287,1.5969953155684964,1.5969935400318698,1.5969913206151662
1.597217087445758,1.5972193104323704,1.5972210888249323,1.5972224226212628,1.5972233118197254,1.5972237564192293,1.5972237564192293,1.5972233118197254,1.5972224226212628,1.5972210888249323,1.5972193104323704,1.597217087445758
1.5974453013462941,1.5974475279297164,1.5974493091997353,1.5974506451541632,1.5974515357913601,1.597451981110232,1.597451981110232,1.5974515357913601,1.5974506451541632,1.5974493091997353,1.5974475279297164,1.5974453013462941
1.5976759817980266,1.5976782120052149,1.5976799961742554,1.5976813343029557,1.5976822263896693,1.5976826724333,1.5976826724333,1.5976822263896693,1.5976813343029557,1.5976799961742554,1.5976782120052149,1.5976759817980266
1.5979091484036434,1.5979113822616091,1.597913169351281,1.597914509670459,1.5979154032174945,1.5979158499912869,1.5979158499912869,1.5979154032174945,1.597914509670459,1.597913169351281,1.5979113822616091,1.5979091484036434
1.5981448208870335,1.5981470584228425,1.5981488484547979,1.5981501909806943,1.5981510859988772,1.5981515335082443,1.5981515335082443,1.5981510859988772,1.5981501909806943,1.5981488484547979,1.5981470584228425,1.5981448208870335
1.5983830190930424,1.5983852603338142,1.598387053329749,1.5983883980786353,1.5983892945788143,1.5983897428291804,1.5983897428291804,1.5983892945788143,1.5983883980786353,1.598387053329749,1.5983852603338142,1.5983830190930424
1.5986237629872204,1.5986260079601287,1.5986278039417816,1.5986291509299626,1.5986300489230065,1.5986304979198063,1.5986304979198063,1.5986300489230065,1.5986291509299626,1.5986278039417816,1.5986260079601287,1.5986237629872204
1.5988670726555647,1.5988693213878367,1.59887112037699,1.5988724696208008,1.5988733691176016,1.5988738188662799,1.5988738188662799,1.5988733691176016,1.5988724696208008,1.59887112037699,1.5988693213878367,1.5988670726555647
1.5991129683042555,1.5991152208231707,1.5991170228416483,1.5991183743574577,1.5991192753689267,1.59911972587494,1.59911972587494,1.5991192753689267,1.5991183743574577,1.5991170228416483,1.5991152208231707,1.5991129683042555
1.5993614702593821,1.599363726592273,1.5993655316619404,1.5993668854661487,1.5993677880032189,1.5993682392720339,1.5993682392720339,1.5993677880032189,1.5993668854661487,1.5993655316619404,1.599363726592273,1.5993614702593821
1.5996125989666627,1.5996148591409143,1.5996166672836805,1.5996180233927173,1.5996189274663433,1.5996193795034364,1.5996193795034364,1.5996189274663433,1.5996180233927173,1.5996166672836805,1.5996148591409143,1.5996125989666627
1.5998663749911592,1.5998686390342083,1.5998704502720216,1.5998718087023498,1.599872714323506,1.5998731671343651,1.5998731671343651,1.599872714323506,1.5998718087023498,1.5998704502720216,1.5998686390342083,1.5998663749911592
1.600122819016981,1.6001250869563153,1.6001269013111665,1.6001282620792792,1.6001291692589608,1.6001296228490836,1.6001296228490836,1.6001291692589608,1.6001282620792792,1.6001269013111665,1.6001250869563153,1.600122819016981
1.600381951846984,1.6003842237101424,1.6003860412040631,1.6003874043264832,1.600388313075706,1.6003887674506,1.6003887674506,1.600388313075706,1.6003874043264832,1.6003860412040631,1.6003842237101424,1.600381951846984
1.6006437944024594,1.6006460702170318,1.6006478908720934,1.6006492563653751,1.6006501666951753,1.6006506218603587,1.6006506218603587,1.6006501666951753,1.6006492563653751,1.6006478908720934,1.6006460702170318,1.6006437944024594
1.6009083677228195,1.6009106475164452,1.6009124713547598,1.600913839235487,1.60091475115692,1.6009152071179207,1.6009152071179207,1.60091475115692,1.600913839235487,1.6009124713547598,1.6009106475164452,1.6009083677228195
1.601175692965269,1.601177976765638,1.601179803809357,1.601181174094143,1.601182087618285,1.6011825443806413,1.6011825443806413,1.601182087618285,1.601181174094143,1.601179803809357,1.601177976765638,1.601175692965269
1.601445791404476,1.601448079239326,1.6014499095106403,1.601451282216129,1.6014521973540756,1.6014526549233348,1.6014526549233348,1.6014521973540756,1.601451282216129,1.6014499095106403,1.601448079239326,1.601445791404476
1.6017186844322289,1.6017209763293474,1.6017228098504868,1.6017241849933506,1.6017251017562164,1.6017255601379365,1.6017255601379365,1.6017251017562164,1.6017241849933506,1.6017228098504868,1.6017209763293474,1.6017186844322289
1.6019943935570886,1.6019966895443116,1.6019985263375447,1.6019999039344848,1.6020008223334046,1.6020012815331524,1.6020012815331524,1.6020008223334046,1.6019999039344848,1.6019985263375447,1.6019966895443116,1.6019943935570886
1.6022729404040337,1.6022752405092442,1.602277080596878,1.6022784606646248,1.6022793807107516,1.602279840734104,1.602279840734104,1.6022793807107516,1.6022784606646248,1.602277080596878,1.6022752405092442,1.6022729404040337
1.602554346714094,1.6025566509652234,1.6025584943696023,1.602559876924914,1.6025607986294208,1.602561259481964,1.602561259481964,1.6025607986294208,1.602559876924914,1.6025584943696023,1.6025566509652234,1.602554346714094
1.602838634343981,1.6028409427690065,1.6028427895125126,1.602844174572176,1.6028450979462536,1.602845559633583,1.602845559633583,1.6028450979462536,1.602844174572176,1.6028427895125126,1.6028409427690065,1.602838634343981
1.603125825265705,1.6031281378926496,1.6031299879977023,1.6031313755785321,1.60313230063339,1.6031327631611105,1.6031327631611105,1.60313230063339,1.6031313755785321,1.6031299879977023,1.6031281378926496,1.603125825265705
1.603415941566186,1.60341825842312,1.6034201119121751,1.603421502031013,1.6034224287778795,1.6034228921516047,1.6034228921516047,1.6034224287778795,1.603421502031013,1.6034201119121751,1.60341825842312,1.603415941566186
1.6037090054468606,1.6037113265618985,1.6037131834574483,1.603714576131163,1.6037155045812839,1.6037159688066378,1.6037159688066378,1.6037155045812839,1.603714576131163,1.6037131834574483,1.6037113265618985,1.6037090054468606
1.6040050392232723,1.6040073646245747,1.6040092249491464,1.6040106201946345,1.604011550359274,1.6040120154418878,1.6040120154418878,1.604011550359274,1.6040106201946345,1.6040092249491464,1.6040073646245747,1.6040050392232723
1.6043040653246627,1.6043063950404326,1.60430825881659,1.604309656650774,1.604310588541213,1.604311054486728,1.604311054486728,1.604310588541213,1.604309656650774,1.60430825881659,1.6043063950404326,1.6043040653246627
1.604606106293545,1.6046084403520307,1.6046103076023717,1.6046117080421993,1.6046126416697384,1.604613108483804,1.604613108483804,1.6046126416697384,1.6046117080421993,1.6046103076023717,1.6046084403520307,1.604606106293545
1.604911184785277,1.604913523214769,1.6049153939619265,1.6049167970243736,1.6049177324003279,1.6049182000886022,1.6049182000886022,1.6049177324003279,1.6049167970243736,1.6049153939619265,1.604913523214769,1.604911184785277
1.605219323567622,1.6052216663964536,1.605223540663094,1.60522494636516,1.6052258835008641,1.605226352069014,1.605226352069014,1.6052258835008641,1.60522494636516,1.605223540663094,1.6052216663964536,1.605219323567622
1.6055305455202995,1.605532892776846,1.6055347705856702,1.6055361789443807,1.6055371178511841,1.6055375873048847,1.6055375873048847,1.6055371178511841,1.6055361789443807,1.6055347705856702,1.605532892776846,1.6055305455202995
1.6058448736345312,1.6058472253472096,1.6058491067209508,1.6058505177533562,1.6058514584426262,1.605851928787561,1.605851928787561,1.6058514584426262,1.6058505177533562,1.6058491067209508,1.6058472253472096,1.6058448736345312
1.6061623310125763,1.6061646872098443,1.6061665721712695,1.606167985894444,1.6061689283775635,1.6061693996194242,1.6061693996194242,1.6061689283775635,1.606167985894444,1.6061665721712695,1.6061646872098443,1.6061623310125763
1.6064829408672572,1.6064853015776133,1.6064871901495201,1.6064886065805632,1.6064895508689319,1.6064900230134178,1.6064900230134178,1.6064895508689319,1.6064886065805632,1.6064871901495201,1.6064853015776133,1.6064829408672572
1.6068067265214785,1.60680909177346,1.6068109839786797,1.6068124031347142,1.6068133492397467,1.6068138222925663,1.6068138222925663,1.6068133492397467,1.6068124031347142,1.6068109839786797,1.60680909177346,1.6068067265214785
1.607133711407736,1.60713608122992,1.6071379770913137,1.607139398989486,1.607140346922614,1.6071408208894817,1.6071408208894817,1.607140346922614,1.607139398989486,1.6071379770913137,1.60713608122992,1.607133711407736
1.6074639190676165,1.6074662934886188,1.6074681930290793,1.6074696176865588,1.6074705674592278,1.6074710423458676,1.6074710423458676,1.6074705674592278,1.6074696176865588,1.6074681930290793,1.6074662934886188,1.6074639190676165
1.607797373151291,1.6077997521997647,1.6078016554422143,1.6078030828761931,1.6078040344998654,1.6078045103120073,1.6078045103120073,1.6078040344998654,1.6078030828761931,1.6078016554422143,1.6077997521997647,1.607797373151291
1.6081340974169944,1.6081364811216303,1.6081383880890223,1.608139818316715,1.6081407718028669,1.6081412485462496,1.6081412485462496,1.6081407718028669,1.608139818316715,1.6081383880890223,1.6081364811216303,1.6081340974169944
1.6084741157305027,1.6084765041200284,1.6084784148353446,1.608479847873988,1.6084808032341102,1.6084812809144795,1.6084812809144795,1.6084808032341102,1.608479847873988,1.6084784148353446,1.6084765041200284,1.6084741157305027
1.6088174520645946,1.6088198451677738,1.6088217596540255,1.6088231955208774,1.6088241527664762,1.608824631389584,1.608824631389584,1.6088241527664762,1.6088231955208774,1.6088217596540255,1.6088198451677738,1.6088174520645946
1.6091641304985098,1.6091665283441408,1.6091684466243672,1.609169885336708,1.609170844479302,1.6091713240509093,1.6091713240509093,1.609170844479302,1.609169885336708,1.6091684466243672,1.6091665283441408,1.6091641304985098
1.6095141752173925,1.6095165778343097,1.6095184999315781,1.6095199415067076,1.6095209025578314,1.6095213830837045,1.6095213830837045,1.6095209025578314,1.6095199415067076,1.6095184999315781,1.6095165778343097,1.6095141752173925
1.6098676105117318,1.6098700179288035,1.609871943866208,1.609873388321448,1.6098743512926483,1.6098748327785612,1.6098748327785612,1.6098743512926483,1.609873388321448,1.609871943866208,1.6098700179288035,1.6098676105117318
1.6102244607767884,1.6102268730229161,1.6102288028235792,1.6102302501762693,1.610231215079108,1.6102316975308404,1.6102316975308404,1.610231215079108,1.6102302501762693,1.6102288028235792,1.6102268730229161,1.6102244607767884
1.6105847505120154,1.6105871676161332,1.6105891013032012,1.6105905515707042,1.6105915184167539,1.6105920018400937,1.6105920018400937,1.6105915184167539,1.6105905515707042,1.6105891013032012,1.6105871676161332,1.6105847505120154
1.6109485043204639,1.6109509263115394,1.610952863908187,1.6109543171078815,1.6109552859087304,1.6109557703094703,1.6109557703094703,1.6109552859087304,1.6109543171078815,1.610952863908187,1.6109509263115394,1.6109485043204639
1.6113157469081902,1.6113181738152214,1.6113201153446468,1.611321571493933,1.6113225422611799,1.61132302764512,1.61132302764512,1.6113225422611799,1.611321571493933,1.6113201153446468,1.6113181738152214,1.6113157469081902
1.611686503083642,1.6116889349356578,1.6116908804210852,1.6116923395373806,1.6116933122826373,1.6116937986555833,1.6116937986555833,1.6116933122826373,1.6116923395373806,1.6116908804210852,1.6116889349356578,1.611686503083642
1.612060797757042,1.6120632345831025,1.612065184047779,1.61206664614852,1.6120676208834106,1.612068108251175,1.612068108251175,1.6120676208834106,1.61206664614852,1.612065184047779,1.6120632345831025,1.612060797757042
1.6124386559397617,1.6124410977689563,1.6124430512361545,1.612444516338794,1.6124454930749543,1.6124459814433547,1.6124459814433547,1.6124454930749543,1.612444516338794,1.6124430512361545,1.6124410977689563,1.6124386559397617
1.6128201027436844,1.6128225496051312,1.6128245070981446,1.6128259752201546,1.6128269539692321,1.6128274433440926,1.6128274433440926,1.6128269539692321,1.6128259752201546,1.6128245070981446,1.6128225496051312,1.6128201027436844
1.613205163380558,1.6132076153034038,1.6132095768455508,1.6132110480044184,1.613212028778072,1.6132125191652216,1.6132125191652216,1.613212028778072,1.6132110480044184,1.6132095768455508,1.6132076153034038,1.613205163380558
1.613593863161342,1.6135963201747603,1.6135982857893794,1.6135997600026104,1.61360074281251,1.6136012342177835,1.6136012342177835,1.61360074281251,1.6135997600026104,1.6135982857893794,1.6135963201747603,1.613593863161342
1.6139862274955399,1.6139886896287323,1.6139906593391853,1.6139921366242995,1.6139931214821255,1.6139936139113633,1.6139936139113633,1.6139931214821255,1.6139921366242995,1.6139906593391853,1.6139886896287323,1.6139862274955399
1.6143822818905282,1.6143847491727212,1.6143867230023896,1.6143882033769243,1.6143891902943674,1.6143896837534155,1.6143896837534155,1.6143891902943674,1.6143882033769243,1.6143867230023896,1.6143847491727212,1.6143822818905282
1.614782051950869,1.6147845244113164,1.6147865023836026,1.6147879858651089,1.6147889748538713,1.6147894693485798,1.6147894693485798,1.6147889748538713,1.6147879858651089,1.6147865023836026,1.6147845244113161,1.614782051950869
1.6151855633776213,1.6151880410455997,1.6151900231839262,1.6151915097899714,1.6151925008617636,1.6151929963979883,1.6151929963979883,1.6151925008617636,1.6151915097899714,1.6151900231839262,1.6151880410455997,1.615185563377621
1.615592841967634,1.6155953248724457,1.615597311200254,1.6155988009484192,1.6155997941149622,1.6156002906985634,1.6156002906985636,1.6155997941149618,1.615598800948419,1.6155973112002537,1.6155953248724457,1.615592841967634
1.6160039136128364,1.6160064017838072,1.6160083923245572,1.6160098852324378,1.616010880505462,1.616011378142305,1.6160113781423049,1.616010880505462,1.6160098852324372,1.616008392324557,1.6160064017838065,1.616003913612836
1.6164188042995165,1.6164212977659935,1.6164232925431645,1.6164247886283694,1.6164257860196143,1.6164262847155688,1.616426284715569,1.6164257860196138,1.6164247886283691,1.6164232925431639,1.616421297765993,1.616418804299516
1.6168375401075885,1.6168400388989426,1.61684203793603,1.616843537216182,1.616844536737395,1.616845036498336,1.6168450364983353,1.616844536737395,1.6168435372161811,1.6168420379360293,1.6168400388989417,1.6168375401075878
1.617260147209853,1.6172626513554753,1.6172646546759935,1.6172661571687263,1.6172671588316656,1.6172676596634699,1.61726765966347,1.6172671588316652,1.617266157168726,1.6172646546759921,1.6172626513554742,1.617260147209852
1.617686651871247,1.6176891614005495,1.6176911690280273,1.6176926747509905,1.6176936785674192,1.6176941804759704,1.6176941804759701,1.6176936785674187,1.6176926747509888,1.617691169028026,1.617689161400548,1.6176866518712452
1.6181170804480822,1.6181195953904977,1.6181216073484814,1.618123116319333,1.6181241223010259,1.6181246252922097,1.6181246252922095,1.6181241223010243,1.6181231163193313,1.618121607348479,1.618119595390495,1.61811708044808
1.6185514593872783,1.6185539797722577,1.618555996084309,1.6185575083207202,1.6185585164794571,1.6185590205591647,1.618559020559164,1.6185585164794558,1.6185575083207175,1.618555996084306,1.6185539797722543,1.618551459387275
1.6189898152255824,1.618992341082596,1.6189943617722906,1.6189958772919437,1.618996887639513,1.6189973928136379,1.618997392813637,1.6189968876395109,1.6189958772919402,1.618994361772286,1.6189923410825915,1.618989815225578
1.619432174588781,1.6194347059473164,1.6194367310382445,1.6194382498588322,1.6194392624070293,1.619439768681469,1.6194397686814679,1.6194392624070262,1.6194382498588273,1.6194367310382383,1.6194347059473095,1.6194321745887745
1.6198785641909008,1.6198811010804628,1.619883130596229,1.6198846527354545,1.619885667496081,1.6198861748767366,1.619886174876735,1.6198856674960767,1.6198846527354471,1.61988313059622,1.6198811010804532,1.6198785641908917
1.6203290108334027,1.620331553283513,1.620333587247734,1.6203351127233105,1.6203361297081753,1.6203366382009508,1.6203366382009485,1.6203361297081682,1.6203351127233,1.6203335872477211,1.6203315532834994,1.62032901083339
1.6207835414043639,1.6207860894445596,1.6207881278808653,1.620789656710515,1.6207906759314326,1.6207911855422354,1.620791185542232,1.620790675931423,1.6207896567104998,1.6207881278808471,1.62078608944454,1.6207835414043457
1.6212421828776502,1.6212447365374834,1.621246779469516,1.6212483116709695,1.6212493331397613,1.6212498438745013,1.6212498438744969,1.6212493331397473,1.6212483116709488,1.62124677946949,1.621244736537456,1.6212421828776247
1.621704962312082,1.621707521621119,1.621709569072531,1.6217111046635293,1.6217121283920204,1.621712640256611,1.6217126402566044,1.621712128392001,1.6217111046634995,1.6217095690724947,1.6217075216210803,1.6217049623120456
1.622171906850585,1.6221744718384064,1.622176523832863,1.6221780628311522,1.6221790888311753,1.6221796018315318,1.6221796018315222,1.6221790888311478,1.6221780628311104,1.622176523832811,1.6221744718383517,1.622171906850534
1.6226430437193395,1.6226456144155381,1.6226476709767121,1.6226492134000492,1.62265024168344,1.62265075582548,1.6226507558254664,1.6226502416834014,1.6226492133999897,1.6226476709766393,1.6226456144154604,1.6226430437192667
1.6231184002269106,1.6231209766610917,1.6231230378126678,1.6231245836788146,1.6231256142574149,1.6231261295470572,1.6231261295470383,1.62312561425736,1.6231245836787305,1.6231230378125647,1.623120976660982,1.6231184002268075
1.623598003763377,1.6236005859651577,1.6236026517308288,1.6236042010575544,1.623605233943209,1.6236057503863754,1.6236057503863488,1.6236052339431313,1.6236042010574359,1.6236026517306832,1.623600585965003,1.6235980037632316
1.6240818817994473,1.624084469798455,1.624086540201923,1.6240880930070027,1.6240891282115595,1.624089645814173,1.6240896458141347,1.62408912821145,1.6240880930068349,1.6240865402017173,1.6240844697982364,1.6240818817992417
1.6245700618855652,1.6245726557114388,1.624574730776412,1.624576287077626,1.6245773246129374,1.6245778433809206,1.6245778433808669,1.6245773246127824,1.624576287077389,1.6245747307761218,1.6245726557111295,1.6245700618852745
1.625062571651008,1.625065171333395,1.6250672510835908,1.6250688108987235,1.6250698507766437,1.6250703707159202,1.6250703707158443,1.625069850776425,1.6250688108983893,1.6250672510831805,1.6250651713329587,1.6250625716505982
1.6255594388029757,1.625562044371533,1.6255641288306737,1.6255656921775148,1.6255667344098983,1.625567255526391,1.6255672555262841,1.62556673440959,1.6255656921770427,1.6255641288300944,1.6255620443709162,1.6255594388023962
1.6260606911256676,1.626063302610061,1.6260653918018757,1.6260669586982166,1.6260680032969195,1.6260685255965492,1.6260685255963976,1.626068003296484,1.6260669586975494,1.6260653918010572,1.62606330260919,1.6260606911248492
1.626566356479356,1.6265689739092593,1.626571067857481,1.6265726383211154,1.6265736852979922,1.6265742087866752,1.6265742087864616,1.6265736852973767,1.6265726383201728,1.6265710678563248,1.6265689739080287,1.6265663564781996
1.6270764627994438,1.6270790862045383,1.6270811849329052,1.6270827589816266,1.6270838083485286,1.627084333032177,1.6270843330318747,1.6270838083476593,1.6270827589802948,1.6270811849312714,1.6270790862028,1.62707646279781
1.6275910380955196,1.6275936675054954,1.627595771037747,1.6275973486893476,1.6275984004581203,1.6275989263426363,1.6275989263422097,1.627598400456892,1.627597348687466,1.627595771035439,1.627593667503039,1.6275910380932117
1.6281101104504012,1.628112745894955,1.6281148542548338,1.628116435527101,1.6281174897095805,1.6281180168008536,1.628118016800251,1.6281174897078454,1.6281164355244426,1.6281148542515729,1.6281127458914846,1.6281101104471405
1.628633708019172,1.6286363495280092,1.6286384627392567,1.62864004764997,1.628641104257978,1.6286416325618787,1.6286416325610271,1.6286411042555269,1.6286400476462144,1.6286384627346495,1.6286363495231062,1.628633708014565
1.6291618590282095,1.629164506631045,1.6291666247174008,1.629168213284327,1.6291692723296642,1.629169801852035,1.6291698018508325,1.6291692723262006,1.6291682132790208,1.6291666247108918,1.629164506624118,1.6291618590217007
1.62969459177421,1.6296972455007683,1.6296993684859675,1.6297009607268542,1.629702022221289,1.6297025529679345,1.6297025529662348,1.629702022216396,1.6297009607193575,1.6296993684767713,1.629697245490982,1.6296945917650143
1.6302319346232048,1.6302345945032237,1.6302367224109926,1.630238318343559,1.6302393822988157,1.6302399142754829,1.6302399142730823,1.6302393822919028,1.6302383183329678,1.6302367223980003,1.630234594489398,1.6302319346102128
1.6307739160095749,1.6307765820728088,1.6307787149268604,1.6307803145687845,1.630781380996523,1.6307819142088813,1.6307819142054893,1.6307813809867566,1.6307803145538209,1.6307787149085051,1.6307765820532754,1.6307739159912196
1.6313205644350643,1.6313232367112898,1.6313253745353173,1.6313269779042177,1.631328046816007,1.6313285812696128,1.6313285812648206,1.6313280468022087,1.631326977883077,1.6313253745093845,1.6313232366836927,1.631320564409132
1.6318719084677964,1.6318745869868185,1.631876729804487,1.6318783369178984,1.6318794083251782,1.6318799440254295,1.631879944018659,1.6318794083056833,1.6318783368880307,1.6318767297678487,1.6318745869478293,1.6318719084311586
1.6324279767412948,1.6324306615329618,1.6324328093678933,1.6324344202432308,1.6324354941572579,1.6324360311093289,1.6324360310997634,1.6324354941297154,1.6324344202010335,1.6324328093161304,1.6324306614778772,1.6324279766895322
1.6329887979535225,1.6329914890477393,1.632993641923497,1.632995256578007,1.6329963330097799,1.632996871218527,1.6329968712050131,1.632996332970867,1.6329952565183898,1.6329936418503657,1.6329914889699144,1.6329887978803916
1.6335544008659393,1.6335570982926915,1.6335592562327559,1.6335608746834451,1.633561953643596,1.6335624931134287,1.6335624930943355,1.6335619535886197,1.6335608745992167,1.6335592561294345,1.6335570981827394,1.6335544007626188
1.6341248143025986,1.6341275180919879,1.6341296811197195,1.6341313033832578,1.6341323848819032,1.6341329256165973,1.6341329255896224,1.6341323848042317,1.6341313032642582,1.6341296809737453,1.6341275179366452,1.6341248141566256
1.6347000671493008,1.6347027773315899,1.634704945470183,1.6347065715627624,1.6347076556092892,1.6347081976117273,1.634708197573616,1.6347076554995532,1.6347065713946372,1.6347049452639473,1.6347027771121194,1.6347000669430674
1.6352801883528243,1.6352829049585065,1.6352850782309187,1.6352867081680578,1.635287794770823,1.6352883380426237,1.63528833798878,1.635287794615786,1.6352867079305273,1.6352850779395451,1.6352829046484345,1.6352801880614538
1.63586520692028,1.635867929980174,1.6358701084090301,1.6358717422052969,1.6358728313712014,1.6358733759122002,1.6358733758361286,1.6358728311521622,1.6358717418697095,1.6358701079973725,1.6358679295420988,1.6358652065086265
1.6364551519186357,1.636457881464021,1.6364600650714776,1.6364617027400954,1.6364627944739851,1.6364633402814965,1.6364633401740214,1.6364627941645224,1.636461702265972,1.6364600644898806,1.6364578808451007,1.6364551513370444
1.6370500524744898,1.637052788537299,1.6370549773448497,1.6370566188971456,1.6370577132009618,1.6370582602687405,1.6370582601168975,1.6370577127637476,1.6370566182272952,1.6370549765231588,1.637052787662877,1.6370500516528068
1.637649937774195,1.637652680387284,1.6376548744154884,1.63765651986011,1.6376576167316927,1.637658165048462,1.6376581648339354,1.6376576161139882,1.6376565189137335,1.6376548732545881,1.6376526791518846,1.637649936613307
1.638254837064486,1.6382575862620168,1.638259785530117,1.6382614348719278,1.6382625343033215,1.6382630838506993,1.6382630835476122,1.6382625334306176,1.638261433534869,1.6382597838899766,1.6382575845166223,1.6382548354243618
1.638864779653818,1.6388675354718014,1.6388697399971792,1.6388713932356962,1.6388724952107603,1.6388730459603242,1.6388730455321174,1.6388724939777877,1.6388713913466761,1.6388697376799586,1.6388675330058766,1.6388647773366212
1.6394797949147193,1.6394825573917786,1.6394847671891881,1.6394864243163794,1.6394875288074076,1.6394880807165524,1.6394880801115734,1.639487527065442,1.6394864216475369,1.6394847639153771,1.6394825539078752,1.6394797916409412
1.640099912287568,1.6401026814660227,1.64010489654651,1.6401065575436755,1.6401076645066255,1.640108217512706,1.6401082166579812,1.6401076620455441,1.6401065537730872,1.64010489192121,1.6401026765439006,1.6400999076623148
1.640725161286403,1.6407279372137946,1.640730157583167,1.6407318224165408,1.6407329317842878,1.6407334857963503,1.640733484588779,1.6407329283072285,1.6407318170893843,1.6407301510484593,1.6407279302597313,1.6407251547517616
1.6413555715075925,1.641358354238844,1.641360579895512,1.6413622485100403,1.641363360182854,1.641363915069946,1.6413639133638678,1.6413633552704003,1.6413622409837374,1.6413605706631578,1.6413583444140165,1.6413555622753317
1.6419911726425536,1.6419939622430224,1.641996193174947,1.6419978654855054,1.6419989793175858,1.64199953489225,1.6419995324818715,1.641998972377183,1.6419978548522076,1.6419961801313092,1.641993948362328,1.6419911595990484
1.6426319944962067,1.6426347910459917,1.6426370272263737,1.6426387031053546,1.642639818885819,1.642640374880762,1.6426403714753355,1.6426398090802916,1.6426386880824386,1.642637008798086,1.6426347714350946,1.6426319760681054
1.6432780670135105,1.643280870613546,1.6432831119947369,1.6432847912545114,1.6432859086805263,1.643286464715665,1.6432864599044168,1.6432858948270992,1.6432847700298625,1.643283085958917,1.6432808429069148,1.643278040977955
1.643929420317449,1.6439322310981066,1.6439344776030025,1.6439361599711475,1.6439372786099709,1.6439378341458695,1.6439378273484506,1.6439372590375974,1.6439361299845783,1.6439344408191237,1.6439321919536747,1.6439293835339428
1.644586084763172,1.6445889028964198,1.6445911544063065,1.644592839490599,1.644593958725951,1.6445945129980388,1.6445945033945222,1.6445939310737465,1.6445927971250294,1.6445911024373745,1.644588847592456,1.6445860327947672
1.6452480910149843,1.6452509167315632,1.64525317306894,1.6452548603079022,1.6452559792641983,1.645256531189827,1.645256517621804,1.6452559401966622,1.6452548004530567,1.6452530996462895,1.6452508385971185,1.6452480175930788
1.6459154701556036,1.6459183037692962,1.6459205646736104,1.6459222532666364,1.6459233707019365,1.6459239187490693,1.6459238995799206,1.6459233155066126,1.6459221687026246,1.6459204609407574,1.645918193379535,1.6459153664238033
1.6465882538410237,1.6465910957829455,1.6465933608763055,1.6465950496849384,1.6465961638396975,1.646596705841389,1.6465966787588682,1.646596085858743,1.6465949302113678,1.6465932143206479,1.6465909398222869,1.6465881072868538
1.647266474519809,1.6472693253868569,1.647271594125591,1.6472732815340332,1.6472743899174083,1.6472749228096877,1.6472748845470115,1.6472742797445024,1.6472731127396054,1.6472713870690976,1.6472691050428068,1.6472662674654177
1.6479501657434321,1.6479530263667446,1.6479552979729508,1.6479569816909745,1.6479580807788872,1.6479586002304234,1.6479585461722228,1.6479579251246117,1.647956743215147,1.6479550054397767,1.6479527150606676,1.6479498732132292
1.6486393626052502,1.64864223414694,1.6486445075117673,1.6486461842962261,1.648647269104742,1.6486477689936012,1.6486476926192009,1.648647049193571,1.6486458473732573,1.648644094215585,1.6486417943280536,1.6486389493132667
1.649334102361253,1.6493369864511074,1.6493392599980772,1.6493409252593758,1.649341988741884,1.6493424604162301,1.6493423525131103,1.6493416780474273,1.6493404492485109,1.6493386760857156,1.6493363650669708,1.6493335184548255
1.6500344253076669,1.6500373242363326,1.6500395957281824,1.6500412429741467,1.650042275169521,1.650042706403025,1.6500425539555854,1.6500418362148501,1.6500405704574086,1.65003877076616,1.6500364463334614,1.6500336003540306
1.650740376021538,1.6507432930135808,1.6507455592792484,1.6507471793291217,1.6507481661579113,1.6507485396737316,1.6507483242933472,1.6507475459950343,1.650746229185399,1.6507443937578195,1.650742052696239,1.6507392105119598
1.6514520051143233,1.6514549447142395,1.6514572012629116,1.651458781136296,1.6514597026993258,1.6514599940843997,1.6514596897914058,1.6514588265226067,1.6514574387563328,1.6514555545927803,1.6514531923707683,1.6514503584609395
1.652169371710609,1.6521723403286686,1.6521745808040234,1.6521761021499857,1.6521769303233476,1.6521771050809373,1.6521766751711158,1.6521756924466646,1.65217420561207,1.6521722543577655,1.6521698645843643,1.6521670452880186
1.6528925469520053,1.6528955536363947,1.6528977690445805,1.6528992059199035,1.652899900954619,1.6528999103387516,1.6528993029565524,1.6528981520643824,1.6528965264589426,1.6528944821969338,1.6528920558555702,1.6528892601378056
1.6536216189508257,1.6536246764805504,1.6536268540974566,1.6536281698228599,1.6536286755358667,1.6536284506635972,1.653627592548752,1.6536262046835144,1.6536243842375835,1.6536222103737725,1.6536197347409056,1.6536169752744097
1.6543566997948949,1.6543598262280517,1.6543619480512786,1.6543630907598004,1.6543633277296868,1.6543627712580962,1.654361558912905,1.654359836894748,1.6543577424313494,1.6543553872992498,1.6543528444186206,1.6543501391096658
1.6550979354560622,1.6551011563262383,1.6551031968790444,1.655104093205595,1.655103949139149,1.6551029234979948,1.655101210714029,1.655099017302947,1.6550965370296533,1.6550939276903187,1.6550912922205319,1.65508866636174
1.6558455198132822,1.6558488712521853,1.6558507944613459,1.6558513405820086,1.6558506566624045,1.6558489674143928,1.6558465476649487,1.6558436890807458,1.6558406651830562,1.6558376986805454,1.6558349348584378,1.6558324241658955
1.6565997145144873,1.6566032477071109,1.6566050024484462,1.6566050513220294,1.6566036028353677,1.6566009751438464,1.6565975567467024,1.6565937594485591,1.6565899691960242,1.6565865002225209,1.6565835575764636,1.6565812124771095
1.6573608771427855,1.6573646647208826,1.6573661784267641,1.657365521549554,1.6573629903334643,1.657359035683476,1.6573542068120493,1.657349084827803,1.6573442139603298,1.6573400374416538,1.6573368447288486,1.6573347364241475
1.658129501235891,1.6581336465431291,1.6581348159387206,1.658133157065713,1.6581290922012464,1.6581232613560775,1.6581164408707345,1.6581094499367515,1.6581030551887435,1.6580978816375673,1.6580943382307083,1.658092567311357
1.6589062733212578,1.6589109240641993,1.6589116015184568,1.6589085183652401,1.6589022798177957,1.6588937964006094,1.6588841650660204,1.6588745385016659,1.6588659948189464,1.6588594152511837,1.6588553787798272,1.6588540875863202
1.659692154601292,1.6596975235374116,1.659697496377903,1.659692383714772,1.6596830609220488,1.659670827927164,1.6596572329938653,1.6596438926248178,1.659632318716985,1.65962375410561,1.6596190223579699,1.6596184130815426
1.66048849886063,1.660494896676391,1.6604938543152954,1.6604858367387076,1.6604721297156568,1.6604545988019304,1.6604354236800019,1.6604168575225644,1.6604010104778708,1.660389637197338,1.6603839205311979,1.6603842828067976
1.6612972247298425,1.661305116507183,1.6613025939807504,1.661290385673512,1.6612704287786204,1.6612454201522113,1.6612184115459223,1.6611925093315838,1.6611706343947052,1.6611552695185179,1.661148145565539,1.6611499017730789
1.6621210717309567,1.6621311861513606,1.6621264549246983,1.6621081186186448,1.6620792148700176,1.6620436766200146,1.6620057279842675,1.661969568660195,1.661939182905301,1.661918095469072,1.661908924941973,1.6619127144072305
1.6629639881683322,1.6629775660143251,1.6629693854936625,1.6629418834377723,1.6629000997112304,1.6628498074953044,1.6627967188892887,1.6627463179648234,1.6627038964451573,1.662674467719782,1.6626622074722648,1.662669073419096
1.663831719567021,1.6638511979720985,1.6638371312778641,1.663795423434871,1.6637349862838866,1.66366422768166,1.6635905146933045,1.6635205801206103,1.6634611091720175,1.6634191632816073,1.6634018555142567,1.6634137558781719
1.6647326146875494,1.6647638980506885,1.6647380411467148,1.6646732154127135,1.6645857165963116,1.6644871240907535,1.6643860534456807,1.664289899566247,1.6642063173702248,1.6641447409768637,1.6641178155660024,1.6641393207006732
1.6656780304305743,1.66573929092158,1.6656834722104061,1.6655792324278023,1.665453091996191,1.6653180494079796,1.6651822255531512,1.6650521968306053,1.6649350687280409,1.664841216251988,1.6647908934568683,1.6648357835051946
1.6652182470397874,1.666837345381814,1.6666829063829258,1.6665127314695507,1.6663349501280988,1.666155335704956,1.6659781813709251,1.6658071714810585,1.6656461217089795,1.665499738486885,1.6653743348154002,1.664474086694248
