8.153083561013414,8.15310313362405,8.15312623516582,8.15310313362405,8.153083561013414
8.15306398840278,8.153133293215554,8.153156394886224,8.153133293215554,8.15306398840278
8.153126234465814,8.153195540087285,8.153218642027523,8.153195540087285,8.153126234465814
8.153220567786803,8.153289874638977,8.15331297698945,8.153289874638977,8.153220567786803
8.153346989002268,8.153416297507162,8.153439400408544,8.153416297507162,8.153346989002268
8.153505498985538,8.15357480956519,8.153597913158162,8.15357480956519,8.153505498985538
8.153696098846765,8.153765411923239,8.153788516348488,8.153765411923239,8.153696098846765
8.15391878993294,8.153988105928324,8.154011211326546,8.153988105928324,8.15391878993294
8.154173573827896,8.154242893164316,8.154265999676225,8.154242893164316,8.154173573827896
8.15446045235235,8.154529775451973,8.154552883218287,8.154529775451973,8.15446045235235
8.154779427563913,8.154848754848945,8.154871864010401,8.154848754848945,8.154779427563913
8.155130501757114,8.155199833649817,8.15522294434717,8.155199833649817,8.155130501757114
8.155513677463446,8.15558301438613,8.155606126760151,8.15558301438613,8.155513677463446
8.15592895745138,8.155998299826418,8.1560214140179,8.155998299826418,8.15592895745138
8.156376344726416,8.156445692976243,8.156468809125997,8.156445692976243,8.156376344726416
8.156855842531112,8.156925197078234,8.156948315327096,8.156925197078234,8.156855842531112
8.157367454345126,8.157436815612126,8.15745993610096,8.157436815612126,8.157367454345126
8.157911183885274,8.157980552294813,8.158003675164503,8.157980552294813,8.157911183885274
8.158487035105564,8.158556411080387,8.15857953647185,8.158556411080387,8.158487035105564
8.159095012197254,8.159164396160197,8.159187524214378,8.159164396160197,8.159095012197254
8.159735119588904,8.159804511962898,8.159827642820776,8.159804511962898,8.159735119588904
8.160407361946438,8.160476763154515,8.1604998969571,8.160476763154515,8.160407361946438
8.161111744173203,8.161181154638495,8.161204291526833,8.161181154638495,8.161111744173203
8.161848271410022,8.161917691555777,8.161940831670954,8.161917691555777,8.161848271410022
8.162616949035282,8.16268637928486,8.16270952276799,8.16268637928486,8.162616949035282
8.16341778266498,8.163487223441862,8.163510370434114,8.163487223441862,8.16341778266498
8.16425077815282,8.164320229880612,8.164343380523183,8.164320229880612,8.16425077815282
8.165115941590269,8.165185404692707,8.165208559126844,8.165185404692707,8.165115941590269
8.166013279306641,8.166082754207602,8.166105912574597,8.166082754207602,8.166013279306641
8.166942797869194,8.167012284992687,8.167035447433879,8.167012284992687,8.166942797869194
8.167904504083195,8.16797400385338,8.167997170510155,8.16797400385338,8.167904504083195
8.16889840499202,8.168967917833207,8.168991088847001,8.168967917833207,8.16889840499202
8.169924507877237,8.169994034213891,8.170017209726197,8.169994034213891,8.169924507877237
8.170982820258716,8.171052360515462,8.171075540667822,8.171052360515462,8.170982820258716
8.172073349894712,8.172142904496344,8.172166089430352,8.172142904496344,8.172073349894712
8.173196104781965,8.173265674153445,8.173288864010761,8.173265674153445,8.173196104781965
8.17435109315582,8.174420677722289,8.174443872644623,8.174420677722289,8.17435109315582
8.175538323490315,8.175607923677095,8.175631123806221,8.175607923677095,8.175538323490315
8.176757804498308,8.176827420730902,8.17685062620866,8.176827420730902,8.176757804498308
8.178009545131573,8.178079177835683,8.178102388803971,8.178079177835683,8.178009545131573
8.179293554580932,8.17936320418245,8.179386420783237,8.17936320418245,8.179293554580932
8.180609842276363,8.18067950920139,8.180702731576705,8.18067950920139,8.180609842276363
8.181958417887127,8.18202810256197,8.182051330853916,8.18202810256197,8.181958417887127
8.183339291321902,8.183408994173073,8.183432228523824,8.183408994173073,8.183339291321902
8.184752472728892,8.184822194183125,8.184845434734925,8.184822194183125,8.184752472728892
8.186197972495979,8.18626771298023,8.1862909598754,8.18626771298023,8.186197972495979
8.187675801250844,8.187745561192296,8.18776881457323,8.187745561192296,8.187675801250844
8.189185969861116,8.189255749687185,8.189279009696353,8.189255749687185,8.189185969861116
8.190728489434504,8.190798289572841,8.1908215563528,8.190798289572841,8.190728489434504
8.19230337131894,8.192373192197447,8.192396465890827,8.192373192197447,8.19230337131894
8.193910627102747,8.193980469149562,8.194003749899078,8.193980469149562,8.193910627102747
8.19555026861476,8.195620132258282,8.195643420206734,8.195620132258282,8.19555026861476
8.1972223079245,8.197292193593384,8.197315488883655,8.197292193593384,8.1972223079245
8.19892675734232,8.198996665465486,8.199019968240556,8.198996665465486,8.19892675734232
8.200663629419578,8.200733560426215,8.20075687082914,8.200733560426215,8.200663629419578
8.202432936948787,8.202502891268352,8.202526209442292,8.202502891268352,8.202432936948787
8.204234692963789,8.204304671026025,8.204327997114223,8.204304671026025,8.204234692963789
8.206068910739916,8.206138912974847,8.206162247120648,8.206138912974847,8.206068910739916
8.207935603794178,8.208005630632117,8.208028972978958,8.208005630632117,8.207935603794178
8.209834785885423,8.209904837756977,8.209928188448398,8.209904837756977,8.209834785885423
8.211766471014524,8.211836548350602,8.211859907530236,8.211836548350602,8.211766471014524
8.213730673424559,8.213800776656374,8.21382414446796,8.213800776656374,8.213730673424559
8.215727407600996,8.215797537160071,8.21582091374745,8.215797537160071,8.215727407600996
8.217756688271887,8.217826844590057,8.217850230097177,8.217826844590057,8.217756688271887
8.219818530408043,8.21988871391747,8.219912108488387,8.21988871391747,8.219818530408043
8.221912949223256,8.221983160356423,8.222006564135294,8.221983160356423,8.221912949223256
8.22403996017447,8.22411019936419,8.22413361249529,8.22411019936419,8.22403996017447
8.226199578961996,8.22626984664142,8.226293269269135,8.22626984664142,8.226199578961996
8.228391821529714,8.228462118132338,8.228485550401162,8.228462118132338,8.228391821529714
8.230616704065284,8.230687030024946,8.230710472079494,8.230687030024946,8.230616704065284
8.232874243000346,8.232944598751235,8.23296805073624,8.232944598751235,8.232874243000346
8.235164455010745,8.23523484098741,8.235258303047722,8.235234840987411,8.235164455010745
8.237487357016741,8.237557773654093,8.237581245934681,8.237557773654098,8.237487357016741
8.239842966183238,8.239913413916547,8.239936896562515,8.239913413916568,8.239842966183238
8.242231299919993,8.242301779184892,8.242325272341475,8.24230177918497,8.242231299919993
8.244652375881858,8.244722887114298,8.24474639092692,8.244722887114587,8.244652375881858
8.247106211969001,8.247176755605105,8.247200270219526,8.247176755606187,8.247106211969001
8.249592826327138,8.249663402802627,8.249686928365529,8.249663402806664,8.249592826327138
8.25211223734777,8.252182847095817,8.252206383756954,8.252182847110882,8.25211223734777
8.254664463668401,8.2547351071116,8.25475865503184,8.25473510716783,8.2546644636684
8.257249524172664,8.25732020169319,8.257343761074356,8.257320201903045,8.25724952417266
8.259867437989895,8.259938149818671,8.259961721014385,8.259938150601869,8.25986743798988
8.262518224491467,8.262588970297916,8.26261255422384,8.262588973220867,8.262518224491416
8.265201903268146,8.265272680649046,8.265296280294013,8.265272691557698,8.26520190326795
8.267918493996966,8.267989292952567,8.268012918902363,8.26798933366441,8.267918493996234
8.270668015663832,8.270738798657899,8.270762489034857,8.270738950597286,8.2706680156611
8.273450482030722,8.273521113510345,8.273545004452178,8.273521680558558,8.273450482020525
8.276265875213014,8.276335881519174,8.276360447263528,8.276337997781994,8.276265875174953
8.279113991666993,8.279181798752106,8.279208613902046,8.279189696790088,8.279113991524934
8.281993544505491,8.282054412583275,8.282088217401155,8.282083888602717,8.281993543975245
8.280540334667176,8.284939790301856,8.284991655069339,8.285049796828112,8.280544283157388
