3.4175384685170402,3.4175419270668477,3.417547135740918,3.4175419270668477,3.4175384685170402
3.417535009967233,3.4175506360345738,3.4175558447336627,3.4175506360345738,3.417535009967233
3.417547135654758,3.4175627618265993,3.4175679705605218,3.4175627618265993,3.417547135654758
3.417562678159981,3.417578304465767,3.4175835132443377,3.417578304465767,3.417562678159981
3.4175816375121686,3.417597263981345,3.4176024728143797,3.417597263981345,3.4175816375121686
3.417604013747014,3.417619640409027,3.4176248493063404,3.417619640409027,3.417604013747014
3.4176298069066355,3.417645433790931,3.4176506427623394,3.417645433790931,3.4176298069066355
3.4176590170395778,3.4176746441756034,3.417679853230922,3.4176746441756034,3.4176590170395778
3.4176916442008114,3.4177072716180152,3.4177124807670607,3.4177072716180152,3.4176916442008114
3.4177276884517345,3.417743316179566,3.4177485254321534,3.417743316179566,3.4177276884517345
3.41776714986017,3.417782777928079,3.4177879872940258,3.417782777928079,3.41776714986017
3.4178100285003707,3.4178256569378083,3.4178308664269315,3.4178256569378083,3.4178100285003707
3.417856324453015,3.417871953289434,3.417877162911551,3.417871953289434,3.417856324453015
3.41790603780521,3.417921667070064,3.4179268768349935,3.417921667070064,3.41790603780521
3.417959168650492,3.4179747983732356,3.4179800082907956,3.4179747983732356,3.417959168650492
3.418015717088825,3.418031347298916,3.4180365573789255,3.418031347298916,3.418015717088825
3.4180756832266046,3.418091313953501,3.4180965242057795,3.418091313953501,3.4180756832266046
3.4181390671766545,3.4181546984498166,3.4181599088841845,3.4181546984498166,3.4181390671766545
3.4182058690582307,3.418221500907121,3.418226711533398,3.418221500907121,3.4182058690582307
3.41827608899702,3.4182917214511024,3.418296932279111,3.4182917214511024,3.41827608899702
3.4183497271251424,3.4183653602138824,3.4183705712534445,3.4183653602138824,3.4183497271251424
3.4184267835811495,3.418442417334016,3.4184476285949534,3.418442417334016,3.4184267835811495
3.4185072585100262,3.4185228929564895,3.418528104448627,3.4185228929564895,3.4185072585100262
3.4185911520631937,3.4186067872327266,3.4186119989658876,3.4186067872327266,3.4185911520631937
3.4186784643985075,3.4186941003205846,3.418699312304595,3.4186941003205846,3.4186784643985075
3.4187691956802593,3.418784832384359,3.418790044629043,3.418784832384359,3.4187691956802593
3.418863346079177,3.418878983594779,3.418884196109966,3.418878983594779,3.418863346079177
3.4189609157724274,3.4189765541290154,3.418981766924531,3.4189765541290154,3.4189609157724274
3.419061904943616,3.419077544170676,3.41908275725635,3.419077544170676,3.419061904943616
3.419166313782789,3.419181953909809,3.4191871672954712,3.419181953909809,3.419166313782789
3.419274142486432,3.4192897835429052,3.419294997238385,3.4192897835429052,3.419274142486432
3.419385391257474,3.4194010332728952,3.4194062472880247,3.4194010332728952,3.419385391257474
3.4195000603052867,3.4195157033091537,3.4195209176537666,3.4195157033091537,3.4195000603052867
3.4196181498456864,3.4196337938675008,3.4196390085514308,3.4196337938675008,3.4196181498456864
3.4197396601009338,3.4197553051702005,3.4197605202032824,3.4197553051702005,3.4197396601009338
3.419864591299737,3.419880237445966,3.4198854528380362,3.419880237445966,3.419864591299737
3.419992943677254,3.4200085909299567,3.4200138066908514,3.4200085909299567,3.419992943677254
3.4201247174750877,3.42014036586378,3.42014558200334,3.42014036586378,3.4201247174750877
3.4202599129412956,3.4202755624954975,3.420280779023562,3.4202755624954975,3.4202599129412956
3.4203985303303868,3.4204141810796216,3.4204193980060307,3.4204141810796216,3.4203985303303868
3.4205405699033196,3.4205562218771157,3.4205614392117134,3.4205562218771157,3.4205405699033196
3.4206860319275125,3.420701685155401,3.420706902908031,3.420701685155401,3.4206860319275125
3.4208349166768364,3.4208505711883546,3.4208557893688623,3.4208505711883546,3.4208349166768364
3.420987224431622,3.4210028802563097,3.4210080988745415,3.4210028802563097,3.420987224431622
3.421142955478658,3.421158612646061,3.421163831711865,3.421158612646061,3.421142955478658
3.421302110111195,3.4213177686508613,3.4213229881740883,3.4213177686508613,3.421302110111195
3.4214646886289444,3.4214803485704293,3.42148556856093,3.4214803485704293,3.4214646886289444
3.421630691338084,3.421646352710945,3.421651573178573,3.421646352710945,3.421630691338084
3.4218001185512548,3.4218157813850567,3.421821002339666,3.4218157813850567,3.4218001185512548
3.421972970587567,3.4219886349118775,3.4219938563633248,3.4219886349118775,3.421972970587567
3.422149247772599,3.4221649136169923,3.422170135575135,3.4221649136169923,3.422149247772599
3.4223289504384002,3.4223446178324552,3.4223498403071537,3.4223446178324552,3.4223289504384002
3.4225120789234955,3.4225277478967953,3.42253297089791,3.4225277478967953,3.4225120789234955
3.4226986335728786,3.422714304155014,3.4227195276924083,3.422714304155014,3.4226986335728786
3.4228886147380257,3.42290428695859,3.4229095110421297,3.42290428695859,3.4228886147380257
3.4230820227768888,3.423097696665483,3.4231029213050332,3.423097696665483,3.4230820227768888
3.4232788580538998,3.4232945336401293,3.42329975884556,3.4232945336401293,3.4232788580538998
3.423479120939973,3.4234947982534503,3.4235000240346323,3.4234947982534503,3.423479120939973
3.4236828118125096,3.4236984908828516,3.4237037172496563,3.4236984908828516,3.4236828118125096
3.4238899310553936,3.4239056119122244,3.4239108388745256,3.4239056119122244,3.4238899310553936
3.424100479059,3.424116161731948,3.424121389299625,3.424116161731948,3.424100479059
3.4243144562201953,3.4243301407388955,3.4243353689218248,3.4243301407388955,3.4243144562201953
3.424531862942335,3.424547549336431,3.4245527781444935,3.424547549336431,3.424531862942335
3.4247526996352744,3.4247683879344133,3.424773617377492,3.4247683879344133,3.4247526996352744
3.4249769667153633,3.4249926569491995,3.4249978870371787,3.4249926569491995,3.4249769667153633
3.425204664605451,3.425220356803646,3.4252255875464135,3.425220356803646,3.425204664605451
3.42543579373489,3.425451487927112,3.425456719334557,3.425451487927112,3.42543579373489
3.425670354539538,3.42568605075546,3.425691282837473,3.42568605075546,3.425670354539538
3.425908347461755,3.42592404573106,3.425929278497536,3.42592404573106,3.425908347461755
3.4261497729504153,3.426165473302791,3.4261707067636253,3.426165473302791,3.4261497729504153
3.4263946314609015,3.426410333926042,3.4264155680911346,3.426410333926042,3.4263946314609015
3.426642923455111,3.426658628062719,3.42666386294197,3.42665862806272,3.426642923455111
3.426894649401458,3.426910356181243,3.4269155917845557,3.4269103561812466,3.426894649401458
3.427149809774876,3.427165518756551,3.4271707550938353,3.4271655187565635,3.427149809774876
3.427408405056819,3.4274241162700965,3.4274293533512727,3.4274241162701427,3.427408405056819
3.427670435735267,3.4276861492098316,3.4276913870448578,3.427686149210005,3.427670435735267
3.427935902304725,3.427951618070145,3.427956856669106,3.427951618070791,3.427935902304725
3.4282048052662297,3.4282205233516074,3.428225762725063,3.4282205233540166,3.4282048052662297
3.428477145127345,3.4284928655600333,3.4284981057203057,3.428492865569023,3.428477145127345
3.4287529224021607,3.4287686452029695,3.4287738861689316,3.4287686452365196,3.4287529224021602
3.42903213761123,3.429047862776594,3.4290531045915054,3.4290478629018035,3.4290321376112285
3.429314791281219,3.429330518716951,3.4293357615147038,3.429330519184242,3.429314791281213
3.4296008839428507,3.429616613218702,3.4296218574692565,3.4296166149626597,3.429600883942829
3.429890416118882,3.4299061455629865,3.429911392977914,3.429906152071542,3.4298904161188006
3.4301833882540094,3.4301991116342014,3.4302043684853274,3.430199135924523,3.4301833882537065
3.4304798003062524,3.4304954947994575,3.4305007839493156,3.4304955854523964,3.4304798003051213
3.4307796493650966,3.4307952327270304,3.4308006364585895,3.430795571049247,3.430779649360875
3.431082915768036,3.4310980985449566,3.43110390634784,3.4310993611837945,3.4310829157522793
3.43138948217837,3.431403286425791,3.4314104762704254,3.431407998669801,3.431389482119562
3.431233293164646,3.431708034618186,3.4317196595192323,3.4317256209959695,3.4312339244258676
