5.471120699450029,5.471124046861675,5.471147044173982,5.47116429219278,5.471175790888441,5.471181540241209,5.471181540241209,5.471175790888441,5.47116429219278,5.471147044173982,5.471124046861675,5.471120699450029
5.471117352038384,5.471146098792387,5.471169096254849,5.471186344386265,5.471197843157001,5.471203592547308,5.471203592547308,5.471197843157001,5.471186344386265,5.471169096254849,5.471146098792387,5.471117352038384
5.471147044071621,5.471175791082377,5.4711987887502405,5.471216037035707,5.471227535909146,5.471233285350805,5.471233285350805,5.471227535909146,5.471216037035707,5.4711987887502405,5.471175791082377,5.471147044071621
5.471184376479108,5.471213123815675,5.471236121744189,5.471253370225145,5.471264869228909,5.471270618735732,5.471270618735732,5.471264869228909,5.471253370225145,5.471236121744189,5.471213123815675,5.471184376479108
5.471229349388636,5.471258097120074,5.471281095364487,5.471298344082369,5.471309843244084,5.471315592829881,5.471315592829881,5.471309843244084,5.471298344082369,5.471281095364487,5.471258097120074,5.471229349388636
5.47128196297175,5.471310711167123,5.471333709782686,5.471350958778931,5.471362458126222,5.471368207804808,5.471368207804808,5.471362458126222,5.471350958778931,5.471333709782686,5.471310711167123,5.47128196297175
5.471342217443755,5.471370966172128,5.471393965214094,5.47141121453014,5.471422714090635,5.471428463875822,5.471428463875822,5.471422714090635,5.47141121453014,5.471393965214094,5.471370966172128,5.471342217443755
5.471410113063708,5.471438862394149,5.4714618619177715,5.4714791115950625,5.471490611396385,5.471496361301988,5.471496361301988,5.471490611396385,5.4714791115950625,5.4714618619177715,5.471438862394149,5.471410113063708
5.471485650134416,5.4715144001359945,5.47153740019653,5.471554650276506,5.47156615034629,5.47157190038612,5.47157190038612,5.47156615034629,5.471554650276506,5.47153740019653,5.4715144001359945,5.471485650134416
5.471568829002431,5.471597579744221,5.471620580396929,5.471637830921037,5.4716493312869074,5.471655081474783,5.471655081474783,5.4716493312869074,5.471637830921037,5.471620580396929,5.471597579744221,5.471568829002431
5.471659650058046,5.471688401609127,5.471711402909267,5.4717286539189525,5.471740154608543,5.4717459049582775,5.4717459049582775,5.471740154608543,5.4717286539189525,5.471711402909267,5.471688401609127,5.471659650058046
5.471758113735288,5.471786866164737,5.471809868167579,5.47182711970429,5.471838620745231,5.471844371270643,5.471844371270643,5.471838620745231,5.47182711970429,5.471809868167579,5.471786866164737,5.471758113735288
5.47186422051191,5.471892973888815,5.471915976649624,5.471933228754814,5.471944730174743,5.471950480889647,5.471950480889647,5.471944730174743,5.471933228754814,5.471915976649624,5.471892973888815,5.47186422051191
5.471977970909385,5.472006725302835,5.472029728876885,5.472046981592007,5.472058483418558,5.4720642343367745,5.4720642343367745,5.472058483418558,5.472046981592007,5.472029728876885,5.472006725302835,5.471977970909385
5.472099365492896,5.472128120971986,5.472151125414553,5.472168378781065,5.4721798810418765,5.472185632177224,5.472185632177224,5.4721798810418765,5.472168378781065,5.472151125414553,5.472128120971986,5.472099365492896
5.472228404871327,5.4722571615051585,5.472280166871521,5.472297420930884,5.472308923653598,5.472314675019896,5.472314675019896,5.472308923653598,5.472297420930884,5.472280166871521,5.4722571615051585,5.472228404871327
5.472365089697252,5.4723938475549305,5.472416853900375,5.472434108694054,5.472445611906311,5.472451363517381,5.472451363517381,5.472445611906311,5.472434108694054,5.472416853900375,5.4723938475549305,5.472365089697252
5.472509420666926,5.472538179817563,5.47256118719738,5.47257844276684,5.472589946496288,5.472595698365954,5.472595698365954,5.472589946496288,5.47257844276684,5.47256118719738,5.472538179817563,5.472509420666926
5.472661398520268,5.472690159032983,5.472713167502468,5.47273042388918,5.472741928163465,5.472747680305551,5.472747680305551,5.472741928163465,5.47273042388918,5.472713167502468,5.472690159032983,5.472661398520268
5.4728210240408535,5.4728497859847725,5.4728727955992245,5.472890052844666,5.472901557691439,5.472907310119768,5.472907310119768,5.472901557691439,5.472890052844666,5.4728727955992245,5.4728497859847725,5.4728210240408535
5.472988298055901,5.473017061500153,5.473040072314877,5.473057330460529,5.473068835907441,5.473074588635841,5.473074588635841,5.473068835907441,5.473057330460529,5.473040072314877,5.473017061500153,5.472988298055901
5.473163221436242,5.47319198644997,5.473214998520282,5.473232257607624,5.473243763682335,5.473249516724632,5.473249516724632,5.473243763682335,5.473232257607624,5.473214998520282,5.47319198644997,5.473163221436242
5.473345795096334,5.473374561748683,5.473397575129898,5.473414835200424,5.4734263419305895,5.473432095300618,5.473432095300618,5.4734263419305895,5.473414835200424,5.473397575129898,5.473374561748683,5.473345795096334
5.473536019994214,5.4735647883543415,5.473587803101789,5.473605064196988,5.473616571610275,5.4736223253218625,5.4736223253218625,5.473616571610275,5.473605064196988,5.473587803101789,5.4735647883543415,5.473536019994214
5.473733897131509,5.473762667268579,5.473785683437583,5.473802945598962,5.473814453723031,5.473820207790013,5.473820207790013,5.473814453723031,5.473802945598962,5.473785683437583,5.473762667268579,5.473733897131509
5.47393942755339,5.473968199536575,5.4739912171824825,5.474008480451536,5.474019989314062,5.47402574375027,5.47402574375027,5.474019989314062,5.474008480451536,5.4739912171824825,5.473968199536575,5.47393942755339
5.474152612348577,5.474181386247061,5.474204405425212,5.474221669843456,5.474233179472109,5.4742389342913835,5.4742389342913835,5.474233179472109,5.474221669843456,5.474204405425212,5.474181386247061,5.474152612348577
5.474373452649304,5.474402228532278,5.474425249298031,5.474442514906977,5.474454025329436,5.4744597805456126,5.4744597805456126,5.474454025329436,5.474442514906977,5.474425249298031,5.474402228532278,5.474373452649304
5.474601949631307,5.474630727567972,5.474653749976687,5.47467101681786,5.474682528061804,5.474688283688724,5.474688283688724,5.474682528061804,5.47467101681786,5.474653749976687,5.474630727567972,5.474601949631307
5.474838104513797,5.474866884573366,5.47488990868041,5.474907176795338,5.474918688888453,5.47492444493996,5.47492444493996,5.474918688888453,5.474907176795338,5.47488990868041,5.474866884573366,5.474838104513797
5.475081918559437,5.4751107008111335,5.475133726671889,5.475150996102102,5.47516250907208,5.475168265562016,5.475168265562016,5.47516250907208,5.475150996102102,5.475133726671889,5.4751107008111335,5.475081918559437
5.475333393074326,5.475362177587384,5.475385205257235,5.475402476044279,5.47541398991881,5.475419746861025,5.475419746861025,5.47541398991881,5.475402476044279,5.475385205257235,5.475362177587384,5.475333393074326
5.475592529407971,5.475621316251633,5.4756443457859785,5.475661617971398,5.475673132778181,5.475678890186525,5.475678890186525,5.475673132778181,5.475661617971398,5.4756443457859785,5.475621316251633,5.475592529407971
5.475859328953253,5.475888118196781,5.475911149651026,5.475928423276374,5.475939939043114,5.4759456969314355,5.4759456969314355,5.475939939043114,5.475928423276374,5.475911149651026,5.475888118196781,5.475859328953253
5.476133793146423,5.47616258485908,5.476185618288641,5.476202893395482,5.476214410149884,5.476220168532039,5.476220168532039,5.476214410149884,5.476202893395482,5.476185618288641,5.47616258485908,5.476133793146423
5.476415923467047,5.4764447177181195,5.4764677531784205,5.476485029808321,5.476496547578101,5.476502306467944,5.476502306467944,5.476496547578101,5.476485029808321,5.4764677531784205,5.4764447177181195,5.476415923467047
5.476705721438008,5.4767345182967855,5.476757555843262,5.476774834037802,5.4767863528506755,5.476792112262068,5.476792112262068,5.4767863528506755,5.476774834037802,5.476757555843262,5.4767345182967855,5.476705721438008
5.47700318862545,5.477031988161243,5.4770550278493415,5.4770723076501024,5.477083827533796,5.477089587480597,5.477089587480597,5.477083827533796,5.4770723076501024,5.4770550278493415,5.477031988161243,5.47700318862545
5.477308326638772,5.477337128920899,5.477360170806078,5.477377452254654,5.477388973236892,5.477394733732967,5.477394733732967,5.477388973236892,5.477377452254654,5.477360170806078,5.477337128920899,5.477308326638772
5.477621137130583,5.47764994222838,5.4776729863661044,5.477690269504096,5.477701791612617,5.477707552671833,5.477707552671833,5.477701791612617,5.477690269504096,5.4776729863661044,5.47764994222838,5.477621137130583
5.4779416217966785,5.477970429779494,5.477993476225244,5.4780107610942625,5.478022284356801,5.47802804599303,5.47802804599303,5.478022284356801,5.4780107610942625,5.477993476225244,5.477970429779494,5.4779416217966785
5.478269782376005,5.478298593313203,5.478321642122468,5.4783389287641295,5.478350453208436,5.478356215435548,5.478356215435548,5.478350453208436,5.4783389287641295,5.478321642122468,5.478298593313203,5.478269782376005
5.47860562065063,5.478634434611587,5.4786574858398716,5.478674774295806,5.478686299949629,5.4786920627815014,5.4786920627815014,5.478686299949629,5.478674774295806,5.4786574858398716,5.478634434611587,5.47860562065063
5.47894913844571,5.47897795549982,5.479001009202639,5.479018299514481,5.479029826405579,5.479035589856089,5.479035589856089,5.479029826405579,5.479018299514481,5.479001009202639,5.47897795549982,5.47894913844571
5.47930033762945,5.479329157846121,5.479352214079002,5.479369506288396,5.479381034444535,5.479386798527565,5.479386798527565,5.479381034444535,5.479369506288396,5.479352214079002,5.479329157846121,5.47930033762945
5.479659220113076,5.479688043561732,5.479711102380215,5.47972839652882,5.479739925977764,5.479745690707202,5.479745690707202,5.479739925977764,5.47972839652882,5.479711102380215,5.479688043561732,5.479659220113076
5.480025787850793,5.480054614600878,5.480077676060515,5.480094972189992,5.480106502959526,5.480112268349255,5.480112268349255,5.480106502959526,5.480094972189992,5.480077676060515,5.480054614600878,5.480025787850793
5.480400042839753,5.480428872960722,5.480451937117082,5.4804692352691085,5.480480767387009,5.480486533450927,5.480486533450927,5.480480767387009,5.4804692352691085,5.480451937117082,5.480428872960722,5.480400042839753
5.480781987120016,5.480810820681347,5.480833887590007,5.480851187806267,5.48086272130033,5.480868488052325,5.480868488052325,5.48086272130033,5.480851187806267,5.480833887590007,5.480810820681347,5.480781987120016
5.481171622774513,5.481200459845695,5.481223529562251,5.481240831884441,5.481252366782459,5.481258134236436,5.481258134236436,5.481252366782459,5.481240831884441,5.481223529562251,5.481200459845695,5.481171622774513
5.481568951928999,5.481597792579544,5.481620865159604,5.481638169629429,5.481649705959209,5.481655474129067,5.481655474129067,5.481649705959209,5.481638169629429,5.481620865159604,5.481597792579544,5.481568951928999
5.481973976752027,5.482002821051461,5.482025896550647,5.482043203209825,5.482054740999177,5.482060509898823,5.482060509898823,5.482054740999177,5.482043203209825,5.482025896550647,5.482002821051461,5.481973976752027
5.482386699454893,5.4824155474727645,5.482438625946714,5.482455934836974,5.482467474113717,5.48247324375706,5.48247324375706,5.482467474113717,5.482455934836974,5.482438625946714,5.4824155474727645,5.482386699454893
5.482807122291607,5.48283597409748,5.482859055601845,5.482876366764924,5.4828879075568855,5.482893677957839,5.482893677957839,5.4828879075568855,5.482876366764924,5.482859055601845,5.48283597409748,5.482807122291607
5.483235247558838,5.483264103222297,5.4832871878127465,5.483304501290397,5.483316043625409,5.483321814797891,5.483321814797891,5.483316043625409,5.483304501290397,5.4832871878127465,5.483264103222297,5.483235247558838
5.483671077595885,5.483699937186532,5.4837230249187465,5.483740340752733,5.483751884658638,5.483757656616566,5.483757656616566,5.483751884658638,5.483740340752733,5.4837230249187465,5.483699937186532,5.483671077595885
5.484114614784613,5.484143478372075,5.484166569301758,5.48418388753385,5.484195433038502,5.4842012057958005,5.4842012057958005,5.484195433038502,5.48418388753385,5.484166569301758,5.484143478372075,5.484114614784613
5.484565861549439,5.484594729203355,5.484617823386217,5.484635144058208,5.484646691189457,5.48465246476006,5.48465246476006,5.484646691189457,5.484635144058208,5.484617823386217,5.484594729203355,5.484565861549439
5.485024820357246,5.485053692147284,5.48507678963906,5.485094112792742,5.485105661578461,5.4851114359762985,5.4851114359762985,5.485105661578461,5.485094112792742,5.48507678963906,5.485053692147284,5.485024820357246
5.485491493717377,5.48552036971322,5.485543470569656,5.485560796246845,5.485572346714903,5.485578121953913,5.485578121953913,5.485572346714903,5.485560796246845,5.485543470569656,5.48552036971322,5.485491493717377
5.485965884181554,5.485994764452911,5.486017868729774,5.48603519697229,5.486046749150574,5.4860525252446966,5.4860525252446966,5.486046749150574,5.48603519697229,5.486017868729774,5.485994764452911,5.485965884181554
5.486447994343857,5.4864768789604526,5.486499986713524,5.486517317563209,5.4865288714796066,5.486534648442788,5.486534648442788,5.4865288714796066,5.486517317563209,5.486499986713524,5.4864768789604526,5.486447994343857
5.486937826840651,5.486966715872237,5.486989827157319,5.487007160656019,5.487018716338435,5.4870244941846265,5.4870244941846265,5.487018716338435,5.487007160656019,5.486989827157319,5.486966715872237,5.486937826840651
5.487435384350558,5.487464277866907,5.487487392739816,5.487504728929396,5.487516286405738,5.487522065148894,5.487522065148894,5.487516286405738,5.487504728929396,5.487487392739816,5.487464277866907,5.487435384350558
5.487940669594393,5.487969567665298,5.48799268618187,5.48801002510421,5.488021584402394,5.488027364056473,5.488027364056473,5.488021584402394,5.48801002510421,5.48799268618187,5.487969567665298,5.487940669594393
5.488453685335114,5.4884825880303945,5.488505710246484,5.4885230519434725,5.488534613091427,5.488540393670393,5.488540393670393,5.488534613091427,5.4885230519434725,5.488505710246484,5.4884825880303945,5.488453685335114
5.488974434377773,5.48900334176727,5.489026467738753,5.489043812252294,5.489055375277957,5.4890611567957786,5.4890611567957786,5.489055375277957,5.489043812252294,5.489026467738753,5.48900334176727,5.488974434377773
5.489502919569466,5.489531831723044,5.489554961505808,5.4895723088778245,5.489583873809141,5.48958965627979,5.48958965627979,5.489583873809141,5.4895723088778245,5.489554961505808,5.489531831723044,5.489502919569466
5.490039143799269,5.490068060786816,5.490091194436777,5.4901085447092,5.490120111574126,5.490125895011582,5.490125895011582,5.490120111574126,5.4901085447092,5.490091194436777,5.490068060786816,5.490039143799269
5.490583109998194,5.4906120318896265,5.490635169462712,5.490652522677491,5.490664091503993,5.490669875922238,5.490669875922238,5.490664091503993,5.490652522677491,5.490635169462712,5.4906120318896265,5.490583109998194
5.491134821139129,5.491163748004383,5.491186889556546,5.491204245755643,5.491215816571696,5.49122160198472,5.49122160198472,5.491215816571696,5.491204245755643,5.491186889556546,5.491163748004383,5.491134821139129
5.491694280236782,5.491723212145821,5.491746357733032,5.4917637169584275,5.491775289792018,5.491781076213812,5.491781076213812,5.491775289792018,5.4917637169584275,5.491746357733032,5.491723212145821,5.491694280236782
5.492261490347626,5.49229042737044,5.492313577048689,5.4923309393423745,5.492342514221498,5.492348301666061,5.492348301666061,5.492342514221498,5.4923309393423745,5.492313577048689,5.49229042737044,5.492261490347626
5.492836454569837,5.492865396776439,5.492888550601739,5.492905916005727,5.492917492958389,5.492923281439722,5.492923281439722,5.492917492958389,5.492905916005727,5.492888550601739,5.492865396776439,5.492836454569837
5.493419176043242,5.493448123503674,5.4934712815320585,5.49348865008837,5.4935002291425885,5.493506018674701,5.493506018674701,5.4935002291425885,5.49348865008837,5.4934712815320585,5.493448123503674,5.493419176043242
5.494009657949253,5.494038610733581,5.494061773021103,5.494079144771781,5.494090725955582,5.494096516552488,5.494096516552488,5.494090725955582,5.494079144771781,5.494061773021103,5.494038610733581,5.494009657949253
5.494607903510812,5.4946368616891315,5.494660028291868,5.494677403278969,5.494688986620391,5.494694778296108,5.494694778296108,5.494688986620391,5.494677403278969,5.494660028291868,5.4946368616891315,5.494607903510812
5.495213915992328,5.4952428796347625,5.49526605060881,5.495283428874405,5.495295014401497,5.495300807170052,5.495300807170052,5.495295014401497,5.495283428874405,5.49526605060881,5.4952428796347625,5.495213915992328
5.49582769869962,5.495856667876314,5.495879843277792,5.495897224863974,5.495908812604796,5.495914606480217,5.495914606480217,5.495908812604796,5.495897224863974,5.495879843277792,5.495856667876314,5.49582769869962
5.49644925497984,5.4964782297609736,5.496501409646027,5.4965187945949,5.496530384577523,5.496536179573845,5.496536179573845,5.496530384577523,5.4965187945949,5.496501409646027,5.4964782297609736,5.49644925497984
5.4970785882214335,5.497107568677212,5.497130753102,5.497148141455691,5.497159733708197,5.497165529839464,5.497165529839464,5.497159733708197,5.497148141455691,5.497130753102,5.497107568677212,5.4970785882214335
5.4977157018540534,5.49774468805471,5.497767877075424,5.49778526887607,5.497796863426554,5.497802660706812,5.497802660706812,5.497796863426554,5.49778526887607,5.497767877075424,5.49774468805471,5.4977157018540534
5.49836059934851,5.498389591364307,5.498412785037156,5.498430180326919,5.498441777203484,5.498447575646786,5.498447575646786,5.498441777203484,5.498430180326919,5.498412785037156,5.498389591364307,5.49836059934851
5.499013284216695,5.499042282117927,5.499065480499148,5.4990828793201985,5.4990944785509654,5.499100278171369,5.499100278171369,5.4990944785509654,5.4990828793201985,5.499065480499148,5.499042282117927,5.499013284216695
5.499673760011528,5.499702763868514,5.499725967014362,5.4997433694088995,5.499754971021995,5.499760771833565,5.499760771833565,5.499754971021995,5.4997433694088995,5.499725967014362,5.499702763868514,5.499673760011528
5.500342030326874,5.500371040209969,5.500394248176727,5.500411654186959,5.500423258210526,5.500429060227333,5.500429060227333,5.500423258210526,5.500411654186959,5.500394248176727,5.500371040209969,5.500342030326874
5.50101809879749,5.5010471147770765,5.50107032762105,5.501087737289209,5.501099343751399,5.501105146987522,5.501105146987522,5.501099343751399,5.501087737289209,5.50107032762105,5.5010471147770765,5.50101809879749
5.501701969098949,5.50173099124544,5.501754209022962,5.501771622391294,5.5017832313202755,5.501789035789792,5.501789035789792,5.5017832313202755,5.501771622391294,5.501754209022962,5.50173099124544,5.501701969098949
5.502393644947572,5.502422673331411,5.502445896098835,5.50246331320961,5.502474924633558,5.502480730350562,5.502480730350562,5.502474924633558,5.50246331320961,5.502445896098835,5.502422673331411,5.502393644947572
5.503093130100359,5.503122164792021,5.503145392605731,5.503162813501232,5.503174427448339,5.5031802344269245,5.5031802344269245,5.503174427448339,5.503162813501232,5.503145392605731,5.503122164792021,5.503093130100359
5.503800428354916,5.503829469424912,5.503852702341311,5.503870127063846,5.503881743562315,5.503887551816582,5.503887551816582,5.503881743562315,5.503870127063846,5.503852702341311,5.503829469424912,5.503800428354916
5.504515543549388,5.504544591068257,5.504567829143779,5.504585257735671,5.504596876813718,5.504602686357777,5.504602686357777,5.504596876813718,5.504585257735671,5.504567829143779,5.504544591068257,5.504515543549388
5.505238479562385,5.505267533600699,5.505290776891803,5.505308209395395,5.50531983108125,5.505325641929216,5.505325641929216,5.50531983108125,5.505308209395395,5.505290776891803,5.505267533600699,5.505238479562385
5.505969240312907,5.50599830094127,5.506021549504441,5.506038985962098,5.506050610284003,5.506056422449995,5.506056422449995,5.506050610284003,5.506038985962098,5.506021549504441,5.50599830094127,5.505969240312907
5.506707829760271,5.506736897049324,5.506760150941072,5.506777591395178,5.506789218381388,5.506795031879537,5.506795031879537,5.506789218381388,5.506777591395178,5.506760150941072,5.506736897049324,5.506707829760271
5.507454251904041,5.507483325924456,5.507506585201318,5.5075240296942765,5.507535659373062,5.507541474217499,5.507541474217499,5.507535659373062,5.5075240296942765,5.507506585201318,5.507483325924456,5.507454251904041
5.508208510783945,5.508237591606427,5.508260856324973,5.508278304899204,5.508289937298849,5.5082957535037185,5.5082957535037185,5.508289937298849,5.508278304899204,5.508260856324973,5.508237591606427,5.508208510783945
5.508970610479809,5.5089996981751,5.509022968391918,5.509040421089872,5.509052056238671,5.509057873818119,5.509057873818119,5.509052056238671,5.509040421089872,5.509022968391918,5.5089996981751,5.508970610479809
5.509740555111471,5.509769649750345,5.509792925522058,5.509810382386199,5.509822020312462,5.509827839280646,5.509827839280646,5.509822020312462,5.509810382386199,5.509792925522058,5.509769649750345,5.509740555111471
5.510518348838713,5.510547450491981,5.5105707318752355,5.510588192948049,5.510599833680102,5.510605654051183,5.510605654051183,5.510599833680102,5.510588192948049,5.5105707318752355,5.510547450491981,5.510518348838713
5.511303995861172,5.5113331045996805,5.511356391651155,5.511373856975149,5.511385500541331,5.511391322329477,5.511391322329477,5.511385500541331,5.511373856975149,5.511356391651155,5.5113331045996805,5.511303995861172
5.512097500418277,5.512126616312906,5.512149909089304,5.512167378707007,5.51217902513567,5.5121848483550595,5.5121848483550595,5.51217902513567,5.512167378707007,5.512149909089304,5.512126616312906,5.512097500418277
5.512898866789148,5.512927989910815,5.512951288468873,5.512968762422838,5.5129804117423475,5.512986236407164,5.512986236407164,5.5129804117423475,5.512968762422838,5.512951288468873,5.512927989910815,5.512898866789148
5.513708099292539,5.513737229712199,5.513760534108677,5.513778012441476,5.513789664680216,5.5137954908046485,5.5137954908046485,5.513789664680216,5.513778012441476,5.513760534108677,5.513737229712199,5.513708099292539
5.514525202286742,5.514554340075383,5.5145776503670785,5.514595133121304,5.51460678830767,5.51461261590592,5.51461261590592,5.51460678830767,5.514595133121304,5.5145776503670785,5.514554340075383,5.514525202286742
5.515350180169509,5.515379325398163,5.515402641641893,5.515420128860164,5.51543178702257,5.515437616108839,5.515437616108839,5.51543178702257,5.515420128860164,5.515402641641893,5.515379325398163,5.515350180169509
5.516183037377976,5.516212190117704,5.516235512370326,5.516253004095281,5.51626466526215,5.516270495850655,5.516270495850655,5.51626466526215,5.516253004095281,5.516235512370326,5.516212190117704,5.516183037377976
5.517023778388569,5.517052938710476,5.517076267028871,5.517093763303171,5.5171054275029485,5.517111259607908,5.517111259607908,5.5171054275029485,5.517093763303171,5.517076267028871,5.517052938710476,5.517023778388569
5.517872407716929,5.517901575692156,5.517924910133236,5.517942410999571,5.517954078260709,5.517959911896353,5.517959911896353,5.517954078260709,5.517942410999571,5.517924910133236,5.517901575692156,5.517872407716929
5.5187289299178275,5.518758105617555,5.518781446238265,5.518798951739338,5.518810622090313,5.518816457270876,5.518816457270876,5.518810622090313,5.518798951739338,5.518781446238265,5.518758105617555,5.5187289299178275
5.519593349585078,5.519622533080523,5.519645879937837,5.519663390116383,5.51967506358568,5.519680900325408,5.519680900325408,5.51967506358568,5.519663390116383,5.519645879937837,5.519622533080523,5.519593349585078
5.520465671351449,5.520494862713871,5.520518215864798,5.520535730763569,5.520547407379693,5.520553245692836,5.520553245692836,5.520547407379693,5.520535730763569,5.520518215864798,5.520494862713871,5.520465671351449
5.521345899888586,5.521375099189281,5.521398458690858,5.5214159783526355,5.521427658144104,5.521433498044924,5.521433498044924,5.521427658144104,5.5214159783526355,5.521398458690858,5.521375099189281,5.521345899888586
5.522234039906916,5.522263247217222,5.522286613126519,5.522304137594105,5.522315820589455,5.522321662092216,5.522321662092216,5.522315820589455,5.522304137594105,5.522286613126519,5.522263247217222,5.522234039906916
5.523130096155563,5.523159311546857,5.523182683920978,5.523200213237199,5.523211899464981,5.523217742583961,5.523217742583961,5.523211899464981,5.523200213237199,5.523182683920978,5.523159311546857,5.523130096155563
5.524034073422258,5.524063296965961,5.524086675862039,5.524104210069748,5.524115899558529,5.5241217443080135,5.5241217443080135,5.524115899558529,5.524104210069748,5.524086675862039,5.524063296965961,5.524034073422258
5.52494597653326,5.524975208300829,5.524998593776032,5.525016132918104,5.525027825696469,5.525033672090748,5.525033672090748,5.525027825696469,5.525016132918104,5.524998593776032,5.524975208300829,5.52494597653326
5.525865810353248,5.525895050416185,5.525918442527715,5.52593598664705,5.525947682743601,5.525953530796974,5.525953530796974,5.525947682743601,5.52593598664705,5.525918442527715,5.525895050416185,5.525865810353248
5.526793579785247,5.526822828215094,5.526846227020184,5.526863776159709,5.526875475603062,5.526881325329839,5.526881325329839,5.526875475603062,5.526863776159709,5.526846227020184,5.526822828215094,5.526793579785247
5.52772928977053,5.527758546638872,5.52778195219479,5.527799506397455,5.527811209216246,5.527817060630744,5.527817060630744,5.527811209216246,5.527799506397455,5.52778195219479,5.527758546638872,5.52772928977053
5.528672945288527,5.5287022106669905,5.52872562303104,5.528743182339822,5.528754888562699,5.528760741679245,5.528760741679245,5.528754888562699,5.528743182339822,5.52872562303104,5.5287022106669905,5.528672945288527
5.529624551356735,5.529653825316988,5.529677244546504,5.529694809004406,5.5297065186600385,5.529712373492964,5.529712373492964,5.5297065186600385,5.529694809004406,5.529677244546504,5.529653825316988,5.529624551356735
5.53058411303062,5.530613395644377,5.530636821796729,5.530654391446778,5.530666104563852,5.530671961127501,5.530671961127501,5.530666104563852,5.530654391446778,5.530636821796729,5.530613395644377,5.53058411303062
5.5315516354035275,5.531580926742546,5.531604359875142,5.531621934760391,5.53163365136761,5.531639509676334,5.531639509676334,5.53163365136761,5.531621934760391,5.531604359875142,5.531580926742546,5.5315516354035275
5.532527123606595,5.5325564237426725,5.532579863912949,5.532597444076483,5.532609164202565,5.532615024270724,5.532615024270724,5.532609164202565,5.532597444076483,5.532579863912949,5.5325564237426725,5.532527123606595
5.5335105828086375,5.533539891813621,5.533563339079057,5.53358092456398,5.533592648237664,5.533598510079628,5.533598510079628,5.533592648237664,5.53358092456398,5.533563339079057,5.533539891813621,5.5335105828086375
5.534502018216078,5.534531336161855,5.53455479057996,5.534572381429405,5.534584108679448,5.534589972309593,5.534589972309593,5.534584108679448,5.534572381429405,5.53455479057996,5.534531336161855,5.534502018216078
5.535501435072828,5.535530762031332,5.535554223659655,5.535571819916783,5.535583550771958,5.535589416204672,5.535589416204672,5.535583550771958,5.535571819916783,5.535554223659655,5.535530762031332,5.535501435072828
5.536508838660206,5.536538174703416,5.536561643599539,5.536579245307538,5.536590979796639,5.536596847046318,5.536596847046318,5.536590979796639,5.536579245307538,5.536561643599539,5.536538174703416,5.536508838660206
5.537524234296835,5.537553579496774,5.537577055718319,5.537594662920404,5.537606401072237,5.5376122701532875,5.5376122701532875,5.537606401072237,5.537594662920404,5.537577055718319,5.537553579496774,5.537524234296835
5.53854762733854,5.538576981767282,5.5386004653719025,5.538618078111317,5.538629819954712,5.538635690881547,5.538635690881547,5.538629819954712,5.538618078111317,5.5386004653719025,5.538576981767282,5.53854762733854
5.539579023178262,5.539608386907921,5.539631877953312,5.539649496273327,5.539661241837132,5.539667114624173,5.539667114624173,5.539661241837132,5.539649496273327,5.539631877953312,5.539608386907921,5.539579023178262
5.5406184272459456,5.540647800348685,5.540671298892579,5.54068892283649,5.540700672149572,5.540706546811254,5.540706546811254,5.540700672149572,5.54068892283649,5.540671298892579,5.540647800348685,5.5406184272459456
5.5416658450084455,5.541695227556478,5.5417187336566425,5.541736363267779,5.541748116359019,5.5417539929097845,5.5417539929097845,5.541748116359019,5.541736363267779,5.5417187336566425,5.541695227556478,5.5416658450084455
5.54272128196943,5.542750674035012,5.542774187749252,5.542791823070968,5.542803579969272,5.542809458423571,5.542809458423571,5.542803579969272,5.542791823070968,5.542774187749252,5.542750674035012,5.54272128196943
5.54378474366927,5.543814145324706,5.543837666710868,5.543855307786547,5.543867068520837,5.543872948893132,5.543872948893132,5.543867068520837,5.543855307786547,5.543837666710868,5.543814145324706,5.54378474366927
5.544856235684946,5.544885647002591,5.544909176118557,5.544926822991611,5.5449385875908295,5.544944469895591,5.544944469895591,5.5449385875908295,5.544926822991611,5.544909176118557,5.544885647002591,5.544856235684946
5.545935763629943,5.545965184682198,5.545988721585891,5.546006374299763,5.546018142792868,5.546024027044577,5.546024027044577,5.546018142792868,5.546006374299763,5.545988721585891,5.545965184682198,5.545935763629943
5.547023333154151,5.547052764013465,5.547076308762845,5.547093967361004,5.547105739776979,5.5471116259901265,5.5471116259901265,5.547105739776979,5.547093967361004,5.547076308762845,5.547052764013465,5.547023333154151
5.54811894994375,5.548148390682625,5.548171943335692,5.548189607861639,5.548201384229484,5.548207272418569,5.548207272418569,5.548201384229484,5.548189607861639,5.548171943335692,5.548148390682625,5.54811894994375
5.5492226197211245,5.54925207041211,5.549275631026903,5.549293301524169,5.549305081872903,5.549310972052437,5.549310972052437,5.549305081872903,5.549293301524169,5.549275631026903,5.54925207041211,5.5492226197211245
5.550334348244745,5.55036380896044,5.55038737759504,5.550405054107182,5.550416838465846,5.5504227306503475,5.5504227306503475,5.550416838465846,5.550405054107182,5.55038737759504,5.55036380896044,5.550334348244745
5.551454141309069,5.551483612122121,5.551507188834647,5.551524871405258,5.55153665980291,5.551542554006909,5.551542554006909,5.55153665980291,5.551524871405258,5.551507188834647,5.551483612122121,5.551454141309069
5.5525820047444325,5.552611485727542,5.552635070576153,5.552652759248852,5.5526645517145745,5.552670447952612,5.552670447952612,5.5526645517145745,5.552652759248852,5.552635070576153,5.552611485727542,5.5525820047444325
5.553717944416946,5.553747435642864,5.5537710286857624,5.5537887235042,5.553800520067092,5.553806418353719,5.553806418353719,5.553800520067092,5.5537887235042,5.5537710286857624,5.553747435642864,5.553717944416946
5.55486196622839,5.554891467769917,5.554915069065343,5.554932770073201,5.554944570762383,5.554950471112159,5.554950471112159,5.554944570762383,5.554932770073201,5.554915069065343,5.554891467769917,5.55486196622839
5.5560140761160985,5.556043588046089,5.556067197652327,5.556084904893314,5.556096709737933,5.556102612165427,5.556102612165427,5.556096709737933,5.556084904893314,5.556067197652327,5.556043588046089,5.5560140761160985
5.557174280052865,5.5572038024442225,5.557227420419597,5.557245133937462,5.5572569429666725,5.55726284748647,5.55726284748647,5.5572569429666725,5.557245133937462,5.557227420419597,5.5572038024442225,5.557174280052865
5.558342584046822,5.558372116972507,5.558395743375383,5.558413463213896,5.558425276456888,5.558431183083577,5.558431183083577,5.558425276456888,5.558413463213896,5.558395743375383,5.558372116972507,5.558342584046822
5.559518994141341,5.5595485376743605,5.559572172563147,5.559589898766119,5.559601716252092,5.559607625000277,5.559607625000277,5.559601716252092,5.559589898766119,5.559572172563147,5.5595485376743605,5.559518994141341
5.5607035164149154,5.560733070628334,5.560756714061482,5.56077444667275,5.560786268430932,5.560792179315223,5.560792179315223,5.560786268430932,5.56077444667275,5.560756714061482,5.560733070628334,5.5607035164149154
5.561896156981059,5.561925721947992,5.561949373983994,5.561967113047427,5.561978939107064,5.561984852142087,5.561984852142087,5.561978939107064,5.561967113047427,5.561949373983994,5.561925721947992,5.561896156981059
5.563096921988185,5.563126497781805,5.563150158479197,5.563167904038698,5.563179734429058,5.563185649629448,5.563185649629448,5.563179734429058,5.563167904038698,5.563150158479197,5.563126497781805,5.563096921988185
5.564305817619506,5.564335404313036,5.564359073730397,5.5643768258299025,5.564388660580277,5.564394577960677,5.564394577960677,5.564388660580277,5.5643768258299025,5.564359073730397,5.564335404313036,5.564305817619506
5.565522850092916,5.565552447759633,5.56557612595559,5.565593884639064,5.565605723778765,5.565611643353829,5.565611643353829,5.565605723778765,5.565593884639064,5.56557612595559,5.565552447759633,5.565522850092916
5.566748025660878,5.566777634374116,5.566801321407334,5.5668190867187795,5.566830930277138,5.566836852061538,5.566836852061538,5.566830930277138,5.5668190867187795,5.566801321407334,5.566777634374116,5.566748025660878
5.567981350610319,5.568010970443466,5.568034666372654,5.568052438356103,5.568064286362478,5.5680702103708875,5.5680702103708875,5.568064286362478,5.568052438356103,5.568034666372654,5.568010970443466,5.567981350610319
5.569222831262503,5.569252462289004,5.5692761671729185,5.569293945872438,5.569305798356205,5.569311724603315,5.569311724603315,5.569305798356205,5.569293945872438,5.5692761671729185,5.569252462289004,5.569222831262503
5.5704724739729325,5.570502116266287,5.570525830163727,5.570543615623418,5.570555472613979,5.570561401114487,5.570561401114487,5.570555472613979,5.570543615623418,5.570525830163727,5.570502116266287,5.5704724739729325
5.571730285131226,5.571759938764988,5.5717836617348,5.571801453998796,5.571813315525571,5.571819246294192,5.571819246294192,5.571813315525571,5.571801453998796,5.5717836617348,5.571759938764988,5.571730285131226
5.572996271161004,5.5730259362087855,5.573049668309859,5.573067467422327,5.573079333514762,5.573085266566219,5.573085266566219,5.573079333514762,5.573067467422327,5.573049668309859,5.5730259362087855,5.572996271161004
5.574270438519776,5.574300115055248,5.574323856346517,5.574341662351658,5.574353533039224,5.574359468388247,5.574359468388247,5.574353533039224,5.574341662351658,5.574323856346517,5.574300115055248,5.574270438519776
5.575552793698824,5.575582481795711,5.57560623233616,5.575624045278211,5.575635920590395,5.575641858251733,5.575641858251733,5.575635920590395,5.575624045278211,5.57560623233616,5.575582481795711,5.575552793698824
5.5768433432230875,5.5768730429551745,5.576896802803829,5.5769146227270605,5.576926502693378,5.576932442681786,5.576932442681786,5.576926502693378,5.5769146227270605,5.576896802803829,5.5768730429551745,5.5768433432230875
5.57814209365105,5.578171805092175,5.578195574308108,5.578213401256826,5.578225285906814,5.57823122823706,5.57823122823706,5.578225285906814,5.578213401256826,5.578195574308108,5.578171805092175,5.57814209365105
5.579449051574606,5.579478774798674,5.579502553441005,5.579520387459549,5.579532276822768,5.579538221509633,5.579538221509633,5.579532276822768,5.579520387459549,5.579502553441005,5.579478774798674,5.579449051574606
5.58076422361897,5.580793958699937,5.580817746827835,5.58083558796058,5.580847482066613,5.58085342912489,5.58085342912489,5.580847482066613,5.58083558796058,5.580817746827835,5.580793958699937,5.58076422361897
5.582087616442538,5.5821173634544206,5.5821411611270975,5.582159009418457,5.582170908296911,5.582176857741403,5.582176857741403,5.582170908296911,5.582159009418457,5.5821411611270975,5.5821173634544206,5.582087616442538
5.583419236736777,5.583448995753652,5.5834728030303715,5.58349065852479,5.583502562205295,5.583508514050817,5.583508514050817,5.583502562205295,5.58349065852479,5.5834728030303715,5.583448995753652,5.583419236736777
5.584759091226103,5.584788862322107,5.584812679262178,5.584830542004136,5.58484245051635,5.58484840477773,5.58484840477773,5.58484245051635,5.584830542004136,5.584812679262178,5.584788862322107,5.584759091226103
5.586107186667768,5.586136969917097,5.586160796579875,5.586178666613893,5.586190579987493,5.586196536679569,5.586196536679569,5.586190579987493,5.586178666613893,5.586160796579875,5.586136969917097,5.586107186667768
5.58746352985173,5.587493325328641,5.587517161773533,5.587535039144165,5.587546957408854,5.587552916546478,5.587552916546478,5.587546957408854,5.587535039144165,5.587517161773533,5.587493325328641,5.58746352985173
5.588828127600546,5.588857935379356,5.588881781665816,5.588899666417653,5.588911589603157,5.588917551201195,5.588917551201195,5.588911589603157,5.588899666417653,5.588881781665816,5.588857935379356,5.588828127600546
5.590200986769237,5.590230806924326,5.590254663111858,5.590272555289525,5.590284483425599,5.590290447498924,5.590290447498924,5.590284483425599,5.590272555289525,5.590254663111858,5.590230806924326,5.590200986769237
5.591582114245182,5.591611946850988,5.591635812999143,5.591653712647307,5.591665645763724,5.591671612327227,5.591671612327227,5.591665645763724,5.591653712647307,5.591635812999143,5.591611946850988,5.591582114245182
5.592971516947984,5.5930013620790096,5.59302523824739,5.593043145410751,5.593055083537314,5.593061052605892,5.593061052605892,5.593055083537314,5.593043145410751,5.59302523824739,5.5930013620790096,5.592971516947984
5.594369201829356,5.594399059560164,5.59442294580842,5.594440860531716,5.5944528036982515,5.594458775286818,5.594458775286818,5.5944528036982515,5.594440860531716,5.59442294580842,5.594399059560164,5.594369201829356
5.595775175872995,5.595805046278211,5.595828942666042,5.595846864994052,5.595858813230407,5.595864787353891,5.595864787353891,5.595858813230407,5.595846864994052,5.595828942666042,5.595805046278211,5.595775175872995
5.597189446094456,5.5972193292487695,5.59724323583593,5.597261165813465,5.597273119149519,5.597279095822854,5.597279095822854,5.597273119149519,5.597261165813465,5.59724323583593,5.5972193292487695,5.597189446094456
5.59861201954104,5.598641915519204,5.598665832365493,5.598683770037406,5.598695728503059,5.598701707741199,5.598701707741199,5.598695728503059,5.598683770037406,5.598665832365493,5.598641915519204,5.59861201954104
5.600042903291661,5.60007281216849,5.600096739333763,5.600114684744942,5.6001266483701215,5.600132630188028,5.600132630188028,5.6001266483701215,5.600114684744942,5.600096739333763,5.60007281216849,5.600042903291661
5.601482104456725,5.601512026307096,5.601535963851257,5.6015539170466315,5.601565885861287,5.601571870273937,5.601571870273937,5.601565885861287,5.6015539170466315,5.601535963851257,5.601512026307096,5.601482104456725
5.602929630178003,5.602959565076864,5.602983513059866,5.603001474084401,5.603013448118514,5.603019435140895,5.603019435140895,5.603013448118514,5.603001474084401,5.602983513059866,5.602959565076864,5.602929630178003
5.604385487628513,5.6044154356508695,5.60443939413272,5.604457363031423,5.604469342314994,5.604475331962109,5.604475331962109,5.604469342314994,5.604457363031423,5.60443939413272,5.6044154356508695,5.604385487628513
5.60584968401239,5.605879645233315,5.605903614274073,5.605921591091986,5.605933575655046,5.60593956794191,5.60593956794191,5.605933575655046,5.605921591091986,5.605903614274073,5.605879645233315,5.60584968401239
5.607322226564757,5.60735220105939,5.607376180719167,5.607394165501375,5.607406155373979,5.60741215031562,5.60741215031562,5.607406155373979,5.607394165501375,5.607376180719167,5.60735220105939,5.607322226564757
5.608803122551613,5.608833110395156,5.608857100734115,5.608875093525739,5.608887088737969,5.608893086349427,5.608893086349427,5.608887088737969,5.608875093525739,5.608857100734115,5.608833110395156,5.608803122551613
5.610292379269687,5.61032238053741,5.610346381615766,5.610364382461972,5.610376383043935,5.610382383340266,5.610382383340266,5.610376383043935,5.610364382461972,5.610346381615766,5.61032238053741,5.610292379269687
5.611790004046327,5.611820018813568,5.611844030691592,5.611862039637578,5.611874045619412,5.611880048615681,5.611880048615681,5.611874045619412,5.611862039637578,5.611844030691592,5.611820018813568,5.611790004046327
5.613296004239371,5.613326032581531,5.613350055319544,5.613368072410555,5.613380083822418,5.613386089533707,5.613386089533707,5.613380083822418,5.613368072410555,5.613350055319544,5.613326032581531,5.613296004239371
5.614810387237011,5.61484042922956,5.614864462887939,5.614882488169256,5.614894505041338,5.614900513482741,5.614900513482741,5.614894505041338,5.614882488169256,5.614864462887939,5.61484042922956,5.614810387237011
5.616333160457673,5.61636321617615,5.6163872608153245,5.616405294332269,5.616417316694786,5.61642332788141,5.61642332788141,5.616417316694786,5.616405294332269,5.6163872608153245,5.61636321617615,5.616333160457673
5.617864331349891,5.617894400869898,5.617918456550352,5.617936498348289,5.617948526231482,5.6179545401784505,5.6179545401784505,5.617948526231482,5.617936498348289,5.617918456550352,5.617894400869898,5.617864331349891
5.619403907392168,5.61943399078938,5.619458057571654,5.619476107695985,5.619488141130126,5.619494157852571,5.619494157852571,5.619488141130126,5.619476107695985,5.619458057571654,5.61943399078938,5.619403907392168
5.620951896092862,5.620981993443019,5.621006071387703,5.621024129883877,5.621036168899259,5.621042188412331,5.621042188412331,5.621036168899259,5.621024129883877,5.621006071387703,5.620981993443019,5.620951896092862
5.622508304990042,5.622538416368956,5.6225625055367,5.6225805724502,5.62259261707715,5.62259863939601,5.62259863939601,5.62259261707715,5.6225805724502,5.6225625055367,5.622538416368956,5.622508304990042
5.6240731416513725,5.624103267134919,5.6241273675864285,5.624145442962784,5.624157493231653,5.6241635183714775,5.6241635183714775,5.624157493231653,5.624145442962784,5.6241273675864285,5.624103267134919,5.6240731416513725
5.625646413673971,5.625676553338103,5.625700665134134,5.625718749018915,5.625730804960083,5.625736832936061,5.625736832936061,5.625730804960083,5.625718749018915,5.625700665134134,5.625676553338103,5.625646413673971
5.627228128684292,5.627258282605024,5.627282405806394,5.627300498245212,5.627312559889087,5.627318590716422,5.627318590716422,5.627312559889087,5.627300498245212,5.627282405806394,5.627258282605024,5.627228128684292
5.628818294337983,5.628848462591405,5.628872597258984,5.628890698297493,5.6289027656745105,5.628908799368421,5.628908799368421,5.6289027656745105,5.628890698297493,5.628872597258984,5.628848462591405,5.628818294337983
5.630416918319763,5.6304471009820345,5.63047124717675,5.630489356860645,5.630501430001267,5.630507466576988,5.630507466576988,5.630501430001267,5.630489356860645,5.63047124717675,5.6304471009820345,5.630416918319763
5.632024008343288,5.63205420549064,5.632078363273475,5.632096481648494,5.632108560583216,5.632114600055991,5.632114600055991,5.632108560583216,5.632096481648494,5.632078363273475,5.63205420549064,5.632024008343288
5.633639572151022,5.633669783859753,5.633693953291752,5.633712080403676,5.633724165163018,5.633730207548108,5.633730207548108,5.633724165163018,5.633712080403676,5.633693953291752,5.633669783859753,5.633639572151022
5.635263617514103,5.635293843860588,5.635318025002847,5.6353361608975,5.635348251512012,5.63535429682469,5.63535429682469,5.635348251512012,5.6353361608975,5.635318025002847,5.635293843860588,5.635263617514103
5.636896152232215,5.636926393292897,5.636950586206572,5.636968730929822,5.63698082743008,5.636986875685638,5.636986875685638,5.63698082743008,5.636968730929822,5.636950586206572,5.636926393292897,5.636896152232215
5.6385371841334475,5.638567439984843,5.63859164473115,5.638609798328907,5.6386219007455205,5.6386279519592595,5.6386279519592595,5.6386219007455205,5.638609798328907,5.63859164473115,5.638567439984843,5.6385371841334475
5.640186721074178,5.640216991792877,5.640241208433084,5.640259370951302,5.640271479314906,5.640277533502145,5.640277533502145,5.640271479314906,5.640259370951302,5.640241208433084,5.640216991792877,5.640186721074178
5.6418447709389214,5.641875056601587,5.641899285197027,5.641917456681704,5.641929571022963,5.641935628199036,5.641935628199036,5.641929571022963,5.641917456681704,5.641899285197027,5.641875056601587,5.6418447709389214
5.643511341640218,5.643541642323584,5.643565882935643,5.643584063432822,5.6435961837824316,5.643602243962684,5.643602243962684,5.6435961837824316,5.643584063432822,5.643565882935643,5.643541642323584,5.643511341640218
5.645186441118475,5.645216756899352,5.645241009589482,5.645259199145245,5.64527132553393,5.645277388733724,5.645277388733724,5.64527132553393,5.645259199145245,5.645241009589482,5.645216756899352,5.645186441118475
5.646870077341858,5.646900408297128,5.646924673126835,5.646942871787315,5.646955004245828,5.6469610704805415,5.6469610704805415,5.646955004245828,5.646942871787315,5.646924673126835,5.646900408297128,5.646870077341858
5.648562258306143,5.648592604512765,5.648616881543614,5.648635089354986,5.648647227914111,5.648653297199136,5.648653297199136,5.648647227914111,5.648635089354986,5.648616881543614,5.648592604512765,5.648562258306143
5.650262992034586,5.650293353569592,5.650317642863209,5.650335859871692,5.650348004562241,5.6503540769129845,5.6503540769129845,5.650348004562241,5.650335859871692,5.650317642863209,5.650293353569592,5.650262992034586
5.651972286577788,5.652002663518285,5.652026965136355,5.652045191388218,5.652057342241036,5.652063417672916,5.652063417672917,5.652057342241036,5.652045191388218,5.652026965136355,5.652002663518285,5.651972286577788
5.653690150013562,5.653720542436735,5.653744856441007,5.653763091982555,5.653775249028515,5.653781327556972,5.653781327556972,5.653775249028515,5.653763091982555,5.653744856441007,5.653720542436735,5.653690150013562
5.655416590446803,5.655446998429908,5.655471324882187,5.655489569759778,5.655501733029784,5.655507814670268,5.655507814670269,5.655501733029784,5.655489569759778,5.655471324882187,5.655446998429908,5.655416590446803
5.65715161600934,5.657182039629712,5.6572063785918685,5.657224632851904,5.657236802376887,5.657242887144867,5.657242887144867,5.657236802376888,5.657224632851904,5.657206378591869,5.657182039629712,5.65715161600934
5.658895234859815,5.658925674194867,5.658950025728828,5.6589682894177535,5.658980465228682,5.6589865531396395,5.6589865531396395,5.658980465228682,5.6589682894177535,5.658950025728828,5.658925674194867,5.658895234859815
5.660647455183542,5.66067791031076,5.660702274478517,5.660720547642827,5.660732729770695,5.660738820840129,5.660738820840127,5.660732729770695,5.660720547642827,5.660702274478517,5.66067791031076,5.660647455183542
5.662408285192371,5.662438756189319,5.662463133052924,5.6624814157391565,5.662493604214992,5.662499698458413,5.662499698458413,5.662493604214992,5.6624814157391565,5.662463133052926,5.662438756189319,5.662408285192372
5.664177733124552,5.664208220068872,5.664232609690441,5.6642509019451825,5.664263096800042,5.664269194232981,5.664269194232981,5.664263096800042,5.664250901945183,5.664232609690442,5.664208220068875,5.664177733124553
5.665955807244601,5.665986310214016,5.666010712655723,5.666029014525606,5.666041215790577,5.666047316428577,5.666047316428578,5.666041215790578,5.666029014525607,5.6660107126557255,5.665986310214018,5.665955807244603
5.667742515843165,5.667773034915473,5.667797450239557,5.667815761771262,5.6678279694774645,5.667834073336087,5.6678340733360875,5.667827969477465,5.667815761771264,5.66779745023956,5.667773034915475,5.667742515843168
5.6695378672368815,5.669568402489958,5.669592830758724,5.669611151998976,5.669623366177563,5.669629473272382,5.669629473272382,5.669623366177565,5.669611151998978,5.669592830758727,5.669568402489961,5.669537867236885
5.671341869768248,5.671372421280049,5.671396862555859,5.671415193551434,5.6714274142335865,5.671433524580193,5.671433524580196,5.671427414233588,5.671415193551439,5.671396862555865,5.671372421280054,5.671341869768254
5.67315453180548,5.673185099654041,5.673209553999325,5.6732278947970425,5.673240122013976,5.67324623562798,5.67324623562798,5.673240122013981,5.673227894797049,5.6732095539993335,5.67318509965405,5.673154531805488
5.674975861742376,5.675006446005812,5.675030913483061,5.675049264129791,5.675061497912752,5.675067614809775,5.675067614809778,5.675061497912758,5.675049264129802,5.675030913483074,5.675006446005824,5.6749758617423876
5.676805867998183,5.676836468754688,5.67686094942646,5.67687930996912,5.676891550349386,5.676897670545068,5.67689767054507,5.676891550349395,5.6768793099691335,5.676860949426477,5.676836468754706,5.676805867998199
5.678644559017457,5.678675176345306,5.678699670274219,5.678718040759776,5.678730287768658,5.678736411278653,5.678736411278659,5.678730287768669,5.6787180407597955,5.678699670274243,5.678675176345332,5.678644559017481
5.6804919432699235,5.680522577247472,5.680547084496213,5.680565464971679,5.68057771864052,5.680583845480504,5.680583845480509,5.6805777186405395,5.680565464971707,5.680547084496248,5.68052257724751,5.680491943269959
5.682348029250347,5.682378679956033,5.68240320058735,5.6824215910997875,5.682433851459964,5.68243998164562,5.682439981645631,5.68243385145999,5.682421591099828,5.682403200587398,5.682378679956086,5.682348029250397
5.68421282547839,5.684243492990727,5.684268027067436,5.684286427663959,5.684298694746877,5.684304828293914,5.684304828293927,5.684298694746914,5.684286427664015,5.684268027067505,5.684243492990801,5.6842128254784585
5.686086340498465,5.686117024896058,5.686141572481037,5.686159983208805,5.686172257045909,5.686178393970046,5.686178393970064,5.6861722570459605,5.686159983208885,5.6861415724811355,5.686117024896161,5.686086340498564
5.687968582879622,5.687999284241146,5.688023845397343,5.688042266303566,5.688054546926329,5.688060687243305,5.688060687243331,5.688054546926402,5.688042266303679,5.688023845397481,5.687999284241293,5.687968582879759
5.689859561215377,5.689890279619599,5.689914854410024,5.689933285541964,5.689945572981894,5.6899517167074665,5.689951716707502,5.689945572981999,5.689933285542123,5.689914854410222,5.689890279619807,5.689859561215572
5.691759284123602,5.691790019649368,5.691814608137102,5.691833049542067,5.691845343830709,5.691851490980648,5.691851490980699,5.691845343830855,5.691833049542294,5.6918146081373795,5.691790019649663,5.69175928412388
5.693667760246376,5.693698512972611,5.693723115220799,5.693741566946153,5.693753868115079,5.693760018705183,5.693760018705254,5.69375386811529,5.693741566946473,5.693723115221193,5.693698512973031,5.693667760246768
5.6955849982498385,5.695615768255558,5.695640384327411,5.695658846420564,5.695671154501392,5.695677308547465,5.695677308547568,5.695671154501687,5.695658846421018,5.695640384327967,5.6956157682561495,5.695584998250395
5.697511006824064,5.697541794188361,5.697566424147158,5.697584896655579,5.697597211679952,5.6976033691978305,5.697603369197974,5.697597211680371,5.697584896656218,5.6975664241479445,5.697541794189196,5.697511006824849
5.699445794682912,5.699476599484965,5.699501243394056,5.699519726365257,5.6995320483648655,5.699538209370399,5.699538209370605,5.699532048365456,5.699519726366162,5.699501243395165,5.699476599486145,5.699445794684022
5.701389370563891,5.701420192882961,5.701444850805761,5.701463344287319,5.701475673293887,5.7014818378029535,5.701481837803243,5.701475673294722,5.701463344288596,5.701444850807331,5.701420192884629,5.701389370565458
5.703341743228019,5.70337258314345,5.7033972551434475,5.703415759182987,5.703428095228281,5.703434263256783,5.7034342632571935,5.70342809522946,5.703415759184793,5.703397255145662,5.703372583145806,5.703341743230234
5.705302921459677,5.705333779050896,5.705358465191647,5.705376979836856,5.705389322952689,5.705395494516562,5.7053954945171395,5.705389322954354,5.705376979839407,5.7053584651947755,5.705333779054226,5.705302921462806
5.707272914066469,5.707303789412983,5.707328489758119,5.707347015056746,5.707359365274979,5.70736554039019,5.707365540391008,5.707359365277331,5.707347015060348,5.7073284897625385,5.707303789417688,5.70727291407089
5.709251729879075,5.709282623060476,5.709307337673696,5.709325873673553,5.709338231026107,5.709344409708672,5.709344409709826,5.709338231029431,5.709325873678644,5.709307337679942,5.709282623067121,5.70925172988532
5.711239377751102,5.711270288847056,5.711295017792142,5.711313564541116,5.711325929059974,5.711332111325961,5.711332111327592,5.711325929064668,5.711313564548308,5.711295017800965,5.711270288856447,5.711239377759926
5.713235866558933,5.713266795649188,5.7132915389899965,5.713310096536052,5.713322468253278,5.713328654118829,5.713328654121133,5.713322468259911,5.7133100965462145,5.713291539002462,5.713266795662454,5.713235866571399
5.715241205201572,5.715272152365943,5.715296910166414,5.715315478557614,5.715327857505365,5.715334046986715,5.71533404698997,5.715327857514735,5.715315478571972,5.715296910184026,5.715272152384685,5.715241205219182
5.717255402600464,5.717286367918841,5.717311140243009,5.717329719527518,5.717342105738078,5.717348298851587,5.7173482988561855,5.717342105751318,5.7173297195478,5.71731114026789,5.717286367945318,5.717255402625346
5.719278467699346,5.71930945125167,5.719334238163662,5.719352828389786,5.719365221895597,5.7193714186577935,5.719371418664289,5.7193652219143,5.719352828418442,5.7193342381988135,5.719309451289076,5.7192784677344966
5.7213104094640235,5.721341411330288,5.721366212894345,5.721384814110552,5.721397214944265,5.7214034153719115,5.721403415381089,5.72139721497069,5.721384814151036,5.721366212944007,5.721341411383136,5.721310409513683
5.723351236882177,5.723382257142409,5.723407073422897,5.723425685677871,5.723438093872422,5.723444297982603,5.723444297995568,5.723438093909755,5.723425685735067,5.723407073493058,5.723382257217072,5.723351236952338
5.725400958963113,5.725431997697346,5.725456828758782,5.725475452101488,5.725487867690198,5.725494075500444,5.725494075518762,5.725487867742942,5.7254754521822955,5.725456828857904,5.72543199780283,5.725400959062236
5.7274595847374705,5.727490642025713,5.727515487932797,5.727534122412581,5.727546545429299,5.727552756957767,5.727552756983645,5.727546545503817,5.727534122526745,5.727515488072841,5.727490642174743,5.7274595848775105
5.729527123256873,5.7295581991790705,5.729583059996733,5.729601705663441,5.729614136142758,5.729620351408474,5.729620351445037,5.729614136248033,5.729601705824736,5.729583060194587,5.729558199389622,5.729527123454726
5.731603583593499,5.731634678229457,5.731659554022921,5.731678210927109,5.731690648904626,5.7316968679278535,5.73169686797951,5.7316906490533635,5.731678211154984,5.731659554302453,5.731634678526927,5.731603583873023
5.733688974839507,5.733720088268811,5.73374497910369,5.733763647296868,5.733776092809629,5.733782315612354,5.733782315685334,5.733776093019764,5.733763647618815,5.733744979498614,5.733720088689077,5.7336889752344256
5.735783306106318,5.73581443840819,5.735839344350619,5.735858023885642,5.73587047697269,5.735876703579336,5.735876703682441,5.7358704772695726,5.735858024340491,5.735839344908571,5.735814439001947,5.735783306664261
5.737886586523624,5.737917737776751,5.737942658893563,5.737961349825158,5.737973810528359,5.7379800409667805,5.737980041112451,5.737973810947796,5.7379613504677724,5.737942659681844,5.737917738615616,5.737886587311891
5.73999882523807,5.740029995520336,5.7400549318793335,5.740073634264846,5.740086102630034,5.740092336932932,5.7400923371387345,5.74008610322262,5.740073635172737,5.740054932993022,5.740029996705493,5.739998826351741
5.74212003141144,5.742151220799561,5.742176172469873,5.742194886370332,5.742207362448936,5.74221360065584,5.7422136009466005,5.742207363286145,5.7421948876530085,5.742176174043303,5.742151222473957,5.742120032984841
5.744250214218138,5.744281422787144,5.744306389839759,5.744325115321371,5.744337599172703,5.744343841332795,5.744343841743584,5.7443376003555215,5.744325117133547,5.744306392062714,5.744281425152748,5.744250216441055
5.746389382841726,5.746420610664223,5.7464455931727105,5.746464330308978,5.746476822003481,5.746483068179561,5.746483068759929,5.746476823674573,5.7464643328692375,5.746445596313319,5.746420614006367,5.746389385982283
5.748537546470041,5.748568793615173,5.748593791656733,5.748612540531438,5.748625040155256,5.748631290429372,5.748631291249315,5.748625042516193,5.7486125441485925,5.748593796093812,5.748568798336983,5.748537550907045
5.750694714288386,5.7507259808203735,5.750750994477296,5.750769755188727,5.750782262850183,5.750788517331542,5.750788518489969,5.750782266185731,5.7507697602990735,5.750751000746038,5.750725987491387,5.750694720557023
5.752860895469962,5.75289218144603,5.752917210807766,5.752935983474678,5.752948499313402,5.752954758149611,5.7529547597862445,5.752948504025898,5.752935990694621,5.752917219664301,5.752892190870895,5.752860904326348
5.755036099162406,5.755067404629851,5.755092449795944,5.75511123456599,5.755123758765841,5.755130022158715,5.755130024470967,5.755123765423695,5.755111244766389,5.755092462308533,5.7550674179453845,5.755036111674786
5.757220334468821,5.757251659460884,5.757276720545101,5.757295517606733,5.757308050414029,5.7573143186419875,5.757314321908755,5.757308059820305,5.757295532017945,5.757276738222997,5.757251678273185,5.757220352146422
5.759413610421049,5.759444954951068,5.759470032087242,5.759488841686533,5.759501383435829,5.759507656885491,5.7595076615008125,5.759501396725097,5.759488862046823,5.759470057062726,5.759444981529253,5.759413635396118
5.761615935941953,5.761647299995112,5.76167239334539,5.761691215809803,5.76170376696029,5.761710046171153,5.761710052691716,5.7617037857354845,5.761691244574997,5.761672428630977,5.7616473375450035,5.7616159712269495
5.763827319792195,5.763858703313861,5.763883813080373,5.763902648852318,5.763915210039271,5.76392149576679,5.763921504979102,5.7639152365650315,5.7639026894920375,5.7638838629321585,5.763858756364678,5.763827369643148
5.766047770495101,5.766079173374349,5.7661042998156695,5.766123149499954,5.766135721607391,5.766142014912141,5.766142027927374,5.766135759083218,5.766123206916106,5.76610437024671,5.766079248325009,5.766047840924965
5.768277296230561,5.768308718276899,5.768333861731319,5.768352726162146,5.768365310425509,5.768371612799112,5.768371631187149,5.768365363371686,5.768352807280188,5.768333961236912,5.76830882416785,5.768277395734488
5.7705159046851895,5.770547345595674,5.770572506514087,5.770591386849727,5.770603985000925,5.770610298544,5.770610324522779,5.770604059803748,5.77059150145401,5.770572647096463,5.770547495199341,5.770516045265214
5.7727636028407066,5.7727950621534845,5.772820241145817,5.77283913900237,5.772851753474702,5.772858081148243,5.772858117851291,5.772851859156792,5.772839300916312,5.772820439761837,5.772795273514861,5.772763801453402
5.775020396674989,5.775051873703659,5.775077071604508,5.775095989244854,5.775108623462538,5.775114969443065,5.775115021297454,5.775108772771123,5.775096217998295,5.775077352210967,5.775052172316874,5.775020677276753
5.777286290739804,5.7773177844806884,5.777343002442013,5.7773619430427825,5.777374601829966,5.777380972011296,5.777381045271632,5.777374812774443,5.777362266227656,5.77734339888529,5.777318206364071,5.777286687176446
5.779561287564277,5.779592796565426,5.779618036187517,5.779637004216231,5.779649694374851,5.77965609707698,5.779656200579823,5.779649992399058,5.77963746081466,5.779618596286074,5.779593392605989,5.779561847653456
5.7818453868121855,5.781876908988298,5.781902172504813,5.781921174252692,5.781933905378845,5.781940352349433,5.781940498579148,5.781934326430041,5.78192181933896,5.781902963816995,5.781877751079677,5.78184617811112
5.784138584091479,5.784170116462461,5.784195407001786,5.7842144513364655,5.7842272369737,5.78423374480295,5.784233951397546,5.78422783183847,5.784215362719991,5.784196524974638,5.784171306176641,5.784139702045611
5.786440869272461,5.786472407594086,5.786497729548589,5.7865168289774385,5.78652968824604,5.786536280365548,5.786536572244123,5.78653052867605,5.786518116588018,5.786499309030568,5.786474088432931,5.786442448727987
5.788752224111918,5.788783762354097,5.788809121901722,5.788828294073932,5.788841253972535,5.788847963479094,5.788848375847485,5.788842441338991,5.788830113221269,5.788811353408002,5.788786137058482,5.788754455580823
5.791072618896752,5.791104148506548,5.791129554347602,5.791148824176005,5.7911619228328854,5.791168796477634,5.791169379074718,5.791163600353458,5.791151394282777,5.791132707039938,5.79110750351103,5.791075771536271
5.793402007702609,5.793433516563255,5.793458980961122,5.793478383619286,5.793491674884949,5.793498778708502,5.793499601805207,5.79349404489761,5.793482014687184,5.793463435114214,5.7934382565463185,5.793406461781071
5.795740321696152,5.795771792656689,5.795797332907814,5.795816918063292,5.795830477997338,5.795837905289613,5.795839068163726,5.795833826363781,5.795822048063843,5.7958036257787064,5.795778489354847,5.795746614461592
5.7980874596741145,5.798118868472548,5.798144508982723,5.798164346776153,5.798178282809024,5.798186165351726,5.798187808259626,5.798183013388837,5.798171594475225,5.798153399617073,5.798128329648518,5.798096350159452
5.800443274699578,5.800474587029149,5.80050036224649,5.800520551736643,5.8005350156082205,5.800543539551491,5.800545860637731,5.800541698955994,5.800530791321179,5.800512923041586,5.80048795391906,5.800455835284117
5.802807555226257,5.802838722590144,5.802864681149292,5.802885362242679,5.8029005682731825,5.802909996551518,5.802913275727996,5.802910010416422,5.802899828743072,5.802882427226019,5.802857607599645,5.802825301005454
5.80517999843749,5.805210952287645,5.805237162869406,5.805258533178481,5.805274784067995,5.80528548803724,5.805290120691485,5.8052881236201745,5.80527897138147,5.805262234878581,5.805237633587537,5.80520507002624
5.807560172586809,5.8075908160245575,5.807617375653133,5.8076397143403975,5.807657437600867,5.807669941662423,5.807676486206884,5.807676282814568,5.807668589098959,5.80765279812048,5.80762851262762,5.807595594460063
5.809947463791839,5.80997765978022,5.810004705607802,5.810028407174781,5.810048206590169,5.810063251069632,5.810072495926667,5.81007482859748,5.8100692003368035,5.810054752120883,5.810030920567394,5.809997509465394
5.812341000824131,5.812370555343675,5.812398281490349,5.812423903844629,5.81244663221198,5.812465261804306,5.8124783195414915,5.812484237019351,5.812481533230448,5.812468991146598,5.812445809724453,5.812411709293983
5.814739548672271,5.814768186362747,5.814796868268607,5.814825201622126,5.814852063743444,5.8148757515386755,5.814894190565534,5.814905173857996,5.81490661156333,5.81489677664284,5.814874525003365,5.814839455369784
5.817141357559442,5.817168685682563,5.817198716136307,5.817230883187451,5.817263582172227,5.8172944026246505,5.81732042991475,5.817338568876718,5.817345875110958,5.817339891436029,5.817318970835997,5.817282530489114
5.819543947808419,5.819569400617971,5.819601345374366,5.819638950806997,5.819679897139229,5.819720764893733,5.819757475623518,5.819785714659697,5.81980134660264,5.819800861179813,5.819781854423152,5.819743460262839
5.821943800826445,5.821966546978299,5.822001237330294,5.822046600943388,5.822099214121786,5.8221542076443855,5.822205916497762,5.822248391017011,5.822275858942939,5.822283275733126,5.822267048872602,5.822225834488692
5.824335909535103,5.824354677929555,5.824393384839675,5.824449930354541,5.824519079626366,5.824593863955303,5.824666520618315,5.824729002894866,5.8247733513528015,5.824792262867027,5.824780159759392,5.824734780849163
5.826713114129225,5.826725804566889,5.826770627971195,5.826843590265717,5.826936244363747,5.82703858225495,5.827140233477847,5.82723068296708,5.827299215095596,5.827335199012783,5.8273294808245035,5.827277675644482
5.829065119916912,5.829067737837946,5.829122671840519,5.829220498038232,5.829346665015329,5.829486926974443,5.829628087864142,5.829757220227771,5.829860566900855,5.829922777122878,5.829927828728573,5.829865211624719
5.831377179297167,5.83136030000926,5.8314347685282995,5.831572010091953,5.83174593580172,5.831937317939832,5.832130916010688,5.832312488463664,5.832466000479451,5.83257045919005,5.832596790675693,5.832512850441934
5.833629417399193,5.833564464711252,5.833687042548899,5.8338897884401035,5.834130700676058,5.834388443569295,5.834648720451056,5.8348987678845905,5.8351234381692425,5.835299219323982,5.835378975185495,5.835241565534394
5.832466046801082,5.835584054539372,5.835862104227196,5.836172356244656,5.83650159079736,5.836839991222089,5.837179710457828,5.837513380672472,5.83783272129431,5.838126961121585,5.838381281601828,5.83389035190115
