8.180922719549471,8.180942411981931,8.180965637118335,8.180942411981931,8.180922719549471
8.180903027117012,8.180972702714582,8.180995927980637,8.180972702714582,8.180903027117012
8.180965636413132,8.181035312825287,8.181058538362871,8.181035312825287,8.180965636413132
8.181060565064932,8.181130242717312,8.181153468668308,8.181130242717312,8.181060565064932
8.181187813714695,8.18125749303296,8.18128071953925,8.18125749303296,8.181187813714695
8.181347383243747,8.181417064653568,8.181440291857047,8.181417064653568,8.181347383243747
8.18153927477245,8.181608958699528,8.181632186742096,8.181608958699528,8.18153927477245
8.181763489660232,8.181833176530297,8.181856405553868,8.181833176530297,8.181763489660232
8.182020029505606,8.182089719744422,8.182112949890914,8.182089719744422,8.182020029505606
8.182308896146184,8.182378590179553,8.1824018215909,8.182378590179553,8.182308896146184
8.18263009165869,8.182699789912462,8.18272302273062,8.182699789912462,8.18263009165869
8.182983618359016,8.183053321259088,8.183076555626016,8.183053321259088,8.182983618359016
8.18336947880222,8.18343918677455,8.183462422832239,8.18343918677455,8.18336947880222
8.183787675782588,8.183857389253184,8.183880627143639,8.183857389253184,8.183787675782588
8.184238212333653,8.184307931728595,8.18433117159384,8.184307931728595,8.184238212333653
8.184721091728232,8.18479081747367,8.184814059455759,8.18479081747367,8.184721091728232
8.185236317478484,8.185306050000642,8.185329294241647,8.185306050000642,8.185236317478484
8.185783893335943,8.185853633061129,8.185876879703152,8.185853633061129,8.185783893335943
8.18636382329157,8.186433570646171,8.18645681983135,8.186433570646171,8.18636382329157
8.186976111575811,8.187045866986313,8.187069118856801,8.187045866986313,8.186976111575811
8.187620762658645,8.187690526551622,8.187713781249615,8.187690526551622,8.187620762658645
8.188297781249638,8.188367554051773,8.188390811719499,8.188367554051773,8.188297781249638
8.189007172298021,8.189076954436096,8.189100215215817,8.189076954436096,8.189007172298021
8.189748940992734,8.189818732893649,8.189841996927663,8.189818732893649,8.189748940992734
8.19052309276251,8.190592894853278,8.190616162283925,8.190592894853278,8.19052309276251
8.191329633275943,8.191399445983693,8.191422716953353,8.191399445983693,8.191329633275943
8.192168568441545,8.192238392193545,8.192261666844637,8.192238392193545,8.192168568441545
8.193039904407849,8.193109739631488,8.19313301810648,8.193109739631488,8.193039904407849
8.19394364756347,8.194013494686281,8.19403677712768,8.194013494686281,8.19394364756347
8.194879804537194,8.19494966398685,8.194972950537217,8.19494966398685,8.194879804537194
8.195848382198069,8.195918254402386,8.195941545204327,8.195918254402386,8.195848382198069
8.196849387655481,8.196919273042436,8.19694256823861,8.196919273042436,8.196849387655481
8.197882828259267,8.19795272725699,8.197976026990107,8.19795272725699,8.197882828259267
8.198948711599796,8.199018624636572,8.199041929049397,8.199018624636572,8.198948711599796
8.200047045508057,8.200116973012356,8.200140282247713,8.200116973012356,8.200047045508057
8.201177838055806,8.201247780456255,8.201271094657017,8.201247780456255,8.201177838055806
8.202341097555603,8.202411055281019,8.202434374590126,8.202411055281019,8.202341097555603
8.203536832560985,8.203606806040359,8.20363013060081,8.203606806040359,8.203536832560985
8.204765051866536,8.204835041529055,8.204858371483912,8.204835041529055,8.204765051866536
8.206025764508023,8.206095770783062,8.206119106275452,8.206095770783062,8.206025764508023
8.2073189797625,8.207389003079633,8.207412344252749,8.207389003079633,8.2073189797625
8.208644707148434,8.208714747937446,8.208738094934546,8.208714747937446,8.208644707148434
8.210002956425837,8.210073015116713,8.210096368081132,8.210073015116713,8.210002956425837
8.21139373759638,8.211463814619325,8.211487173694461,8.211463814619325,8.21139373759638
8.212817060903527,8.212887156688966,8.212910522018294,8.212887156688966,8.212817060903527
8.214272936832677,8.214343051811259,8.214366423538332,8.214343051811259,8.214272936832677
8.21576137611129,8.21583151071389,8.215854888982333,8.21583151071389,8.21576137611129
8.217282389709032,8.217352544366763,8.217375929320282,8.217352544366763,8.217282389709032
8.218835988837911,8.218906163982128,8.218929555764507,8.218906163982128,8.218835988837911
8.220422184952437,8.220492381014738,8.220515779769842,8.220492381014738,8.220422184952437
8.222040989749756,8.22211120716199,8.222134613033774,8.22211120716199,8.222040989749756
8.223692415169813,8.223762654364087,8.223786067496585,8.223762654364087,8.223692415169813
8.2253764733955,8.225446734804184,8.225470155341517,8.225446734804184,8.2253764733955
8.227093176852826,8.227163460908546,8.227186888994929,8.227163460908546,8.227093176852826
8.228842538211058,8.228912845346725,8.228936281126458,8.228912845346725,8.228842538211058
8.230624570382915,8.230694901031706,8.230718344649183,8.230694901031706,8.230624570382915
8.232439286524706,8.232509641120085,8.232533092719798,8.232509641120085,8.232439286524706
8.234286700036524,8.234357079012245,8.234380538738776,8.234357079012245,8.234286700036524
8.23616682456241,8.236237228352518,8.236260696350547,8.236237228352518,8.23616682456241
8.238079673990537,8.23815010302937,8.23817357944368,8.23815010302937,8.238079673990537
8.240025262453383,8.240095717175585,8.240119202151057,8.240095717175585,8.240025262453383
8.242003604327918,8.242074085168442,8.242097578850062,8.242074085168442,8.242003604327918
8.244014714235798,8.24408522162991,8.244108724162768,8.24408522162991,8.244014714235798
8.246058607043548,8.246129141426831,8.246152652956123,8.246129141426831,8.246058607043548
8.248135297862756,8.248205859671122,8.248229380342151,8.248205859671122,8.248135297862756
8.250244802050277,8.250315391719964,8.250338921678143,8.250315391719964,8.250244802050277
8.252387135208426,8.252457753176005,8.25248129256686,8.252457753176005,8.252387135208426
8.25456231318518,8.254632959887566,8.254656508856733,8.254632959887566,8.25456231318518
8.256770352074396,8.256841027948845,8.25686458664208,8.256841027948845,8.256770352074396
8.259011268216007,8.259081973700129,8.2591055422633,8.259081973700129,8.259011268216007
8.261285078196245,8.261355813728004,8.261379392307099,8.261355813728004,8.261285078196245
8.26359179884785,8.263662564865571,8.263686153606704,8.263662564865573,8.26359179884785
8.2659314472503,8.26600224419267,8.266025843242073,8.26600224419268,8.2659314472503
8.268304040730017,8.268374869036094,8.268398478540133,8.268374869036132,8.268304040730017
8.270709596860614,8.270780456969801,8.270804077074992,8.270780456969938,8.270709596860614
8.273148133463108,8.273219025815091,8.273242656668177,8.273219025815596,8.273148133463108
8.275619668606154,8.27569059364064,8.275714235388866,8.27569059364253,8.275619668606154
8.278124220606292,8.278195178761997,8.278218831554119,8.278195178769046,8.278124220606292
8.280661808028174,8.28073279973905,8.28075646372912,8.280732799765357,8.280661808028174
8.283232449684808,8.28330347536596,8.283327150727416,8.283303475464137,8.283232449684807
8.285836164637805,8.285907224632897,8.28593091161116,8.285907224999304,8.285836164637798
8.288472972197571,8.288544066582578,8.288567765691306,8.288544067950035,8.288472972197546
8.291142891923297,8.291214019774333,8.291237732527593,8.291214024877778,8.291142891923204
8.293845943621685,8.293917100283814,8.293940831927216,8.293917119330224,8.293845943621342
8.296582147338096,8.29665331424036,8.29667708393586,8.296653385322895,8.296582147336816
8.299351523303537,8.299422629994622,8.299446508784182,8.299422895279598,8.29935152329876
8.302154091623363,8.302224874358194,8.302249126574637,8.302225864420242,8.302154091605535
8.304989870457614,8.305059346019029,8.305084955454863,8.305063040999688,8.304989870391074
8.30785886539937,8.307923376609898,8.307954000970158,8.30793716653559,8.307858865151008
8.310761007511271,8.310806982836333,8.310856194003858,8.310858447801442,8.310761006584249
8.309294598298472,8.31367303794432,8.313791029066257,8.313865108786075,8.309301492334967
