2.3850504473860976,2.38506455152676,2.3850745368783093,2.38506455152676,2.3850504473860976
2.385036343245435,2.3850662991960356,2.3850762845758045,2.3850662991960356,2.385036343245435
2.385074535905554,2.385104492903701,2.3851144786326564,2.385104492903701,2.385074535905554
2.3851491746580353,2.3851791336666626,2.3851891200657866,2.3851791336666626,2.3851491746580353
2.385260261269701,2.3852902232518405,2.385300210642149,2.3852902232518405,2.385260261269701
2.385407798257419,2.3854377641762476,2.3854477528788025,2.3854377641762476,2.385407798257419
2.3855917888882168,2.3856217597070986,2.3856317500430264,2.3856217597070986,2.3855917888882168
2.385812237179425,2.385842213861958,2.385852206152463,2.385842213861958,2.385812237179425
2.3860691478988594,2.3860991314089217,2.3861091259753,2.3860991314089217,2.3860691478988594
2.3863625265650374,2.3863925178668306,2.3864025150304866,2.3863925178668306,2.3863625265650374
2.386692379447426,2.38672237950552,2.3867323795879827,2.38672237950552,2.386692379447426
2.387058713566728,2.3870887233461078,2.3870987266690413,2.3870887233461078,2.387058713566728
2.387461536695199,2.3874915571613085,2.3875015640465325,2.3874915571613085,2.387461536695199
2.387900857357004,2.3879308894757916,2.3879409002452934,2.3879308894757916,2.387900857357004
2.3883766848286054,2.388406729566568,2.3884167445425177,2.388406729566568,2.3883766848286054
2.388889029139183,2.3889190874634134,2.38892910696818,2.3889190874634134,2.388889029139183
2.389437901071095,2.389467973949327,2.389477998305491,2.389467973949327,2.389437901071095
2.390023312160372,2.390053400561022,2.3900634300913945,2.390053400561022,2.390023312160372
2.390645274697239,2.3906753795894553,2.3906854146170895,2.3906753795894553,2.390645274697239
2.3913038017266803,2.3913339240803864,2.391343964928595,2.3913339240803864,2.3913038017266803
2.391998907049038,2.3920290478349773,2.3920390948273456,2.3920290478349773,2.391998907049038
2.392730605220638,2.3927607654104213,2.3927708188708237,2.3927607654104213,2.392730605220638
2.393498911554461,2.3935290921206103,2.393539152373225,2.3935290921206103,2.393498911554461
2.3943038421208396,2.3943340440368335,2.394344111406158,2.3943340440368335,2.3943038421208396
2.395145413748198,2.3951756379885163,2.3951857127993805,2.3951756379885163,2.395145413748198
2.396023644023815,2.396053891563987,2.3960639741415726,2.396053891563987,2.396023644023815
2.3969385512946384,2.3969688231112842,2.396978913781136,2.3969688231112842,2.3969385512946384
2.397890154668117,2.3979204517389965,2.397930550827037,2.3979204517389965,2.397890154668117
2.398878474013079,2.3989087973171355,2.3989189051496846,2.3989087973171355,2.398878474013079
2.399903529960641,2.3999338804780463,2.399943997381833,2.3999338804780463,2.399903529960641
2.4009653439051517,2.400995722617354,2.4010058489195307,2.400995722617354,2.4009653439051517
2.4020639380051714,2.4020943458949384,2.4021044819230997,2.4020943458949384,2.4020639380051714
2.403199335184486,2.403229773235952,2.403239919318147,2.403229773235952,2.403199335184486
2.4043715591331565,2.4044020283318686,2.404412184796616,2.4044020283318686,2.4043715591331565
2.4055806343086026,2.405611135641563,2.4056213028178695,2.405611135641563,2.4055806343086026
2.4068265859367215,2.4068571203924374,2.4068672986098085,2.4068571203924374,2.4068265859367215
2.408109440013041,2.408140008581569,2.408150198170029,2.408140008581569,2.408109440013041
2.4094292233039125,2.409459826976903,2.4094700282670054,2.409459826976903,2.4094292233039125
2.4107859633477275,2.410816603118473,2.41082681644132,2.410816603118473,2.4107859633477275
2.412179688456186,2.412210365319664,2.4122205910069185,2.412210365319664,2.412179688456186
2.4136104277155805,2.413641142668503,2.413651381052408,2.413641142668503,2.4136104277155805
2.4150782109881352,2.415108965028992,2.415119216442381,2.415108965028992,2.4150782109881352
2.4165830689133627,2.4166138630424685,2.416624127818785,2.4166138630424685,2.4165830689133627
2.4181250329094675,2.4181558681290083,2.4181661466023185,2.4181558681290083,2.4181250329094675
2.4197041351747797,2.4197350124888595,2.419745304993868,2.4197350124888595,2.4197041351747797
2.4213204086892253,2.421351329103911,2.4213616359759786,2.421351329103911,2.4213204086892253
2.422973887215832,2.4230048517391998,2.423015173314356,2.4230048517391998,2.422973887215832
2.424664605302269,2.4246956149444516,2.424705951559413,2.4246956149444516,2.424664605302269
2.426392598282423,2.4264236540556565,2.426434006047838,2.4264236540556565,2.426392598282423
2.4281579022780106,2.4281890051966792,2.4281993729042144,2.4281890051966792,2.4281579022780106
2.4299605542002225,2.4299917052809086,2.4300020890426617,2.4299917052809086,2.4299605542002225
2.431800591751412,2.4318317920129364,2.431842192168519,2.4318317920129364,2.431800591751412
2.433678053426803,2.4337093038902786,2.4337197207800676,2.4337093038902786,2.433678053426803
2.4355929785162527,2.4356242802051282,2.4356347141702757,2.4356242802051282,2.4355929785162527
2.437545407106035,2.4375767610461407,2.4375872124285953,2.4375767610461407,2.437545407106035
2.4395353800806663,2.439566787300263,2.4395772564427824,2.439566787300263,2.4395353800806663
2.441562939124766,2.4415944006545915,2.44160488790076,2.4415944006545915,2.441562939124766
2.4436281267249536,2.4436596435982674,2.44367014929251,2.4436596435982674,2.4436281267249536
2.4457309861717764,2.445762559424412,2.4457730839120098,2.445762559424412,2.4457309861717764
2.4478715615616817,2.447903192232089,2.4479137358591965,2.447903192232089,2.4478715615616817
2.4500498977990155,2.4500815869283112,2.450092150041972,2.4500815869283112,2.4500498977990155
2.4522660405980665,2.4522977892300792,2.4523083721782406,2.4522977892300792,2.4522660405980665
2.454520036485138,2.4545518456664563,2.4545624487979865,2.4545518456664563,2.454520036485138
2.4568119328006577,2.4568438035806803,2.4568544272453825,2.4568438035806803,2.4568119328006577
2.45914177770133,2.4591737111323084,2.4591843556809394,2.4591737111323084,2.45914177770133
2.461509620162313,2.461541617299406,2.4615522830836873,2.461541617299406,2.461509620162313
2.4639155099794428,2.463947571880758,2.463958259253398,2.463947571880758,2.4639155099794428
2.4663594977714878,2.4663916254981326,2.4664023348128388,2.4663916254981326,2.4663594977714878
2.468841634982439,2.4688738295985684,2.4688845612100634,2.4688738295985684,2.468841634982439
2.471361973883839,2.471394236456705,2.4714049907207434,2.471394236456705,2.471361973883839
2.473920567577148,2.473952899177145,2.4739636764505306,2.473952899177145,2.473920567577148
2.476517469996144,2.476549871696859,2.4765606723374587,2.47654987169686,2.476517469996144
2.479152735909361,2.4791852087876203,2.479196033154382,2.479185208787624,2.479152735909361
2.48182642092256,2.4818589660584767,2.481869814511449,2.481858966058491,2.48182642092256
2.484538581481244,2.484571199958261,2.484582072858613,2.4845711999583138,2.484538581481244
2.4872892748732047,2.4873219677781093,2.487332865488181,2.487321967778308,2.4872892748732047
2.490078559231104,2.490111327653977,2.4901222505373974,2.490111327654718,2.490078559231104
2.492906493535098,2.49293933856896,2.4929502869910647,2.492939338571728,2.4929064935350977
2.4957731376154957,2.4958060603548766,2.495817034684202,2.4958060603652057,2.4957731376154952
2.4986785521554515,2.4987115536908977,2.4987225543047447,2.4987115537294473,2.49867855215545
2.5016227986937114,2.5016558800911604,2.501666907396278,2.5016558802350293,2.501622798693706
2.504605939627418,2.504639101851046,2.504650156360853,2.504639102387978,2.5046059396273987
2.507628038215167,2.5076612818391033,2.5076723644620276,2.5076612838429826,2.507628038215096
2.5106891585812674,2.5107224827123544,2.5107335958290995,2.5107224901910126,2.510689158581002
2.5137893657268093,2.5138227639770814,2.513833915468074,2.5138227918881046,2.5137893657258177
2.5169287255801116,2.516962170994665,2.516973389311717,2.5169622751611094,2.516928725576409
2.5201073052758556,2.5201406938436106,2.520152084497223,2.5201410826021364,2.520107305262027
2.5233251747647247,2.523358113205013,2.523370070970359,2.5233595640867548,2.5233251747130794
2.5265824161692874,2.526613421828496,2.5266274308206995,2.5266188366495332,2.526582415976404
2.5298791782570995,2.5299026458190976,2.529924312676872,2.52992285441793,2.5298791775367233
2.53321599376036,2.533210599449477,2.5332612487311756,2.533286019757365,2.5332159910698997
2.5315366936176833,2.5364794487744957,2.5366410024834414,2.536760924147011,2.5315467952249873
