5.379592131032847,5.379627775985041,5.379668156514588,5.379627775985041,5.379592131032847
5.379556486080654,5.379677628501878,5.3797180096402855,5.379677628501878,5.379556486080654
5.379668152906204,5.379789299464719,5.37982968198224,5.379789299464719,5.379668152906204
5.379841638081533,5.37996279108819,5.380003175755122,5.37996279108819,5.379841638081533
5.3800769451694475,5.380198106935324,5.380238494522033,5.380198106935324,5.3800769451694475
5.380374079081213,5.380495251917697,5.3805356431946585,5.380495251917697,5.380374079081213
5.380733046076754,5.380854232295626,5.3808946280334435,5.380854232295626,5.380733046076754
5.381153853764888,5.3812750556784055,5.381315456647842,5.3812750556784055,5.381153853764888
5.381636511103624,5.381757731024603,5.3817981379966096,5.381757731024603,5.381636511103624
5.382181028400499,5.382302268642404,5.382342682388141,5.382302268642404,5.382181028400499
5.382787417312986,5.382908680190006,5.382949101480886,5.382908680190006,5.382787417312986
5.383455690848943,5.383576978676077,5.383617408283773,5.383576978676077,5.383455690848943
5.3841858633671,5.384307178460245,5.384347617156735,5.384307178460245,5.3841858633671
5.384977950577631,5.385099295253664,5.385139743811249,5.385099295253664,5.384977950577631
5.385831969542748,5.385953346119606,5.385993805310942,5.385953346119606,5.385831969542748
5.386747938677359,5.386869349474127,5.386909820072256,5.386869349474127,5.386747938677359
5.387725877749782,5.387847325086778,5.387887807865146,5.387847325086778,5.387725877749782
5.388765807882503,5.388887294081356,5.388927789813853,5.388887294081356,5.388765807882503
5.3898677515529885,5.3899892789367305,5.390029788397709,5.3899892789367305,5.3898677515529885
5.391031732594556,5.3911533034877,5.391193827452008,5.3911533034877,5.391031732594556
5.392257776197283,5.3923793929259105,5.39241993216892,5.3923793929259105,5.392257776197283
5.393545908908992,5.393667573800833,5.3937081290984645,5.393667573800833,5.393545908908992
5.3948961586362545,5.3950178740207795,5.395058446149534,5.3950178740207795,5.3948961586362545
5.396308554645481,5.396430322853979,5.396470912590963,5.396430322853979,5.396308554645481
5.39778312756404,5.397904950929706,5.397945559052659,5.397904950929706,5.39778312756404
5.3993199093814415,5.399441790239458,5.399482417526789,5.399441790239458,5.3993199093814415
5.400918933450564,5.401040874138193,5.401081521368997,5.401040874138193,5.400918933450564
5.40258023448895,5.402702237345608,5.402742905299703,5.402702237345608,5.40258023448895
5.404303848580131,5.4044259159474795,5.404466605405428,5.4044259159474795,5.404303848580131
5.406089813175022,5.406211947397054,5.4062526591402005,5.406211947397054,5.406089813175022
5.407938167093371,5.408060370516492,5.408101105326981,5.408060370516492,5.407938167093371
5.409848950525242,5.409971225498361,5.410011984159171,5.409971225498361,5.409848950525242
5.411822205032576,5.411944553907183,5.4119853372021565,5.411944553907183,5.411822205032576
5.413857973550785,5.413980398681045,5.414021207394912,5.413980398681045,5.413857973550785
5.415956300390411,5.416078804133239,5.416119639051651,5.416078804133239,5.415956300390411
5.418117231238824,5.418239815953986,5.418280677863541,5.418239815953986,5.418117231238824
5.420340813162003,5.420463481212185,5.420504370900455,5.420463481212185,5.420340813162003
5.422627094606324,5.422749848357231,5.422790766612798,5.422749848357231,5.422627094606324
5.424976125400454,5.4250989672208885,5.4251399148333626,5.4250989672208885,5.424976125400454
5.427387956757251,5.427510889019205,5.427551866779262,5.427510889019205,5.427387956757251
5.429862641275752,5.42998566635449,5.4300266750538935,5.42998566635449,5.429862641275752
5.432400232943197,5.432523353217343,5.432564393648979,5.432523353217343,5.432400232943197
5.435000787137107,5.435124004988732,5.435165077946637,5.435124004988732,5.435000787137107
5.437664360627432,5.43778767844214,5.437828784721523,5.43778767844214,5.437664360627432
5.440391011578722,5.440514431745742,5.4405555721430225,5.440514431745742,5.440391011578722
5.443180799552395,5.443304324464656,5.443345499777494,5.443304324464656,5.443180799552395
5.446033785509016,5.446157417563251,5.4461986285905635,5.446157417563251,5.446033785509016
5.448950031810656,5.449073773407479,5.449115020949483,5.449073773407479,5.448950031810656
5.451929602223304,5.452053455767298,5.452094740625531,5.452053455767298,5.451929602223304
5.454972561919321,5.455096529819131,5.455137852796487,5.455096529819131,5.454972561919321
5.458078977479959,5.458203062148376,5.45824442404913,5.458203062148376,5.458078977479959
5.461248916897934,5.461373120751988,5.461414522381827,5.461373120751988,5.461248916897934
5.464482449580053,5.464606775041096,5.464648217207148,5.464606775041096,5.464482449580053
5.467779646349888,5.4679040958436875,5.467945579354554,5.4679040958436875,5.467779646349888
5.471140579450523,5.471265155407348,5.471306681073129,5.471265155407348,5.471140579450523
5.474565322547332,5.474690027402046,5.474731596034373,5.474690027402046,5.474565322547332
5.478053950730839,5.478178786922986,5.478220399335052,5.478178786922986,5.478053950730839
5.481606540519613,5.481731510493508,5.481773167500096,5.481731510493508,5.481606540519613
5.485223169863228,5.485348276068047,5.485389978485561,5.485348276068047,5.485223169863228
5.488903918145277,5.489029163035149,5.489070911681643,5.489029163035149,5.488903918145277
5.492648866186442,5.492774252220539,5.492816047915746,5.492774252220539,5.492648866186442
5.496458096247621,5.4965836258902465,5.496625469455615,5.4965836258902465,5.496458096247621
5.50033169203311,5.500457367753791,5.500499260012509,5.500457367753791,5.50033169203311
5.504269738693842,5.5043955629674235,5.504437504744447,5.5043955629674235,5.504269738693842
5.508272322830684,5.508398298137414,5.508440290259506,5.508398298137414,5.508272322830684
5.512339532497784,5.512465661323414,5.512507704619168,5.512465661323414,5.512339532497784
5.516471457205991,5.516597742041857,5.516639837341732,5.516597742041857,5.516471457205991
5.5206681879263115,5.520794631269437,5.5208367794057835,5.520794631269437,5.5206681879263115
5.524929817093439,5.525056421446619,5.525098623253715,5.525056421446619,5.524929817093439
5.529256438609331,5.5293832064812305,5.529425462795309,5.5293832064812305,5.529256438609331
5.533648147846852,5.533775081752097,5.533817393411379,5.533775081752097,5.533648147846852
5.538105041653469,5.538232144112741,5.538274511957464,5.538232144112742,5.538105041653469
5.542627218355008,5.542754491895133,5.542796916767587,5.542754491895137,5.542627218355008
5.547214777759461,5.54734222491351,5.5473847076580665,5.54734222491352,5.547214777759461
5.551867821160863,5.5519954444682345,5.552037985931384,5.551995444468273,5.551867821160863
5.556586451343225,5.556714253349721,5.556756854380126,5.556714253349861,5.556586451343225
5.561370772584511,5.56149875584236,5.561541417290959,5.561498755842878,5.561370772584511
5.5662208906606985,5.566349057728369,5.566391780448689,5.566349057730304,5.5662208906606985
5.571136912849877,5.571265266291143,5.571308051140362,5.571265266298365,5.571136912849877
5.57611894793641,5.576247490316591,5.576290338159424,5.57624749034354,5.5761189479364095
5.581167106215125,5.581295840086822,5.581338751809919,5.581295840187398,5.58116710621512
5.586281499495398,5.586410427345189,5.586453403910553,5.5864104277205495,5.586281499495379
5.591462241104293,5.591591365154573,5.5916344077978515,5.5915913665554555,5.591462241104221
5.596709445883963,5.596838767359236,5.596881878323517,5.596838772587477,5.596709445883694
5.602023230155207,5.6021527465791525,5.602195931817882,5.602152766091484,5.602023230154203
5.607403711483328,5.607533406798511,5.607576685855393,5.607533479620534,5.607403711479579
5.612851007290843,5.612980816194036,5.613024257865922,5.612981087973306,5.612851007276846
5.618365226746553,5.618494908635875,5.618538757018757,5.618495922944032,5.618365226694296
5.623946423457473,5.624075133090065,5.624120236896495,5.62407891859234,5.623946423262368
5.629594319670403,5.629719244362855,5.629768419634432,5.629733372246446,5.629594318941957
5.6353066986108455,5.635419368338557,5.63548108805767,5.635472095052593,5.635306695891091
5.6324257744910495,5.6411506877235045,5.641244714308082,5.641347469242298,5.632432835718903
