3.8794482766268477,3.8794721677615285,3.879495955843007,3.8794721677615285,3.8794482766268477
3.8794243854921673,3.8794957499923095,3.879519538333697,3.8794957499923095,3.8794243854921673
3.879495953739991,3.8795673206044627,3.8795911097339695,3.8795673206044627,3.879495953739991
3.8796155103705185,3.8796868811840097,3.879710671629872,3.8796868811840097,3.8796155103705185
3.8797830580289263,3.8798544343762806,3.879878226666788,3.8798544343762806,3.8797830580289263
3.879998600419747,3.8800699838860218,3.8800937785495333,3.8800699838860218,3.879998600419747
3.8802621423070085,3.880333534477539,3.8803573320425055,3.880333534477539,3.8802621423070085
3.8805736895144216,3.8806450919748787,3.880668892969866,3.8806450919748787,3.8805736895144216
3.8809332489256048,3.8810046632620603,3.881028468215764,3.8810046632620603,3.8809332489256048
3.881340828484352,3.881412256283335,3.881436065724607,3.881412256283335,3.881340828484352
3.88179643719494,3.8818678800435045,3.881891694501368,3.8818678800435045,3.88179643719494
3.882300085122477,3.88237154460826,3.8823953646119334,3.88237154460826,3.882300085122477
3.882851783393298,3.8829232611045796,3.8829470871834983,3.8829232611045796,3.882851783393298
3.883451544195392,3.8835230417211597,3.8835468744049924,3.8835230417211597,3.883451544195392
3.884099380778877,3.884170899708887,3.884194739527559,3.884170899708887,3.884099380778877
3.8847953074565145,3.8848668493813516,3.8848906968650647,3.8848668493813516,3.8847953074565145
3.885539339604265,3.885610906115407,3.88563476179466,3.885610906115407,3.885539339604265
3.886331493661885,3.8864030863517622,3.8864269507573734,3.8864030863517622,3.886331493661885
3.8871717871335694,3.887243407595626,3.8872672812587483,3.887243407595626,3.8871717871335694
3.8880602385886225,3.88813188841738,3.8881557718695294,3.88813188841738,3.8880602385886225
3.8889968676621893,3.8890685484533076,3.889092442226377,3.8890685484533076,3.8889968676621893
3.8899816950560098,3.8900534084063496,3.8900773130326325,3.8900534084063496,3.8899816950560098
3.8910147425392285,3.8910864900469138,3.8911104060591253,3.8910864900469138,3.8910147425392285
3.8920960329492402,3.892167816213718,3.8921917441450136,3.892167816213718,3.8920960329492402
3.8932255901925745,3.8932974108146783,3.893321351198676,3.8932974108146783,3.8932255901925745
3.8944034392458233,3.894475298827836,3.8944992521986386,3.894475298827836,3.8944034392458233
3.895629606156618,3.895701506302333,3.8957254731945428,3.895701506302333,3.895629606156618
3.8969041180446333,3.8969760603594175,3.897000041308166,3.8969760603594175,3.8969041180446333
3.898227003102648,3.8982989891935045,3.898322984734465,3.8982989891935045,3.898227003102648
3.8995982905976376,3.8996703220732654,3.899694332742677,3.8996703220732654,3.8995982905976376
3.9010180108719106,3.901090089342771,3.9011141156774625,3.901090089342771,3.9010180108719106
3.9024861953442893,3.9025583224226663,3.9025823649600726,3.9025583224226663,3.9024861953442893
3.9040028765113335,3.904075053811396,3.9040991130895804,3.904075053811396,3.9040028765113335
3.9055680879485988,3.9056403170864655,3.90566439364414,3.9056403170864655,3.9055680879485988
3.907181864311945,3.9072541469057454,3.9072782412822944,3.9072541469057454,3.907181864311945
3.9088442413388855,3.9089165790088214,3.908940691744319,3.9089165790088214,3.9088442413388855
3.9105552558499688,3.9106276502183834,3.9106517818536175,3.9106276502183834,3.9105552558499688
3.912314945750223,3.912387398441656,3.912411549518147,3.912387398441656,3.912314945750223
3.914123350030618,3.9141958626718747,3.9142200337318975,3.9141958626718747,3.914123350030618
3.9159805087695863,3.9160530829897993,3.9160772745764065,3.9160530829897993,3.9159805087695863
3.917886463134587,3.9179591005652785,3.917983313222316,3.9179591005652785,3.917886463134587
3.9198412553836977,3.919913957658844,3.9199381919309806,3.919913957658844,3.9198412553836977
3.9218449288672677,3.921917697623363,3.921941954056101,3.921917697623363,3.9218449288672677
3.9238975280295962,3.9239703649057174,3.9239946440454236,3.9239703649057174,3.9238975280295962
3.9259990984106703,3.926072005048537,3.926096307442459,3.926072005048537,3.9259990984106703
3.928149686647928,3.9282226646919725,3.92824699088826,3.9282226646919725,3.928149686647928
3.930349340478082,3.9304223915755077,3.9304467421232374,3.9304223915755077,3.930349340478082
3.932598108738972,3.9326712345398214,3.932695609989013,3.9326712345398214,3.932598108738972
3.934896041371468,3.934969243528685,3.9349936444303277,3.934969243528685,3.934896041371468
3.9372431894214146,3.9373164695909098,3.9373408964969814,3.9373164695909098,3.9372431894214146
3.939639605041616,3.9397129648823324,3.939737418345821,3.9397129648823324,3.939639605041616
3.942085341493871,3.9421587826678492,3.9421832632427747,3.9421587826678492,3.942085341493871
3.944580453151046,3.944653977323485,3.9446784855649213,3.944653977323485,3.944580453151046
3.947124995499189,3.9471986043385163,3.9472231408026137,3.9471986043385163,3.947124995499189
3.949719025139698,3.9497927203176313,3.9498172855616356,3.9497927203176313,3.949719025139698
3.9523625997915164,3.952436382983133,3.952460977565411,3.952436382983133,3.9523625997915164
3.9550557782933944,3.9551296511771916,3.95515427565725,3.9551296511771916,3.9550557782933944
3.95779862060617,3.9578725848641354,3.9578972398026435,3.9578725848641354,3.95779862060617
3.9605911878151123,3.9606652451327875,3.9606899310916,3.9606652451327875,3.9605911878151123
3.963433542132303,3.9635076941988494,3.963532411741027,3.9635076941988494,3.963433542132303
3.9663257468990576,3.9663999954073232,3.9664247450971577,3.9663999954073232,3.9663257468990576
3.9692678665883996,3.969342213234987,3.9693669956380173,3.969342213234987,3.9692678665883996
3.9722599668075693,3.9723344132929004,3.972359228975943,3.9723344132929004,3.9722599668075693
3.9753021143005904,3.975376662328972,3.9754015118601354,3.975376662328972,3.9753021143005904
3.9783943769508627,3.9784690282305566,3.9784939121792697,3.9784690282305566,3.9783943769508627
3.9815368237838227,3.9816115800271095,3.9816364989641393,3.9816115800271095,3.9815368237838227
3.9847295249696244,3.9848043878928747,3.9848293423903534,3.9848043878928747,3.9847295249696244
3.9879725518258886,3.988047523149627,3.9880725137810695,3.988047523149627,3.9879725518258886
3.9912659768204786,3.9913410582694535,3.991366085609784,3.9913410582694535,3.9912659768204786
3.9946098735743334,3.994685066877584,3.9947101315031555,3.994685066877584,3.9946098735743334
3.9980043168643395,3.998079623755263,3.998104726243884,3.9980796237552654,3.9980043168643395
4.001449382626253,4.001524804842675,4.001549945773629,4.00152480484268,4.001449382626253
4.004945147957666,4.005020687241902,4.005045867195974,4.00502068724192,4.004945147957666
4.008491691121011,4.008567349219929,4.008592568779443,4.008567349219998,4.008491691121011
4.0120890915466285,4.01216487021168,4.012190129960553,4.012164870211939,4.0120890915466285
4.015737429835868,4.015813330823014,4.015838631346919,4.015813330823983,4.015737429835868
4.01943678776423,4.019512812833499,4.019538154720411,4.019512812837112,4.01943678776423
4.023187248284573,4.023263399198186,4.023288783040341,4.023263399211675,4.0231872482845725
4.026988895530354,4.02706517404557,4.027090600446714,4.027065174095913,4.026988895530351
4.030841814818913,4.030918222661121,4.030943692263511,4.0309182228490075,4.0308418148189045
4.03474609265481,4.034822631416924,4.034848145002024,4.034822632118131,4.034746092654779
4.038701816733181,4.038778487500004,4.038804046364193,4.038778490116979,4.038701816733064
4.042709075942948,4.042785877889331,4.04281148524578,4.042785887656142,4.04270907594251
4.046767960368981,4.046844885529086,4.046870551738353,4.046844921979791,4.0467679603673465
4.050878561287538,4.050955575040595,4.0509813371240915,4.0509557110782435,4.050878561281434
4.055040971121391,4.055117939406573,4.055143933828502,4.055118447112567,4.055040971098601
4.059255283156008,4.05933170108827,4.059358435127681,4.059333595897418,4.059255283070912
4.063521589849222,4.063595570386424,4.063624933424617,4.063602642002212,4.063521589531487
4.06783997289142,4.067904481181847,4.067943510185023,4.067930873153943,4.067839971705047
4.072210444992614,4.07223929554071,4.07231417726098,4.072337793001031,4.072210440562853
4.076632609596832,4.076528503283832,4.076736534880509,4.076896105587819,4.076632593056591
4.0743839899635,4.080505997952699,4.081207778238391,4.081877926267346,4.074433222152791
