5.326340239976451,5.326352316476668,5.326364545726304,5.326352316476668,5.326340239976451
5.3263281634762345,5.326364851274461,5.32637708057127,5.326364851274461,5.3263281634762345
5.326364545361044,5.326401233570964,5.326413463005006,5.326401233570964,5.326364545361044
5.326424774743748,5.3264614636355425,5.326473693296877,5.3264614636355425,5.326424774743748
5.3265088520721955,5.3265455419160554,5.326557771894746,5.3265455419160554,5.3265088520721955
5.326616777972738,5.326653469038865,5.326665699424979,5.326653469038865,5.326616777972738
5.326748553250235,5.326785245808846,5.326797476692457,5.326785245808846,5.326748553250235
5.326904178888061,5.326940873209392,5.32695310468058,5.326940873209392,5.326904178888061
5.327083656048121,5.327120352402435,5.327132584551286,5.327120352402435,5.327083656048121
5.327286986070869,5.3273236847284515,5.327335917645063,5.3273236847284515,5.327286986070869
5.327514170475323,5.32755087170649,5.327563105480966,5.32755087170649,5.327514170475323
5.327765210959079,5.32780191503418,5.327814149756639,5.32780191503418,5.327765210959079
5.328040109398342,5.328076816587765,5.328089052348335,5.328076816587765,5.328040109398342
5.328338867847948,5.328375578422119,5.328387815310944,5.328375578422119,5.328338867847948
5.328661488541386,5.328698202770778,5.328710440878015,5.328698202770778,5.328661488541386
5.3290079738908345,5.329044692045966,5.329056931461788,5.329044692045966,5.3290079738908345
5.329378326487188,5.329415048838627,5.329427289653226,5.329415048838627,5.329378326487188
5.329772549100091,5.329809275918464,5.329821518222046,5.329809275918464,5.329772549100091
5.330190644677977,5.330227376233966,5.33023962011676,5.330227376233966,5.330190644677977
5.330632616348105,5.3306693529124525,5.330681598464707,5.3306693529124525,5.330632616348105
5.331098467416598,5.3311352092601165,5.331147456572102,5.3311352092601165,5.331098467416598
5.331588201368494,5.33162494876206,5.331637197924069,5.33162494876206,5.331588201368494
5.332101821867784,5.332138575082345,5.332150826184694,5.332138575082345,5.332101821867784
5.332639332757458,5.332676092064042,5.332688345197074,5.332676092064042,5.332639332757458
5.333200738059565,5.3332375037292765,5.333249758983362,5.3332375037292765,5.333200738059565
5.333786041975261,5.333822814279285,5.333835071744818,5.333822814279285,5.333786041975261
5.334395248884853,5.334432028094467,5.3344442878618725,5.334432028094467,5.334395248884853
5.335028363347878,5.335065149734443,5.335077411894176,5.335065149734443,5.335028363347878
5.33568539010314,5.335722183938114,5.335734448580661,5.335722183938114,5.33568539010314
5.336366334068791,5.336403135623727,5.336415402839605,5.336403135623727,5.336366334068791
5.337071200342379,5.337108009888931,5.337120279768693,5.337108009888931,5.337071200342379
5.3377999942009255,5.337836812010853,5.337849084645086,5.337836812010853,5.3377999942009255
5.338552721100992,5.33858954744616,5.338601822925486,5.33858954744616,5.338552721100992
5.3393293866787515,5.339366221831135,5.339378500246211,5.339366221831135,5.3393293866787515
5.3401299967500515,5.340166840981744,5.34017912242327,5.340166840981744,5.3401299967500515
5.3409545573105115,5.34099141089372,5.3410036954524305,5.34099141089372,5.3409545573105115
5.341803074535579,5.341839937742635,5.34185222550931,5.341839937742635,5.341803074535579
5.342675554780627,5.342712427883987,5.342724718949444,5.342712427883987,5.342675554780627
5.343572004581026,5.343608887853274,5.343621182308375,5.343608887853274,5.343572004581026
5.3444924306522354,5.344529324366088,5.34454162230174,5.344529324366088,5.3444924306522354
5.345436839889889,5.345473744318198,5.345486045825353,5.345473744318198,5.345436839889889
5.346405239369883,5.3464421547856436,5.346454459955297,5.3464421547856436,5.346405239369883
5.347397636348475,5.3474345630248195,5.3474468719480175,5.3474345630248195,5.347397636348475
5.34841403826237,5.348450976472582,5.348463289240418,5.348450976472582,5.34841403826237
5.349454452728823,5.349491402746333,5.349503719449954,5.349491402746333,5.349454452728823
5.35051888754574,5.3505558496441346,5.350568170374732,5.3505558496441346,5.35051888754574
5.3516073506917765,5.351644325144798,5.351656649993623,5.351644325144798,5.3516073506917765
5.352719850326442,5.352756837407991,5.352769166466345,5.352756837407991,5.352719850326442
5.3538563947902045,5.35389339477435,5.353905728133588,5.35389339477435,5.3538563947902045
5.355016992604606,5.3550540057655835,5.355066343517119,5.3550540057655835,5.355016992604606
5.356201652472367,5.356238679084585,5.356251021319886,5.356238679084585,5.356201652472367
5.357410383277506,5.357447423615545,5.357459770426139,5.357447423615545,5.357410383277506
5.358643194085449,5.35868024842407,5.358692599901547,5.35868024842407,5.358643194085449
5.359900094143156,5.359937162757302,5.3599495189933055,5.359937162757302,5.359900094143156
5.361181092879233,5.361218176044033,5.361230537130276,5.361218176044033,5.361181092879233
5.362486199904063,5.362523297894834,5.362535663923089,5.362523297894834,5.362486199904063
5.363815425009924,5.3638525381021775,5.363864909164283,5.3638525381021775,5.363815425009924
5.365168778171128,5.365205906640572,5.36521828282843,5.365205906640572,5.365168778171128
5.366546269544138,5.366583413666679,5.36659579507226,5.366583413666679,5.366546269544138
5.367947909467709,5.36798506951946,5.3679974562348,5.36798506951946,5.367947909467709
5.36937370846302,5.369410884720301,5.369423276837509,5.369410884720301,5.36937370846302
5.370823677233819,5.370860869973159,5.370873267584409,5.370860869973159,5.370823677233819
5.372297826666549,5.372335036164693,5.372347439362235,5.372335036164693,5.372297826666549
5.373796167830504,5.373833394364413,5.373845803240569,5.373833394364413,5.373796167830504
5.375318711977962,5.375355955824823,5.375368370471988,5.375355955824823,5.375318711977962
5.376865470544342,5.376902731981565,5.376915152492211,5.376902731981565,5.376865470544342
5.378436455148348,5.378473734453573,5.378486160920246,5.378473734453573,5.378436455148348
5.380031677592124,5.380068975043223,5.380081407558546,5.380068975043223,5.380031677592124
5.381651149861404,5.381688465736483,5.381700904393161,5.381688465736483,5.381651149861404
5.383294884125671,5.383332218703081,5.383344663593895,5.383332218703082,5.383294884125671
5.384962892738318,5.3850002462966495,5.385012697514467,5.385000246296651,5.384962892738318
5.386655188236808,5.3866925610549,5.386705018692668,5.386692561054907,5.386655188236808
5.388371783342838,5.388409175699773,5.388421639850531,5.388409175699799,5.388371783342838
5.3901126909625035,5.390150103137602,5.390162573894489,5.390150103137698,5.3901126909625035
5.391877924186471,5.391915356459238,5.3919278339155525,5.391915356459597,5.391877924186471
5.393667496290146,5.393704948940089,5.3937174331894795,5.393704948941428,5.393667496290146
5.395481420733848,5.395518894039759,5.39553138517694,5.395518894044757,5.395481420733848
5.397319711162987,5.397357205400267,5.397369703523706,5.397357205418925,5.397319711162987
5.399182381408237,5.399219896838908,5.399232402060813,5.399219896908541,5.399182381408236
5.401069445485708,5.401106982321133,5.401119494804741,5.401106982581007,5.401069445485704
5.402980917597053,5.403018475858854,5.4030309959575105,5.403018476828719,5.402980917597039
5.404916812129205,5.404954391130592,5.404966919906426,5.404954394750195,5.40491681212915
5.4068771436519665,5.406914740064288,5.4069272812216305,5.406914753572888,5.40687714365176
5.408861926902984,5.408899527553232,5.40891209464101,5.408899577968238,5.408861926902216
5.410871176699087,5.410908731767114,5.410921374981228,5.410908919919301,5.410871176696223
5.412904907417985,5.412942230857908,5.412955136618308,5.412942933054514,5.412904907407296
5.414963129974049,5.414999530510096,5.41501339045926,5.415002151154996,5.414963129934149
5.41704583418212,5.4170787534882585,5.417096126290508,5.417088533911075,5.417045834033186
5.4191528859323395,5.419172905565025,5.419203209895831,5.419209406760031,5.4191528853764215
5.421283427756849,5.4212561553926175,5.421333783414014,5.42139238030465,5.421283425681793
5.420202988813552,5.423233887137098,5.423482770361483,5.423742287661202,5.420221237336135
