3.8935182329876463,3.893542281767457,3.8935662253306083,3.893542281767457,3.8935182329876463
3.893494184207836,3.8935660151551827,3.893589958980396,3.8935660151551827,3.893494184207836
3.893566223210273,3.8936380565411297,3.893662001160856,3.8936380565411297,3.893566223210273
3.8936865702111256,3.8937584075229013,3.8937823534696174,3.8937584075229013,3.8936865702111256
3.893855227873362,3.8939270707636195,3.8939510185698536,3.8939270707636195,3.893855227873362
3.89407219992551,3.894144049992031,3.8941680001903833,3.894144049992031,3.89407219992551
3.8943374911618105,3.8944093500026526,3.894433303125817,3.8944093500026526,3.8943374911618105
3.894651107442399,3.8947229766559643,3.8947469332367475,3.8947229766559643,3.894651107442399
3.895013055693545,3.895084936878636,3.895108897449979,3.895084936878636,3.895013055693545
3.8954233439079173,3.895495238663803,3.895519203758803,3.895495238663803,3.8954233439079173
3.8958819811449064,3.895953891071382,3.89597786122331,3.895953891071382,3.8958819811449064
3.896388977530976,3.8964609042284275,3.896484879970753,3.8964609042284275,3.896388977530976
3.8969443442600697,3.897016289329534,3.8970402711959427,3.897016289329534,3.8969443442600697
3.897548093594049,3.8976200586372762,3.897644047161692,3.8976200586372762,3.897548093594049
3.8982002388631782,3.8982722254826956,3.8982962211993013,3.8982722254826956,3.8982002388631782
3.898900794466652,3.898972804265826,3.898996807709083,3.898972804265826,3.898900794466652
3.899649775873169,3.899721810456264,3.899745822160935,3.899721810456264,3.899649775873169
3.900447199621533,3.9005192605937795,3.900543281094948,3.9005192605937795,3.900447199621533
3.90129308332132,3.9013651722889726,3.9013892021220626,3.9013651722889726,3.90129308332132
3.902187445653564,3.9022595642239652,3.9022836039247655,3.9022595642239652,3.902187445653564
3.9031303063715033,3.9032024561531458,3.9032265062578277,3.9032024561531458,3.9031303063715033
3.9041216863013575,3.9041938689039464,3.904217929949086,3.9041938689039464,3.9041216863013575
3.905161607343152,3.9052338243776705,3.9052578969002676,3.9052338243776705,3.905161607343152
3.9062500924715864,3.906322345550354,3.906346430087856,3.906322345550354,3.9062500924715864
3.907387165736942,3.90745945647368,3.907483553564001,3.90745945647368,3.907387165736942
3.908572852266034,3.9086451822759276,3.908669292457469,3.9086451822759276,3.908572852266034
3.909807178263206,3.9098795491629663,3.909903672974639,3.9098795491629663,3.909807178263206
3.9110901710113644,3.9111625844192934,3.9111867224005383,3.9111625844192934,3.9110901710113644
3.9124218588730635,3.9124943164091137,3.912518469099923,3.9124943164091137,3.9124218588730635
3.9138022712916225,3.9138747745774634,3.9138989425184003,3.9138747745774634,3.9138022712916225
3.915231438792293,3.915303989451374,3.915328173183594,3.915303989451374,3.915231438792293
3.9167093929834684,3.916781992641079,3.9168061927063547,3.916781992641079,3.9167093929834684
3.9182361665579335,3.9183088168412707,3.918333033782005,3.9183088168412707,3.9182361665579335
3.9198117932941576,3.919884495832385,3.919908730191642,3.919884495832385,3.9198117932941576
3.9214363080576344,3.92150906448195,3.9215333168034676,3.92150906448195,3.9214363080576344
3.9231097468022598,3.923182558745956,3.9232068295741738,3.923182558745956,3.9231097468022598
3.9248321465717564,3.9249050156702863,3.9249293055503607,3.9249050156702863,3.9248321465717564
3.92660354550114,3.926676473392179,3.92670078287001,3.926676473392179,3.92660354550114
3.928423982818227,3.9284969711417395,3.9285213007639888,3.9284969711417395,3.928423982818227
3.9302934988451925,3.9303665492434927,3.930390899557605,3.9303665492434927,3.9302934988451925
3.9322121350001624,3.9322852491179803,3.9323096206722057,3.9322852491179803,3.9322121350001624
3.9341799337988537,3.9342531132833987,3.9342775066268154,3.9342531132833987,3.9341799337988537
3.936196938856261,3.9362701853572872,3.936294601039819,3.9362701853572872,3.936196938856261
3.9382631948883793,3.938336510058248,3.938360948630691,3.938336510058248,3.9382631948883793
3.9403787477139787,3.940452133207726,3.9404765952217637,3.940452133207726,3.9403787477139787
3.9425436442564155,3.942617101731813,3.942641587740046,3.942617101731813,3.9425436442564155
3.9447579325454933,3.9448314636631174,3.9448559742190756,3.9448314636631174,3.9447579325454933
3.9470216617193623,3.9470952681426548,3.9471198038008275,3.9470952681426548,3.9470216617193623
3.949334882026468,3.9494085654218045,3.949433126737657,3.9494085654218045,3.949334882026468
3.95169764482754,3.951771406864293,3.9517959943942906,3.951771406864293,3.95169764482754
3.9541100025976266,3.9541838449482323,3.95420845924986,3.9541838449482323,3.9541100025976266
3.956572008928172,3.9566459332681942,3.9566705748999826,3.9566459332681942,3.956572008928172
3.959083718529142,3.9591577265373408,3.959182396058881,3.9591577265373408,3.959083718529142
3.961645187231188,3.961719280589582,3.9617439785615547,3.961719280589582,3.961645187231188
3.964256471987861,3.964330652381794,3.9643553793659896,3.964330652381794,3.964256471987861
3.9669176308778664,3.966991899996076,3.967016656555413,3.966991899996076,3.9669176308778664
3.969628723107367,3.969703082642047,3.9697278693405975,3.969703082642047,3.969628723107367
3.972389809012324,3.972464260659195,3.9724890780622077,3.972464260659195,3.972389809012324
3.975200950060894,3.975275495519267,3.9753003441931845,3.975275495519267,3.975200950060894
3.9780622088558593,3.978136849828703,3.9781617303411907,3.978136849828703,3.9780622088558593
3.9809736491371126,3.981048387331121,3.981073300251083,3.981048387331121,3.9809736491371126
3.9839353357841776,3.984010172909837,3.9840351188074434,3.984010172909837,3.9839353357841776
3.9869473348187854,3.9870222725904414,3.9870472520371476,3.9870222725904414,3.9869473348187854
3.9900097134074892,3.9900847535434125,3.990109767111984,3.9900847535434125,3.9900097134074892
3.9931225398643235,3.9931976840867813,3.9932227323513136,3.9931976840867813,3.9931225398643235
3.9962858836535156,3.9963611336888367,3.996386217224781,3.9963611336888367,3.9962858836535156
3.999499815392238,3.99957517297088,3.9996002923550633,3.99957517297088,3.999499815392238
4.002764406853403,4.002839873710025,4.002865029520674,4.002839873710025,4.002764406853403
4.006079730968518,4.006155308842043,4.006180501658806,4.006155308842043,4.006079730968518
4.009445861830567,4.0095215524642525,4.009546782868223,4.0095215524642525,4.009445861830567
4.012862874696948,4.012938679838459,4.012963948412201,4.01293867983846,4.012862874696948
4.016330845992468,4.01640676739394,4.016432074721506,4.016406767393942,4.016330845992468
4.019849853312359,4.0199258927304715,4.01995123939743,4.019925892730476,4.019849853312359
4.023419975425366,4.023496134621405,4.023521521214864,4.0234961346214195,4.023419975425366
4.027041292276863,4.0271175730167865,4.027143000125427,4.027117573016843,4.027041292276863
4.030713884992029,4.030790289046504,4.0308157572606325,4.030790289046715,4.030713884992029
4.034437835879066,4.034514365023423,4.034539874935106,4.034514365024213,4.034437835879065
4.0382132284324515,4.038289884446338,4.038315436649857,4.03828988444929,4.0382132284324515
4.042040147336269,4.042116932002132,4.042142527095576,4.042116932013148,4.042040147336269
4.045918678467554,4.045995593564809,4.046021232156015,4.045995593605921,4.045918678467552
4.04984890889971,4.049925956182772,4.049951638911381,4.049925956336206,4.049848908899703
4.053830926905979,4.053908108022073,4.053933835641809,4.053908108594702,4.053830926905953
4.057864821963023,4.057942138145186,4.057967911830939,4.057942140282294,4.057864821962927
4.061950684754933,4.06202813567571,4.062053958169885,4.0620281436516095,4.061950684754575
4.06608860717942,4.066166186670426,4.066192066563283,4.066166216437272,4.066088607178082
4.070278682366274,4.07035636243054,4.070382330147222,4.070356473523365,4.070278682361279
4.0745210047662574,4.074598675838296,4.074624843376185,4.07459909044775,4.074521004747607
4.078815670647384,4.0788929182162486,4.07891970251196,4.078894465579911,4.078815670577744
4.083162780953984,4.083238049442621,4.083267008455236,4.083243824357533,4.083162780693958
4.087562457895126,4.087629915862726,4.0876668832311225,4.087651468419031,4.087562456924224
4.09201494139692,4.092052698745266,4.092119566055689,4.092133135027571,4.092014937771674
4.08977011631971,4.096446797676889,4.096625973236208,4.096746993879137,4.089780888972479
