7.270722875327735,7.270775555427648,7.270839752307702,7.270775555427648,7.270722875327735
7.270670195227821,7.270862787664947,7.270926985728849,7.270862787664947,7.270670195227821
7.2708397462970265,7.271032345709878,7.271096546099051,7.271032345709878,7.2708397462970265
7.271091622911564,7.271284232724554,7.27134843658049,7.271284232724554,7.271091622911564
7.2714258299920145,7.2716184536298965,7.2716826620941974,7.2716184536298965,7.2714258299920145
7.271842374217833,7.272035015105834,7.272099229320256,7.272035015105834,7.271842374217833
7.272341264027629,7.272533925591549,7.272598146698044,7.272533925591549,7.272341264027629
7.272922509619475,7.273115195285827,7.273179424426583,7.273115195285827,7.272922509619475
7.273586122951319,7.2737788361474305,7.273843074464905,7.2737788361474305,7.273586122951319
7.274332117741429,7.2745248618955705,7.274589110532538,7.2745248618955705,7.274332117741429
7.275160509468932,7.275353288010436,7.275417548110026,7.275353288010436,7.275160509468932
7.2760713153744065,7.2762641317337895,7.27632840443952,7.2762641317337895,7.2760713153744065
7.277064554460556,7.277257412069629,7.277321698525455,7.277257412069629,7.277064554460556
7.27814024749293,7.278333149784925,7.278397451135275,7.278333149784925,7.27814024749293
7.279298417000728,7.279491367410417,7.279555684800231,7.279491367410417,7.279298417000728
7.2805390872776705,7.280732089241483,7.280796423816254,7.280732089241483,7.2805390872776705
7.281862284382925,7.2820553413390705,7.282119694244885,7.2820553413390705,7.281862284382925
7.283268036142119,7.283461151530708,7.283525523914285,7.283461151530708,7.283268036142119
7.284756372148409,7.284949549411566,7.285013942420297,7.284949549411566,7.284756372148409
7.286327323763611,7.286520566345601,7.286584981127593,7.286520566345601,7.286327323763611
7.287980924119418,7.288174235466766,7.288238673170875,7.288174235466766,7.287980924119418
7.289717208118665,7.2899105916802736,7.289975053456155,7.2899105916802736,7.289717208118665
7.291536212436682,7.291729671663957,7.291794158662087,7.291729671663957,7.291536212436682
7.293437975522695,7.293631513869656,7.293696027241399,7.293631513869656,7.293437975522695
7.295422537601312,7.295616158524724,7.295680699422352,7.295616158524724,7.295422537601312
7.297489940674069,7.2976836476335585,7.2977482172102945,7.2976836476335585,7.297489940674069
7.2996402285210475,7.299834024979221,7.299898624389284,7.299834024979221,7.2996402285210475
7.301873446702553,7.302067336125124,7.302131966523769,7.302067336125124,7.301873446702553
7.304189642560876,7.304383628416782,7.304448290960339,7.304383628416782,7.304189642560876
7.306588865222114,7.306782950983637,7.306847646829549,7.306782950983637,7.306588865222114
7.309071165598053,7.309265354740947,7.309330085047814,7.309265354740947,7.309071165598053
7.31163659638814,7.311830892391741,7.311895658319363,7.311830892391741,7.31163659638814
7.314285212081503,7.314479618428868,7.314544421138276,7.314479618428868,7.314285212081503
7.317017068959052,7.317211589137063,7.317276429790574,7.317211589137063,7.317017068959052
7.319832225095649,7.32002686259515,7.320091742356391,7.32002686259515,7.319832225095649
7.32273074036234,7.322925498678254,7.322990418712214,7.322925498678254,7.32273074036234
7.325712676428666,7.325907559060111,7.325972520533185,7.325907559060111,7.325712676428666
7.328778096765041,7.328973107215461,7.329038111295478,7.328973107215461,7.328778096765041
7.331927066645186,7.332122208422474,7.3321872562787505,7.332122208422474,7.331927066645186
7.33515965314866,7.335354929765278,7.335420022568651,7.335354929765278,7.33515965314866
7.338475925163436,7.338671340136542,7.338736479059413,7.338671340136542,7.338475925163436
7.341875953388567,7.342071510240132,7.342136696456511,7.342071510240132,7.341875953388567
7.3453598103369,7.345555512593841,7.3456207472793835,7.345555512593841,7.3453598103369
7.348927570337886,7.349123421532184,7.349188705864233,7.349123421532184,7.348927570337886
7.35257930954044,7.352775313209266,7.352840648366897,7.352775313209266,7.35257930954044
7.356315105915885,7.356511265601725,7.356576652765782,7.356511265601725,7.356315105915885
7.3601350392609595,7.360331358511738,7.360396798864883,7.360331358511738,7.3601350392609595
7.364039191200899,7.364235673570109,7.364301168296853,7.364235673570109,7.364039191200899
7.368027645192589,7.368224294239411,7.368289844526171,7.368224294239411,7.368027645192589
7.372100486527793,7.372297305817227,7.3723629128523465,7.372297305817227,7.372100486527793
7.37625780233644,7.376454795439429,7.376520460413245,7.376454795439429,7.37625780233644
7.38049968159001,7.380696852083561,7.380762576188425,7.380696852083561,7.38049968159001
7.384826215104954,7.385023566572274,7.385089351002604,7.385023566572274,7.384826215104954
7.389237495546215,7.389435031576834,7.38950087752916,7.389435031576834,7.389237495546215
7.393733617430826,7.393931341620721,7.393997250293721,7.393931341620721,7.393733617430826
7.398314677131546,7.398512593083276,7.398578565677816,7.398512593083276,7.398314677131546
7.402980772880606,7.403178884203434,7.403244921922623,7.403178884203434,7.402980772880606
7.407732004773513,7.407930315083534,7.407996419132752,7.407930315083534,7.407732004773513
7.412568474772925,7.412766987693196,7.412833159280149,7.412766987693196,7.412568474772925
7.4174902867125985,7.41768900587327,7.417755246208027,7.41768900587327,7.4174902867125985
7.422497546301421,7.4226964753398645,7.422762785634899,7.4226964753398645,7.422497546301421
7.427590361127509,7.427789503688446,7.427855885158682,7.427789503688446,7.427590361127509
7.432768840662376,7.43296820039801,7.433034654260866,7.43296820039801,7.432768840662376
7.438033096265193,7.4382326768353355,7.43829920431077,7.4382326768353355,7.438033096265193
7.443383241187103,7.4435830462593096,7.443649648569856,7.4435830462593096,7.443383241187103
7.44881939057562,7.449019423825317,7.449086102196136,7.449019423825317,7.44881939057562
7.454341661479106,7.454541926589723,7.454608682248646,7.454541926589723,7.454341661479106
7.4599501728513165,7.460150673514425,7.46021750769199,7.460150673514425,7.4599501728513165
7.465645045556032,7.465845785471468,7.465912699400973,7.465845785471468,7.465645045556032
7.471426402371754,7.471627385247754,7.4716943801652995,7.471627385247754,7.471426402371754
7.477294367996487,7.477495597549826,7.477562674694351,7.477495597549826,7.477294367996487
7.48324906905259,7.483450549008706,7.4835177096220455,7.483450549008707,7.48324906905259
7.489290634091705,7.489492368184843,7.489559613511763,7.489492368184846,7.489290634091705
7.495419193599776,7.495621185573112,7.49568851686136,7.495621185573126,7.495419193599776
7.5016348800021255,7.501837133607896,7.5019045521082575,7.501837133607948,7.5016348800021255
7.507937827668621,7.508140346668238,7.5082078536346,7.508140346668426,7.507937827668621
7.514328172918923,7.514530961082996,7.514598557772499,7.514530961083697,7.514328172918923
7.520806054027793,7.521009115135906,7.521076802809361,7.52100911513852,7.520806054027793
7.527371611230503,7.527574949069944,7.52764272899328,7.527574949079701,7.527371611230503
7.534024986728307,7.5342286050889955,7.534296478538506,7.534228605125406,7.534024986728304
7.540766324693931,7.540970227349167,7.5410381956309624,7.5409702274850545,7.540766324693923
7.547595771276966,7.5477999619114,7.547868026433596,7.54779996241855,7.547595771276937
7.5545134746079325,7.5547179565498475,7.554786119090469,7.554717958442589,7.554513474607822
7.5615195847946355,7.561724360024627,7.5617926237230515,7.561724367088538,7.561519584794227
7.568614253872776,7.568819319371782,7.568887692380673,7.568819345735047,7.568614253871249
7.575797635489493,7.576002969889374,7.576071478723503,7.576003068279875,7.57579763548379
7.583069883028993,7.583275398425413,7.583344136146035,7.583275765629196,7.583069883007703
7.590431138654056,7.590636510294598,7.590705806810897,7.590637880738065,7.5904311385745675
7.597881469387993,7.598085555582962,7.598156557703408,7.598090670223373,7.59788146909122
7.605420494476219,7.605619495316339,7.6056960078988665,7.605638583697097,7.605420493368211
7.613045213206932,7.613227685211651,7.6133211560778875,7.613298925074684,7.613045209070137
7.609194376606718,7.620876589213102,7.621013718275364,7.621142463945068,7.609203916676251
