8.177705951540535,8.177725629951118,8.177748840764446,8.177725629951118,8.177705951540535
8.177686273129952,8.177755905758197,8.177779116701089,8.177755905758197,8.177686273129952
8.17774884005985,8.17781847350199,8.177841684716183,8.17781847350199,8.17774884005985
8.177843698904097,8.177913333585348,8.177936545212578,8.177913333585348,8.177843698904097
8.177970850304298,8.178040486649886,8.178063698831899,8.178040486649886,8.177970850304298
8.178130295140827,8.178199933575996,8.178223146454538,8.178199933575996,8.178130295140827
8.178322034532835,8.17839167548286,8.178414889199692,8.17839167548286,8.178322034532835
8.178546069838282,8.178615713728458,8.178638928425345,8.178615713728458,8.178546069838282
8.178802402653929,8.178872049909595,8.178895265728316,8.178872049909595,8.178802402653929
8.179091034815384,8.17916068586191,8.17918390294426,8.17916068586191,8.179091034815384
8.179411968397108,8.179481623659916,8.179504842147697,8.179481623659916,8.179411968397108
8.17976520571245,8.179834865617007,8.179858085652047,8.179834865617007,8.17976520571245
8.180150749313675,8.180220414285506,8.180243636009642,8.180220414285506,8.180150749313675
8.180568601992,8.180638272456688,8.180661496011787,8.180638272456688,8.180568601992
8.181018766777628,8.181088443160823,8.181111668688766,8.181088443160823,8.181018766777628
8.181501246939789,8.181570929667206,8.181594157309902,8.181570929667206,8.181501246939789
8.182016045986773,8.182085735484213,8.182108965383593,8.182085735484213,8.182016045986773
8.182563167665998,8.182632864359334,8.182656096657354,8.182632864359334,8.182563167665998
8.183142615964034,8.183212320279226,8.18323555511788,8.183212320279226,8.183142615964034
8.183754395106675,8.183824107469775,8.183847344991074,8.183824107469775,8.183754395106675
8.18439850955897,8.184468230396128,8.18449147074213,8.184468230396128,8.18439850955897
8.185074964025318,8.18514469376278,8.18516793707556,8.18514469376278,8.185074964025318
8.185783763449487,8.185853502513606,8.185876748935291,8.185853502513606,8.185783763449487
8.18652491301471,8.186594661831954,8.186617911504694,8.186594661831954,8.18652491301471
8.187298418143733,8.187368177140685,8.187391430206677,8.187368177140685,8.187298418143733
8.188104284498904,8.188174054102266,8.188197310703744,8.188174054102266,8.188104284498904
8.188942517982229,8.189012298618831,8.189035558898073,8.189012298618831,8.188942517982229
8.189813124735455,8.18988291683226,8.189906180931589,8.18988291683226,8.189813124735455
8.190716111140162,8.190785915124266,8.190809183186044,8.190785915124266,8.190716111140162
8.191651483817816,8.191721300116466,8.191744572283113,8.191721300116466,8.191651483817816
8.1926192496299,8.192689078670476,8.19271235508445,8.192689078670476,8.1926192496299
8.193619415677952,8.193689257888,8.19371253869182,8.193689257888,8.193619415677952
8.1946519893037,8.194721845110916,8.194745130447142,8.194721845110916,8.1946519893037
8.195716978089134,8.195786847921376,8.195810137932636,8.195786847921376,8.195716978089134
8.196814389856616,8.196884274141913,8.196907568970879,8.196884274141913,8.196814389856616
8.19794423266897,8.19801413183552,8.19803743162493,8.19801413183552,8.19794423266897
8.199106514829602,8.199176429305787,8.19919973419843,8.199176429305787,8.199106514829602
8.200301244882594,8.200371175096974,8.200394485235705,8.200371175096974,8.200301244882594
8.201528431612825,8.201598377994149,8.20162169352189,8.201598377994149,8.201528431612825
8.202788084046084,8.202858047023295,8.202881368083021,8.202858047023295,8.202788084046084
8.204080211449176,8.204150191451419,8.204173518186183,8.204150191451419,8.204080211449176
8.205404823330065,8.20547482078668,8.205498153339597,8.20547482078668,8.205404823330065
8.206761929437972,8.20683194477852,8.206855283292773,8.20683194477852,8.206761929437972
8.208151539763527,8.208221573417772,8.20824491803662,8.208221573417772,8.208151539763527
8.209573664538876,8.209643716936807,8.20966706780358,8.209643716936807,8.209573664538876
8.21102831423783,8.21109838580966,8.21112174306776,8.21109838580966,8.21102831423783
8.212515499575995,8.212585590752166,8.212608954545077,8.212585590752166,8.212515499575995
8.214035231510916,8.214105342722103,8.214128713193384,8.214105342722103,8.214035231510916
8.215587521242213,8.215657652919331,8.215681030212624,8.215657652919331,8.215587521242213
8.217172380211727,8.217242532785942,8.217265917044966,8.217242532785942,8.217172380211727
8.218789820103682,8.218859994006404,8.218883385374964,8.218859994006404,8.218789820103682
8.22043985284482,8.220510048507718,8.220533447129702,8.220510048507718,8.22043985284482
8.222122490604564,8.222192708459566,8.222216114478954,8.222192708459566,8.222122490604564
8.223837745795178,8.223907986274483,8.223931399835338,8.223907986274483,8.223837745795178
8.225585631071933,8.225655894608002,8.225679315854482,8.225655894608002,8.225585631071933
8.227366159333256,8.22743644635883,8.227459875435184,8.22743644635883,8.227366159333256
8.229179343720906,8.229249654669015,8.229273091719584,8.229249654669015,8.229179343720906
8.231025197620161,8.231095532924112,8.231118978093331,8.231095532924112,8.231025197620161
8.232903734659965,8.232974094753363,8.232997548185768,8.232974094753363,8.232903734659965
8.234814968713124,8.23488535402987,8.2349088158701,8.23488535402987,8.234814968713124
8.236758913896486,8.23682932487078,8.236852795263564,8.23682932487078,8.236758913896486
8.238735584571108,8.238806021637464,8.238829500727643,8.238806021637464,8.238735584571108
8.240744995342471,8.24081545893571,8.240838946868225,8.24081545893571,8.240744995342471
8.24278716106064,8.24285765161591,8.24288114853581,8.24285765161591,8.24278716106064
8.244862096820487,8.244932614773251,8.244956120825691,8.244932614773251,8.244862096820487
8.246969817961865,8.247040363747917,8.247063879078166,8.247040363747917,8.246969817961865
8.249110340069814,8.249180914125287,8.249204438878717,8.249180914125287,8.249110340069814
8.251283678974774,8.251354281736134,8.251377816058238,8.251354281736134,8.251283678974774
8.253489850752779,8.253560482656841,8.253584026693224,8.253560482656841,8.253489850752779
8.25572887172567,8.255799533209597,8.255823087105982,8.255799533209597,8.25572887172567
8.258000758461314,8.258071449962625,8.25809501386485,8.258071449962625,8.258000758461314
8.260305527773808,8.26037624973038,8.260399823784413,8.260376249730388,8.260305527773808
8.262643196723717,8.262713949573786,8.262737533925712,8.262713949573815,8.262643196723717
8.26501378261827,8.265084566800425,8.265108161596483,8.265084566800533,8.26501378261827
8.267417303011612,8.267488118964739,8.267511724351367,8.267488118965144,8.267417303011612
8.269853775705014,8.26992462386808,8.269948239992148,8.2699246238696,8.269853775705014
8.272323218747118,8.272394099558369,8.272417726567982,8.272394099564035,8.272323218747118
8.274825650434167,8.274896564328088,8.27492020237563,8.274896564349238,8.274825650434167
8.277361089310238,8.277432036706237,8.27745568595971,8.277432036785168,8.277361089310237
8.279929554167497,8.280000535427599,8.280024196112917,8.280000535722177,8.279929554167492
8.282531064046422,8.282602079317437,8.282625751876274,8.28260208041682,8.282531064046402
8.28516563823603,8.285236686860483,8.28526037253933,8.285236690963464,8.285165638235956
8.28783329627387,8.287904374591815,8.287928077640148,8.287904389904426,8.287833296273595
8.290534057944836,8.290605151091393,8.29062888696398,8.29060520823913,8.290534057943807
8.293267943272674,8.29333899457379,8.293362820534393,8.293339207853132,8.293267943268836
8.296034972468465,8.296105769270026,8.29612989856024,8.296106565243406,8.296034972454137
8.298835165625924,8.298904913469704,8.298930141125348,8.298907884097897,8.298835165572443
8.301668540932438,8.301734275922879,8.30176356637859,8.301745362514591,8.301668540732821
8.304535104196896,8.304585777004679,8.304630179983613,8.304627152938632,8.304535103451816
8.30743478764799,8.30742923799595,8.30752991362608,8.307583655868989,8.307434784866931
8.305962718821043,8.310152159741062,8.310462266606423,8.310728458020105,8.305983404008977
