3.4164075574430552,3.4164110138354875,3.416416219260952,3.4164110138354875,3.4164075574430552
3.416404101050623,3.4164197173721114,3.4164249228225754,3.4164197173721114,3.416404101050623
3.416416219174859,3.4164318356007666,3.416437041086037,3.4164318356007666,3.416416219174859
3.4164317519845295,3.416447368544277,3.416452574074161,3.416447368544277,3.4164317519845295
3.4164506995088777,3.416466316231889,3.4164715218161943,3.416466316231889,3.4164506995088777
3.4164730617835697,3.4164886786992668,3.4164938843478008,3.4164886786992668,3.4164730617835697
3.416498838850691,3.416514455988498,3.4165196617110682,3.416514455988498,3.416498838850691
3.4165280307587476,3.4165436481480884,3.4165488539545037,3.4165436481480884,3.4165280307587476
3.416560637562668,3.4165762552329673,3.4165814611330356,3.4165762552329673,3.416560637562668
3.4165966593238015,3.416612277304486,3.4166174833080163,3.416612277304486,3.4165966593238015
3.416636096109919,3.416651714430416,3.4166569205472177,3.416651714430416,3.416636096109919
3.4166789479952153,3.416694566684952,3.4166997729248343,3.416694566684952,3.4166789479952153
3.416725215060305,3.4167408341487127,3.4167460405214847,3.4167408341487127,3.416725215060305
3.4167748973922283,3.416790516908737,3.41679572342421,3.416790516908737,3.4167748973922283
3.416827995084448,3.4168436150584895,3.4168488217264743,3.4168436150584895,3.416827995084448
3.4168845082368513,3.4169001286978595,3.4169053355281664,3.4169001286978595,3.4168845082368513
3.416944436955748,3.416960057933159,3.416965264935601,3.416960057933159,3.416944436955748
3.4170077813538766,3.4170234028771276,3.4170286100615166,3.4170234028771276,3.4170077813538766
3.4170745415503996,3.417090163648929,3.4170953710250784,3.417090163648929,3.4170745415503996
3.417144717670905,3.417160340374154,3.4171655479518774,3.417160340374154,3.417144717670905
3.417218309847409,3.4172339331848223,3.4172391409739333,3.4172339331848223,3.417218309847409
3.417295318218357,3.4173109422193777,3.4173161502296923,3.4173109422193777,3.417295318218357
3.4173757429286207,3.417391367622697,3.417396575864031,3.417391367622697,3.4173757429286207
3.417459584129502,3.4174752095460836,3.417480418028253,3.4174752095460836,3.417459584129502
3.4175468419787336,3.4175624681472727,3.4175676768800956,3.4175624681472727,3.4175468419787336
3.417637516640478,3.4176531435904303,3.4176583525837243,3.4176531435904303,3.417637516640478
3.4177316082853326,3.4177472360461536,3.417752445309739,3.4177472360461536,3.4177316082853326
3.417829117090324,3.4178447456914753,3.4178499552351713,3.4178447456914753,3.417829117090324
3.4179300432389152,3.417945672709859,3.4179508825434874,3.417945672709859,3.4179300432389152
3.4180343869210033,3.4180500172912067,3.418055227424588,3.4180500172912067,3.4180343869210033
3.418142148332922,3.4181577796318527,3.4181629900748116,3.4181577796318527,3.418142148332922
3.418253327677441,3.418268959934572,3.418274170696931,3.418268959934572,3.418253327677441
3.418367925163769,3.4183835584085753,3.4183887695001602,3.4183835584085753,3.418367925163769
3.4184859410075537,3.418501575269514,3.418506786700151,3.418501575269514,3.4184859410075537
3.4186073754308834,3.418623010739479,3.4186282225189957,3.418623010739479,3.4186073754308834
3.418732228662287,3.4187478650470045,3.418753077185229,3.4187478650470045,3.418732228662287
3.4188605009367388,3.418876138427066,3.4188813509338285,3.418876138427066,3.4188605009367388
3.4189921924956534,3.4190078311210845,3.419013044006216,3.4190078311210845,3.4189921924956534
3.419127303586895,3.419142943376927,3.4191481566502597,3.419142943376927,3.419127303586895
3.4192658344647735,3.419281475448906,3.4192866891202733,3.419281475448906,3.4192658344647735
3.419407785390045,3.419423427597783,3.419428641677021,3.419423427597783,3.419407785390045
3.4195531566299184,3.4195688000907714,3.4195740145877145,3.4195688000907714,3.4195531566299184
3.4197019484580506,3.419717593201532,3.419722808126019,3.419717593201532,3.4197019484580506
3.4198541611545545,3.4198698072101807,3.419875022572051,3.4198698072101807,3.4198541611545545
3.4200097950059947,3.420025442403288,3.420030658212382,3.420025442403288,3.4200097950059947
3.420168850305392,3.420184499073879,3.4201897153400385,3.420184499073879,3.420168850305392
3.4203313273522262,3.4203469775214375,3.420352194254506,3.4203469775214375,3.4203313273522262
3.4204972264524325,3.420512878051905,3.4205180952617287,3.420512878051905,3.4204972264524325
3.420666547918412,3.4206822009776854,3.4206874186741105,3.4206822009776854,3.420666547918412
3.420839292069024,3.420854946617643,3.420860164810519,3.420854946617643,3.420839292069024
3.421015459229593,3.421031115297109,3.4210363339962853,3.421031115297109,3.421015459229593
3.4211950497319106,3.421210707347879,3.4212159265632067,3.421210707347879,3.4211950497319106
3.4213780639142333,3.421393723108215,3.4213989428495495,3.421393723108215,3.4213780639142333
3.4215645021212917,3.4215801629228535,3.4215853832000485,3.4215801629228535,3.4215645021212917
3.4217543647042836,3.4217700271429963,3.42177524796591,3.4217700271429963,3.4217543647042836
3.421947652020882,3.421963316126323,3.4219685375048146,3.421963316126323,3.421947652020882
3.422144364435235,3.4221600302369874,3.422165252180918,3.4221600302369874,3.422144364435235
3.4223445023179697,3.4223601698456214,3.4223653923648527,3.4223601698456214,3.4223445023179697
3.4225480660461884,3.4225637353293346,3.4225689584337324,3.4225637353293346,3.4225480660461884
3.422755056003479,3.422770727071719,3.4227759507711504,3.422770727071719,3.422755056003479
3.4229654725799117,3.422981145462852,3.422986369767184,3.422981145462852,3.4229654725799117
3.4231793161720394,3.423194990899293,3.4232002158183987,3.423194990899293,3.4231793161720394
3.4233965871829075,3.423412263784093,3.4234174893278446,3.423412263784093,3.4233965871829075
3.4236172860220493,3.4236329645267913,3.423638190705063,3.4236329645267913,3.4236172860220493
3.4238414131054893,3.4238570935434196,3.423862320366089,3.4238570935434196,3.4238414131054893
3.424068968855748,3.4240846512565035,3.4240898787334504,3.4240846512565035,3.424068968855748
3.4242999537018415,3.4243156380950674,3.4243208662361733,3.4243156380950674,3.4242999537018415
3.4245343680792866,3.424550054494635,3.4245552833097825,3.424550054494635,3.4245343680792866
3.424772212430101,3.4247879008972295,3.4247931303963055,3.4247879008972295,3.424772212430101
3.425013487202806,3.425029177751379,3.4250344079442723,3.4250291777513793,3.425013487202806
3.4252581928524295,3.4252738855121194,3.42527911640872,3.4252738855121194,3.4252581928524295
3.4255063298405086,3.425522024640995,3.4255272562511965,3.4255220246409954,3.4255063298405086
3.4257578986350916,3.4257735956060595,3.4257788279397587,3.4257735956060626,3.4257578986350916
3.4260128997107415,3.4260285988818815,3.4260338319489785,3.426028598881892,3.4260128997107415
3.4262713335485366,3.4262870349495405,3.4262922687599455,3.426287034949578,3.4262713335485366
3.426533200636074,3.426548904296613,3.426554138860267,3.4265489042967543,3.426533200636074
3.426798501467475,3.4268142074171246,3.4268194427440744,3.4268142074176513,3.426798501467475
3.427067236543383,3.4270829448113425,3.42708818091202,3.4270829448133076,3.427067236543383
3.4273394063709675,3.4273551169850105,3.4273603538712845,3.4273551169923464,3.4273394063709675
3.427615011463906,3.427630724446491,3.427635962135557,3.4276307244738686,3.4276150114639057
3.427894052342308,3.4279097676961143,3.427915006224956,3.4279097677982877,3.4278940523423067
3.428176529532198,3.4281922471866064,3.4281974866655176,3.4281922475679245,3.4281765295321938
3.4284624435625433,3.4284781631764867,3.4284834039862133,3.4284781645995897,3.4284624435625255
3.4287517949478694,3.4287675151891617,3.4287727587015713,3.4287675205002666,3.4287517949478032
3.4290445840869523,3.4290603000306823,3.4290655512103294,3.4290603198520464,3.429044584086705
3.429340810672236,3.429356504604351,3.4293617812047743,3.4293565785788713,3.429340810671313
3.429640470247478,3.429656080332639,3.429661444228067,3.4296563564099944,3.429640470244033
3.4299435341434474,3.4299588549154008,3.42996451160886,3.429959885252679,3.4299435341305915
3.4302498325316906,3.4302642450708327,3.43027081351159,3.4302680903514604,3.4302498324837094
3.430093853082833,3.430570429638128,3.430579357303279,3.430584780456469,3.430094368203989
