1.5850882903095824,1.5850887383110972,1.5850903611703357,1.5850915783164214,1.585092389747934,1.585092795463927,1.585092795463927,1.585092389747934,1.5850915783164214,1.5850903611703357,1.5850887383110972,1.5850882903095824
1.5850878423080677,1.5850898708769283,1.5850914937348561,1.5850927108799588,1.585093522310816,1.5850939280264815,1.5850939280264815,1.585093522310816,1.5850927108799588,1.5850914937348561,1.5850898708769283,1.5850878423080677
1.5850903611633806,1.5850923897551776,1.5850940126314552,1.58509522979032,1.5850960412303525,1.585096446950605,1.585096446950605,1.5850960412303525,1.58509522979032,1.5850940126314552,1.5850923897551776,1.5850903611633806
1.5850942663980594,1.5850962950373686,1.5850979179516558,1.5850991351390276,1.5850999465980649,1.5851003523278198,1.5851003523278198,1.5850999465980649,1.5850991351390276,1.5850979179516558,1.5850962950373686,1.5850942663980594
1.585099558242435,1.5851015869538312,1.5851032099257885,1.585104427156413,1.5851052386442852,1.585105644388458,1.585105644388458,1.5851052386442852,1.585104427156413,1.5851032099257885,1.5851015869538312,1.585099558242435
1.5851062370656406,1.5851082658737004,1.5851098889229884,1.5851111062116114,1.585111917738149,1.5851123235016544,1.5851123235016544,1.585111917738149,1.5851111062116114,1.5851098889229884,1.5851082658737004,1.5851062370656406
1.5851143033756059,1.5851163323049051,1.5851179554511854,1.5851191728125524,1.5851199843875863,1.58512039017534,1.58512039017534,1.5851199843875863,1.5851191728125524,1.5851179554511854,1.5851163323049051,1.5851143033756059
1.5851237578190422,1.5851257868941586,1.5851274101570925,1.5851286276059504,1.5851294392393112,1.5851298450562283,1.5851298450562283,1.5851294392393112,1.5851286276059504,1.5851274101570925,1.5851257868941586,1.5851237578190422
1.5851346011814293,1.5851366304269408,1.5851382538261913,1.5851394713772864,1.5851402830788053,1.585140688929802,1.585140688929802,1.5851402830788053,1.5851394713772864,1.5851382538261913,1.5851366304269408,1.5851346011814293
1.5851468343869954,1.5851488638274813,1.5851504873827111,1.585151705050791,1.5851525168303002,1.5851529227202916,1.5851529227202916,1.5851525168303002,1.585151705050791,1.5851504873827111,1.5851488638274813,1.5851468343869954
1.5851604584986951,1.585162488158735,1.5851641118896087,1.585165329689422,1.585166141556753,1.5851665474906556,1.5851665474906556,1.585166141556753,1.585165329689422,1.5851641118896087,1.585162488158735,1.5851604584986951
1.5851754747181839,1.5851775046223593,1.585179128548542,1.5851803464948366,1.585181158459823,1.5851815644425529,1.5851815644425529,1.585181158459823,1.5851803464948366,1.585179128548542,1.5851775046223593,1.5851754747181839
1.5851918843857886,1.5851939145586824,1.5851955386998402,1.5851967568073668,1.5851975688798405,1.5851979749163148,1.5851979749163148,1.5851975688798405,1.5851967568073668,1.5851955386998402,1.5851939145586824,1.5851918843857886
1.5852096889804754,1.5852117194466717,1.5852133438224723,1.5852145621059808,1.5852153742957766,1.585215780390911,1.585215780390911,1.5852153742957766,1.5852145621059808,1.5852133438224723,1.5852117194466717,1.5852096889804754
1.5852288901198133,1.585230920903898,1.5852325455340095,1.5852337640082523,1.5852345763252036,1.5852349824839165,1.5852349824839165,1.5852345763252036,1.5852337640082523,1.5852325455340095,1.585230920903898,1.5852288901198133
1.5852494895599338,1.5852515206864948,1.5852531455905876,1.5852543642703165,1.5852551767242589,1.5852555829514672,1.5852555829514672,1.5852551767242589,1.5852543642703165,1.5852531455905876,1.5852515206864948,1.5852494895599338
1.5852714891954898,1.5852735206891158,1.585275145886862,1.585276364786831,1.5852771773876007,1.5852775836882222,1.5852775836882222,1.5852771773876007,1.585276364786831,1.585275145886862,1.5852735206891158,1.5852714891954898
1.5852948910596072,1.5852969229448906,1.585298548455963,1.5852997675909268,1.5853005803483602,1.5853009867273138,1.5853009867273138,1.5853005803483602,1.5852997675909268,1.585298548455963,1.5852969229448906,1.5852948910596072
1.585319697323837,1.5853217296253705,1.585323355469444,1.5853245748541598,1.585325387778094,1.5853257942402983,1.5853257942402983,1.585325387778094,1.5853245748541598,1.585323355469444,1.5853217296253705,1.585319697323837
1.5853459102980987,1.585347943040479,1.5853495692372306,1.5853507888864549,1.5853516019867286,1.5853520085371027,1.5853520085371027,1.5853516019867286,1.5853507888864549,1.5853495692372306,1.585347943040479,1.5853459102980987
1.5853735324306275,1.5853755656384525,1.5853771922075603,1.5853784121360526,1.5853792254225054,1.585379632065969,1.585379632065969,1.5853792254225054,1.5853784121360526,1.5853771922075603,1.5853755656384525,1.5853735324306275
1.5854025663079108,1.5854046000057807,1.5854062269669258,1.5854074471894466,1.5854082606719182,1.5854086674133916,1.5854086674133916,1.5854082606719182,1.5854074471894466,1.5854062269669258,1.5854046000057807,1.5854025663079108
1.5854330146546243,1.5854350488671436,1.5854366762400085,1.5854378967713192,1.585438710459652,1.5854391173040554,1.5854391173040554,1.585438710459652,1.5854378967713192,1.5854366762400085,1.5854350488671436,1.5854330146546243
1.585464880333568,1.5854669150853418,1.5854685428896118,1.5854697637444772,1.5854705776485123,1.5854709846007675,1.5854709846007675,1.5854705776485123,1.5854697637444772,1.5854685428896118,1.5854669150853418,1.585464880333568
1.5854981663455916,1.5855002016612294,1.5855018299165913,1.585503051109776,1.585503865239358,1.5855042723043866,1.5855042723043866,1.585503865239358,1.585503051109776,1.5855018299165913,1.5855002016612294,1.5854981663455916
1.585532875829521,1.5855349117336353,1.5855365404597792,1.5855377620060507,1.5855385763710244,1.5855389835537488,1.5855389835537488,1.5855385763710244,1.5855377620060507,1.5855365404597792,1.5855349117336353,1.585532875829521
1.5855690120620838,1.5855710485792889,1.585572677795906,1.5855738997100342,1.5855747143202454,1.5855751216255887,1.5855751216255887,1.5855747143202454,1.5855738997100342,1.585572677795906,1.5855710485792889,1.5855690120620838
1.585606578457822,1.5856086156127365,1.5856102453395227,1.5856114676362771,1.5856122825015737,1.5856126899344598,1.5856126899344598,1.5856122825015737,1.5856114676362771,1.5856102453395227,1.5856086156127365,1.585606578457822
1.5856455785690127,1.5856476163862578,1.58564924664291,1.5856504693370654,1.585651284467295,1.5856516920326482,1.5856516920326482,1.585651284467295,1.5856504693370654,1.58564924664291,1.5856476163862578,1.5856455785690127
1.5856860160855755,1.585688054589777,1.5856896853959954,1.5856909085023259,1.5856917239073396,1.5856921316100847,1.5856921316100847,1.5856917239073396,1.5856909085023259,1.5856896853959954,1.585688054589777,1.5856860160855755
1.585727894834984,1.5857299340507702,1.5857315654262578,1.585732788959541,1.58573360464919,1.585734012494253,1.585734012494253,1.58573360464919,1.585732788959541,1.5857315654262578,1.5857299340507702,1.585727894834984
1.5857712187821675,1.585773258734171,1.585774890698634,1.585776114673649,1.5857769306577867,1.5857773386500942,1.5857773386500942,1.5857769306577867,1.585776114673649,1.585774890698634,1.585773258734171,1.5857712187821675
1.5858159920294144,1.585818032742272,1.585819665315419,1.585820889746948,1.5858217060354285,1.5858221141799074,1.5858221141799074,1.5858217060354285,1.585820889746948,1.585819665315419,1.585818032742272,1.5858159920294144
1.585862218816268,1.5858642603146191,1.5858658935161625,1.5858671184189896,1.5858679350216693,1.5858683433232477,1.5858683433232477,1.5858679350216693,1.5858671184189896,1.5858658935161625,1.5858642603146191,1.585862218816268
1.5859099035194206,1.5859119458279096,1.5859135796775643,1.5859148050664762,1.5859156219932127,1.5859160304568196,1.5859160304568196,1.5859156219932127,1.5859148050664762,1.5859135796775643,1.5859119458279096,1.5859099035194206
1.585959050652604,1.585961093795879,1.5859627283133646,1.5859639542031498,1.5859647714638028,1.585965180094368,1.585965180094368,1.5859647714638028,1.5859639542031498,1.5859627283133646,1.585961093795879,1.585959050652604
1.5860096648664768,1.586011708869191,1.5860133440742286,1.5860145704796795,1.5860153880841095,1.5860157968865636,1.5860157968865636,1.5860153880841095,1.5860145704796795,1.5860133440742286,1.586011708869191,1.5860096648664768
1.5860617509485067,1.5860637958353165,1.5860654317476328,1.5860666586835426,1.586067476641613,1.586067885620887,1.586067885620887,1.586067476641613,1.5860666586835426,1.5860654317476328,1.5860637958353165,1.5860617509485067
1.5861153138228505,1.5861173596184175,1.586118996257741,1.5861202237389076,1.5861210420604825,1.586121451221509,1.586121451221509,1.5861210420604825,1.5861202237389076,1.586118996257741,1.5861173596184175,1.5861153138228505
1.5861703585502307,1.5861724052792208,1.5861740426652844,1.5861752707065069,1.586176089401453,1.586176498749165,1.586176498749165,1.586176089401453,1.5861752707065069,1.5861740426652844,1.5861724052792208,1.5861703585502307
1.5862268903278063,1.58622893801489,1.5862305761674302,1.5862318047835116,1.5862326238616968,1.5862330334010288,1.5862330334010288,1.5862326238616968,1.5862318047835116,1.5862305761674302,1.58622893801489,1.5862268903278063
1.5862849144890423,1.5862869631588954,1.5862886020976528,1.5862898313033975,1.5862906507746928,1.58629106051058,1.58629106051058,1.5862906507746928,1.5862898313033975,1.5862886020976528,1.5862869631588954,1.5862849144890423
1.586344436503577,1.5863464861808794,1.5863481259255976,1.586349355735815,1.5863501756100917,1.58635058554747,1.58635058554747,1.5863501756100917,1.586349355735815,1.5863481259255976,1.5863464861808794,1.586344436503577
1.5864054619770789,1.5864075126865163,1.5864091532569442,1.5864103836864443,1.5864112039735774,1.5864116141173836,1.5864116141173836,1.5864112039735774,1.5864103836864443,1.5864091532569442,1.5864075126865163,1.5864054619770789
1.5864679966511088,1.5864700484173713,1.5864716898332611,1.586472920896859,1.586473741606724,1.5864741519618966,1.5864741519618966,1.586473741606724,1.586472920896859,1.5864716898332611,1.5864700484173713,1.5864679966511088
1.5865320464029726,1.586534099250755,1.5865357415318637,1.5865369732443761,1.5865377943868517,1.5865382049583294,1.5865382049583294,1.5865377943868517,1.5865369732443761,1.5865357415318637,1.586534099250755,1.5865320464029726
1.5865976172455705,1.5865996711995745,1.5866013143656619,1.5866025467419096,1.5866033683268759,1.5866037791195993,1.5866037791195993,1.5866033683268759,1.5866025467419096,1.5866013143656619,1.5865996711995745,1.5865976172455705
1.5866647153272462,1.5866667704121777,1.5866684144830085,1.5866696475378155,1.5866704695751552,1.5866708805940652,1.5866708805940652,1.5866704695751552,1.5866696475378155,1.5866684144830085,1.5866667704121777,1.5866647153272462
1.5867333469316287,1.586735403172199,1.5867370481675431,1.5867382819157356,1.5867391044153334,1.5867395156653727,1.5867395156653727,1.5867391044153334,1.5867382819157356,1.5867370481675431,1.586735403172199,1.5867333469316287
1.586803518477472,1.5868055758983983,1.5868072218380291,1.5868084562944382,1.5868092792661805,1.5868096907522924,1.5868096907522924,1.5868092792661805,1.5868084562944382,1.5868072218380291,1.5868055758983983,1.586803518477472
1.5868752365184913,1.586877295144496,1.586878942048192,1.586880177227651,1.5868810006814271,1.5868814124085562,1.5868814124085562,1.5868810006814271,1.586880177227651,1.586878942048192,1.586877295144496,1.5868752365184913
1.5869485077431948,1.5869505675990063,1.58695221548655,1.5869534514038959,1.5869542753495973,1.5869546873226894,1.5869546873226894,1.5869542753495973,1.5869534514038959,1.58695221548655,1.5869505675990063,1.5869485077431948
1.5870233389747124,1.587025400085065,1.587027048976244,1.5870282856463178,1.587029110093838,1.5870295223178397,1.5870295223178397,1.587029110093838,1.5870282856463178,1.587027048976244,1.587025400085065,1.5870233389747124
1.5870997371706206,1.587101799560254,1.5871034494748602,1.5871046869125056,1.5871055118717412,1.5871059243516006,1.5871059243516006,1.5871055118717412,1.5871046869125056,1.5871034494748602,1.587101799560254,1.5870997371706206
1.5871777094227626,1.5871797731164234,1.5871814240742532,1.587182662294318,1.587183487775167,1.5871839005158335,1.5871839005158335,1.587183487775167,1.587182662294318,1.5871814240742532,1.5871797731164234,1.5871777094227626
1.5872572629570663,1.5872593279795066,1.5872609800003616,1.587262219017697,1.5872630450300604,1.5872634580364844,1.5872634580364844,1.5872630450300604,1.587262219017697,1.5872609800003616,1.5872593279795066,1.5872572629570663
1.5873384051333579,1.5873404715093349,1.5873421246130226,1.5873433644424835,1.5873441909962644,1.5873446042733974,1.5873446042733974,1.5873441909962644,1.5873433644424835,1.5873421246130226,1.5873404715093349,1.5873384051333579
1.587421143445171,1.5874232111994493,1.5874248654057805,1.5874261060622255,1.58742693316733,1.5874273467201248,1.5874273467201248,1.58742693316733,1.5874261060622255,1.5874248654057805,1.5874232111994493,1.587421143445171
1.587505485519552,1.5875075546769026,1.587509210005694,1.5875104515039853,1.5875112791703214,1.587511693003732,1.587511693003732,1.5875112791703214,1.5875104515039853,1.587509210005694,1.5875075546769026,1.587505485519552
1.5875914391168648,1.5875935097020641,1.587595166173137,1.587596408528141,1.5875972367656197,1.5875976508846017,1.5875976508846017,1.5875972367656197,1.587596408528141,1.587595166173137,1.5875935097020641,1.5875914391168648
1.5876790121305855,1.5876810841684166,1.587682741801598,1.5876839850281845,1.5876848138467192,1.5876852282562295,1.5876852282562295,1.5876848138467192,1.5876839850281845,1.587682741801598,1.5876810841684166,1.5876790121305855
1.5877682125870998,1.5877702861023528,1.5877719449174736,1.5877731890305173,1.5877740184400235,1.5877744331450199,1.5877744331450199,1.5877740184400235,1.5877731890305173,1.5877719449174736,1.5877702861023528,1.5877682125870998
1.5878590486454922,1.5878611236629632,1.5878627836798616,1.5878640286942396,1.587864858704636,1.5878652737100778,1.5878652737100778,1.587864858704636,1.5878640286942396,1.5878627836798616,1.5878611236629632,1.5878590486454922
1.5879515285973345,1.5879536051418266,1.587955266380344,1.5879565123109378,1.587957342932146,1.5879577582429936,1.5879577582429936,1.587957342932146,1.5879565123109378,1.587955266380344,1.5879536051418266,1.5879515285973345
1.5880456608664666,1.5880477389627887,1.5880494014427733,1.5880506483044692,1.5880514795464125,1.5880518951676281,1.5880518951676281,1.5880514795464125,1.5880506483044692,1.5880494014427733,1.5880477389627887,1.5880456608664666
1.588141454008777,1.588143533681746,1.5881451974230505,1.5881464452307377,1.5881472771033431,1.5881476930398901,1.5881476930398901,1.5881472771033431,1.5881464452307377,1.5881451974230505,1.588143533681746,1.588141454008777
1.5882389167119793,1.5882409979864172,1.5882426630089,1.5882439117774734,1.5882447442906695,1.5882451605475123,1.5882451605475123,1.5882447442906695,1.5882439117774734,1.5882426630089,1.5882409979864172,1.5882389167119793
1.58833805779538,1.5883401406961175,1.588341807019643,1.588343056763999,1.5883438899277187,1.588344306509823,1.588344306509823,1.5883438899277187,1.588343056763999,1.588341807019643,1.5883401406961175,1.58833805779538
1.5884388862096512,1.5884409707615244,1.5884426384059611,1.5884438891410033,1.5884447229651806,1.5884451398775143,1.5884451398775143,1.5884447229651806,1.5884438891410033,1.5884426384059611,1.5884409707615244,1.5884388862096512
1.5885414110365887,1.5885434972644419,1.5885451662496655,1.588546417990299,1.588547252484872,1.5885476697324035,1.5885476697324035,1.588547252484872,1.588546417990299,1.5885451662496655,1.5885434972644419,1.5885414110365887
1.5886456414888783,1.588647729417561,1.5886493997634519,1.5886506525245876,1.588651487699496,1.5886519052871955,1.5886519052871955,1.588651487699496,1.5886506525245876,1.5886493997634519,1.588647729417561,1.5886456414888783
1.5887515869098443,1.5887536765642147,1.588755348290659,1.5887566020872113,1.5887574379523985,1.588757855885238,1.588757855885238,1.5887574379523985,1.5887566020872113,1.588755348290659,1.5887536765642147,1.5887515869098443
1.5888592567732078,1.5888613481781309,1.5888630213050197,1.588864276151908,1.58886511271732,1.5888655310002717,1.5888655310002717,1.58886511271732,1.588864276151908,1.5888630213050197,1.5888613481781309,1.5888592567732078
1.5889686606828313,1.5889707538631783,1.58897242841041,1.588973684322557,1.5889745215981423,1.5889749402361812,1.5889749402361812,1.5889745215981423,1.588973684322557,1.58897242841041,1.5889707538631783,1.5889686606828313
1.5890798083724635,1.589081903353114,1.5890835793405915,1.5890848363329249,1.5890856743286355,1.5890860933267368,1.5890860933267368,1.5890856743286355,1.5890848363329249,1.5890835793405915,1.589081903353114,1.5890798083724635
1.5891927097054803,1.58919480651132,1.5891964839589523,1.5891977420464038,1.589198580772194,1.589199000135336,1.589199000135336,1.589198580772194,1.5891977420464038,1.5891964839589523,1.58919480651132,1.5891927097054803
1.5893073746746194,1.589309473330542,1.5893111522582444,1.58931241145575,1.589313250921577,1.5893136706547377,1.5893136706547377,1.589313250921577,1.58931241145575,1.5893111522582444,1.589309473330542,1.5893073746746194
1.5894238134017145,1.5894259139326206,1.5894275943603131,1.5894288546828137,1.5894296948986384,1.589430115006798,1.589430115006798,1.5894296948986384,1.5894288546828137,1.5894275943603131,1.5894259139326206,1.5894238134017145
1.589542036137421,1.5895441385682187,1.5895458205158284,1.5895470819782687,1.5895479229540541,1.5895483434421944,1.5895483434421944,1.5895479229540541,1.5895470819782687,1.5895458205158284,1.5895441385682187,1.589542036137421
1.5896620532609431,1.5896641576165482,1.5896658411040068,1.5896671037213363,1.5896679454670486,1.5896683663401527,1.5896683663401527,1.5896679454670486,1.5896671037213363,1.5896658411040068,1.5896641576165482,1.5896620532609431
1.5897838752797517,1.5897859815850868,1.589787666632333,1.589788930419505,1.5897897729451138,1.5897901942081665,1.5897901942081665,1.5897897729451138,1.589788930419505,1.589787666632333,1.5897859815850868,1.5897838752797517
1.5899075128293019,1.589909621109297,1.589911307736275,1.589912572708248,1.5899134160237252,1.5899138376817121,1.5899138376817121,1.5899134160237252,1.589912572708248,1.589911307736275,1.589909621109297,1.5899075128293019
1.5900329766727441,1.5900350869523372,1.590036775178997,1.5900380413507338,1.590038885466054,1.5900393075239632,1.5900393075239632,1.590038885466054,1.5900380413507338,1.590036775178997,1.5900350869523372,1.5900329766727441
1.5901602777006332,1.5901623900047692,1.5901640798510677,1.590165347237535,1.5901661921626773,1.5901666146254974,1.5901666146254974,1.5901661921626773,1.590165347237535,1.5901640798510677,1.5901623900047692,1.5901602777006332
1.590289426930633,1.5902915412842646,1.590293232770163,1.5902945013863332,1.590295347131278,1.590295770004,1.590295770004,1.590295347131278,1.5902945013863332,1.590293232770163,1.5902915412842646,1.590289426930633
1.5904204355072147,1.590422551935302,1.590424245080769,1.5904255149416173,1.5904263615163492,1.5904267848039648,1.5904267848039648,1.5904263615163492,1.5904255149416173,1.590424245080769,1.590422551935302,1.5904204355072147
1.5905533147013533,1.590555433228864,1.590557128053874,1.590558399174382,1.5905592465888874,1.5905596702963907,1.5905596702963907,1.5905592465888874,1.590558399174382,1.590557128053874,1.590555433228864,1.5905533147013533
1.5906880759102218,1.5906901965621312,1.5906918930866638,1.5906931654818166,1.5906940137460863,1.5906944378784715,1.5906944378784715,1.5906940137460863,1.5906931654818166,1.5906918930866638,1.5906901965621312,1.5906880759102218
1.5908247306568752,1.5908268534581662,1.5908285517022085,1.5908298253869952,1.5908306745110223,1.5908310990732866,1.5908310990732866,1.5908306745110223,1.5908298253869952,1.5908285517022085,1.5908268534581662,1.5908247306568752
1.5909632905899382,1.590965415565601,1.5909671155491447,1.5909683905385603,1.5909692405323412,1.5909696655294825,1.5909696655294825,1.5909692405323412,1.5909683905385603,1.5909671155491447,1.590965415565601,1.5909632905899382
1.5911037674832815,1.5911058946583143,1.5911075964013586,1.5911088727104015,1.5911097235839349,1.5911101490209534,1.5911101490209534,1.5911097235839349,1.5911088727104015,1.5911075964013586,1.5911058946583143,1.5911037674832815
1.5912461732357,1.5912483026351087,1.5912500061576573,1.5912512838013313,1.59125213556462,1.5912525614465165,1.5912525614465165,1.59125213556462,1.5912512838013313,1.5912500061576573,1.5912483026351087,1.5912461732357
1.591390519870583,1.5913926515193801,1.5913943568414441,1.5913956358347574,1.591396488497807,1.5913969148295837,1.5913969148295837,1.591396488497807,1.5913956358347574,1.5913943568414441,1.5913926515193801,1.591390519870583
1.5915368195355806,1.591538953458788,1.5915406606003841,1.5915419409583489,1.591542794531167,1.5915432213178289,1.5915432213178289,1.591542794531167,1.5915419409583489,1.5915406606003841,1.591538953458788,1.5915368195355806
1.5916850845022694,1.591687220724915,1.5916889297060661,1.5916902114437,1.5916910659362986,1.591691493182851,1.591691493182851,1.5916910659362986,1.5916902114437,1.5916889297060661,1.591687220724915,1.5916850845022694
1.5918353271658099,1.5918374657129295,1.5918391765536648,1.5918404596859892,1.5918413151083826,1.591841742819833,1.591841742819833,1.5918413151083826,1.5918404596859892,1.5918391765536648,1.5918374657129295,1.5918353271658099
1.5919875600446003,1.5919897009412387,1.5919914136615931,1.5919926982036343,1.5919935545658408,1.5919939827471974,1.5919939827471974,1.5919935545658408,1.5919926982036343,1.5919914136615931,1.5919897009412387,1.5919875600446003
1.592141795779931,1.592143939051139,1.5921456536711536,1.5921469396379433,1.5921477969499829,1.5921482256062567,1.5921482256062567,1.5921477969499829,1.5921469396379433,1.5921456536711536,1.592143939051139,1.592141795779931
1.5922980471356276,1.5923001928064648,1.5923019093461872,1.5923031967527599,1.5923040550246566,1.5923044841608593,1.5923044841608593,1.5923040550246566,1.5923031967527599,1.5923019093461872,1.5923001928064648,1.5922980471356276
1.5924563269976952,1.5924584750932278,1.5924601935727116,1.5924614824341081,1.5924623416758887,1.5924627712970336,1.5924627712970336,1.5924623416758887,1.5924614824341081,1.5924601935727116,1.5924584750932278,1.5924563269976952
1.5926166483739563,1.592618798919259,1.5926205193585634,1.5926218096898284,1.5926226699115227,1.592623100022625,1.592623100022625,1.5926226699115227,1.5926218096898284,1.5926205193585634,1.592618798919259,1.5926166483739563
1.5927790243936844,1.5927811774138392,1.5927828998330305,1.5927841916492131,1.5927850528608536,1.5927854834669297,1.5927854834669297,1.5927850528608536,1.5927841916492131,1.5927828998330305,1.5927811774138392,1.5927790243936844
1.592943468307235,1.5929456238273318,1.5929473482464815,1.5929486415626357,1.5929495037742587,1.5929499348803262,1.5929499348803262,1.5929495037742587,1.5929486415626357,1.5929473482464815,1.5929456238273318,1.592943468307235
1.5931099934856712,1.5931121515308069,1.593113877969993,1.5931151728011774,1.5931160360228216,1.5931164676339002,1.5931164676339002,1.5931160360228216,1.5931151728011774,1.593113877969993,1.5931121515308069,1.5931099934856712
1.5932786134203842,1.593280774015664,1.5932825024949702,1.5932837988562478,1.5932846630979556,1.5932850952190662,1.5932850952190662,1.5932846630979556,1.5932837988562478,1.5932825024949702,1.593280774015664,1.5932786134203842
1.5934493417227116,1.593451504893248,1.5934532354327646,1.593454533339203,1.5934553986110194,1.5934558312471847,1.5934558312471847,1.5934553986110194,1.593454533339203,1.5934532354327646,1.593451504893248,1.5934493417227116
1.593622192123551,1.5936243578944644,1.5936260905142872,1.5936273899809583,1.5936282562929318,1.5936286894491758,1.5936286894491758,1.5936282562929318,1.5936273899809583,1.5936260905142872,1.5936243578944644,1.593622192123551
1.5937971784729674,1.5937993468693856,1.5938010815896173,1.5938023826315983,1.5938032499937793,1.593803683675128,1.593803683675128,1.5938032499937793,1.5938023826315983,1.5938010815896173,1.5937993468693856,1.5937971784729674
1.5939743147398011,1.5939764857868588,1.5939782226276078,1.5939795252599795,1.5939803936824228,1.593980827893903,1.593980827893903,1.5939803936824228,1.5939795252599795,1.5939782226276078,1.5939764857868588,1.5939743147398011
1.5941536150112638,1.594155788734104,1.5941575277154847,1.5941588319533333,1.5941597014460962,1.5941601361927362,1.5941601361927362,1.5941597014460962,1.5941588319533333,1.5941575277154847,1.594155788734104,1.5941536150112638
1.5943350934925387,1.5943372699163123,1.5943390110584446,1.5943403169168602,1.5943411874900026,1.5943416227768332,1.5943416227768332,1.5943411874900026,1.5943403169168602,1.5943390110584446,1.5943372699163123,1.5943350934925387
1.5945187645063714,1.5945209436562355,1.5945226869792462,1.5945239944733243,1.5945248661369087,1.5945253019689614,1.5945253019689614,1.5945248661369087,1.5945239944733243,1.5945226869792462,1.5945209436562355,1.5945187645063714
1.5947046424926568,1.5947068243937776,1.5947085699177994,1.5947098790626377,1.594710751826732,1.5947111882090395,1.5947111882090395,1.594710751826732,1.5947098790626377,1.5947085699177994,1.5947068243937776,1.5947046424926568
1.5948927420080252,1.5948949266855754,1.5948966744307458,1.5948979852414498,1.594898859116122,1.5948992960537192,1.5948992960537192,1.594898859116122,1.5948979852414498,1.5948966744307458,1.5948949266855754,1.5948927420080252
1.595083077725419,1.5950852652045788,1.595087015191043,1.5950883276827204,1.5950892026780434,1.595089640175966,1.595089640175966,1.5950892026780434,1.5950883276827204,1.595087015191043,1.5950852652045788,1.595083077725419
1.59527566443367,1.5952778547396278,1.5952796069875355,1.5952809211752992,1.5952817973013478,1.5952822353646336,1.5952822353646336,1.5952817973013478,1.5952809211752992,1.5952796069875355,1.5952778547396278,1.59527566443367
1.5954705170370704,1.5954727101950203,1.5954744647245283,1.5954757806234954,1.595476657890348,1.5954770965240366,1.5954770965240366,1.595476657890348,1.5954757806234954,1.5954744647245283,1.5954727101950203,1.5954705170370704
1.5956676505549374,1.5956698465900825,1.5956716034213527,1.5956729210466452,1.5956737994643824,1.595674238673514,1.595674238673514,1.5956737994643824,1.5956729210466452,1.5956716034213527,1.5956698465900825,1.5956676505549374
1.595867080121178,1.5958692790587286,1.595871038211929,1.5958723575786724,1.5958732371573792,1.595873676946996,1.595873676946996,1.5958732371573792,1.5958723575786724,1.595871038211929,1.5958692790587286,1.595867080121178
1.5960688209838467,1.5960710228490202,1.596072784344325,1.59607410546765,1.596074986217413,1.596075426592558,1.596075426592558,1.596074986217413,1.59607410546765,1.596072784344325,1.5960710228490202,1.5960688209838467
1.5962728885047002,1.5962750933227208,1.5962768571803094,1.5962781800753514,1.5962790620062604,1.5962795029719792,1.5962795029719792,1.5962790620062604,1.5962781800753514,1.5962768571803094,1.5962750933227208,1.5962728885047002
1.5964792981587455,1.5964815059548454,1.5964832721949038,1.5964845968768016,1.5964854799989494,1.5964859215602882,1.5964859215602882,1.5964854799989494,1.5964845968768016,1.5964832721949038,1.5964815059548454,1.5964792981587455
1.596688065533787,1.5966902763332054,1.5966920449759248,1.5966933714598222,1.5966942557833048,1.5966946979453118,1.5966946979453118,1.5966942557833048,1.5966933714598222,1.5966920449759248,1.5966902763332054,1.596688065533787
1.5968992063299678,1.5969014201579512,1.5969031912235294,1.5969045195245741,1.5969054050594902,1.5969058478272142,1.5969058478272142,1.5969054050594902,1.5969045195245741,1.5969031912235294,1.5969014201579512,1.5968992063299678
1.5971127363593074,1.5971149532411097,1.5971167267497488,1.5971180568830934,1.5971189436395448,1.5971193870180367,1.5971193870180367,1.5971189436395448,1.5971180568830934,1.5971167267497488,1.5971149532411097,1.5971127363593074
1.597328671545233,1.5973308915061146,1.5973326674780237,1.597333999458825,1.5973348874469155,1.5973353314412277,1.5973353314412277,1.5973348874469155,1.597333999458825,1.5973326674780237,1.5973308915061146,1.597328671545233
1.5975470279221091,1.5975492509873384,1.5975510294427324,1.5975523632861506,1.5975532525159881,1.5975536971311743,1.5975536971311743,1.5975532525159881,1.5975523632861506,1.5975510294427324,1.5975492509873384,1.5975470279221091
1.5977678216347635,1.5977700478296153,1.597771828788714,1.5977731645099147,1.5977740549916088,1.5977745002327242,1.5977745002327242,1.5977740549916088,1.5977731645099147,1.597771828788714,1.5977700478296153,1.5977678216347635
1.597991068938005,1.5979932982877618,1.597995081770791,1.5979964193849436,1.5979973111286077,1.5979977570007082,1.5979977570007082,1.5979973111286077,1.5979964193849436,1.597995081770791,1.5979932982877618,1.597991068938005
1.5982167861961416,1.5982190187260923,1.5982208047532838,1.598222144275562,1.5982230372913118,1.5982234837994558,1.5982234837994558,1.5982230372913118,1.598222144275562,1.5982208047532838,1.5982190187260923,1.5982167861961416
1.5984449898824917,1.5984472256179325,1.5984490142095233,1.598450355655105,1.5984512499530588,1.5984516971023055,1.5984516971023055,1.5984512499530588,1.598450355655105,1.5984490142095233,1.5984472256179325,1.5984449898824917
1.598675696578891,1.5986779355451257,1.598679726721358,1.5986810701054255,1.598681965695705,1.5986824134911153,1.5986824134911153,1.598681965695705,1.5986810701054255,1.598679726721358,1.5986779355451257,1.598675696578891
1.5989089229751978,1.5989111651975363,1.598912958978659,1.598914304316398,1.5989152012091277,1.598915649655763,1.598915649655763,1.5989152012091277,1.598914304316398,1.598912958978659,1.5989111651975363,1.5989089229751978
1.5991446858687908,1.5991469313725502,1.5991487277788168,1.5991500750854182,1.5991509732907243,1.5991514223936492,1.5991514223936492,1.5991509732907243,1.5991500750854182,1.5991487277788168,1.5991469313725502,1.5991446858687908
1.5993830021640643,1.5993852509745685,1.5993870500262388,1.5993883993168967,1.5993892988449097,1.5993897486091884,1.5993897486091884,1.5993892988449097,1.5993883993168967,1.5993870500262388,1.5993852509745685,1.5993830021640643
1.59962388887192,1.5996261410145005,1.5996279427318387,1.5996292940217525,1.5996301948826042,1.5996306453133027,1.5996306453133027,1.5996301948826042,1.5996292940217525,1.5996279427318387,1.5996261410145005,1.59962388887192
1.599867363109254,1.5998696186092483,1.5998714230125246,1.5998727763168965,1.5998736785207226,1.5998741296229089,1.5998741296229089,1.5998736785207226,1.5998727763168965,1.5998714230125246,1.5998696186092483,1.599867363109254
1.600113442098437,1.6001157009811897,1.600117508090681,1.6001188634247174,1.6001197669816554,1.600120218760399,1.600120218760399,1.6001197669816554,1.6001188634247174,1.600117508090681,1.6001157009811897,1.600113442098437
1.6003621431667967,1.6003644054576587,1.6003662152936449,1.600367572672558,1.600368477592749,1.600368930053119,1.600368930053119,1.600368477592749,1.600367572672558,1.6003662152936449,1.6003644054576587,1.6003621431667967
1.6006134837460875,1.6006157494704176,1.600617562053186,1.6006189214921898,1.6006198277857764,1.6006202809328456,1.6006202809328456,1.6006198277857764,1.6006189214921898,1.600617562053186,1.6006157494704176,1.6006134837460875
1.600867481371965,1.6008697505551277,1.6008715659049702,1.6008729274192834,1.600873835096413,1.6008742889352536,1.6008742889352536,1.600873835096413,1.6008729274192834,1.6008715659049702,1.6008697505551277,1.600867481371965
1.6011241536834495,1.6011264263508163,1.6011282444880293,1.6011296080928763,1.6011305171636963,1.601130971699383,1.601130971699383,1.6011305171636963,1.6011296080928763,1.6011282444880293,1.6011264263508163,1.6011241536834495
1.601383518422388,1.6013857945993366,1.6013876155442235,1.60138898125483,1.6013898917294926,1.6013903469671007,1.6013903469671007,1.6013898917294926,1.60138898125483,1.6013876155442235,1.6013857945993366,1.601383518422388
1.6016455934329121,1.6016478731448278,1.6016496969176965,1.6016510647492943,1.6016519766379524,1.6016524325825596,1.6016524325825596,1.6016519766379524,1.6016510647492943,1.6016496969176965,1.6016478731448278,1.6016455934329121
1.6019103966608936,1.6019126799331675,1.6019145065543308,1.6019158765221542,1.6019167898349655,1.60191724649165,1.60191724649165,1.6019167898349655,1.6019158765221542,1.6019145065543308,1.6019126799331675,1.6019103966608936
1.602177946153391,1.6021802330114205,1.602182062501197,1.6021834346204853,1.6021843493676087,1.60218480674145,1.60218480674145,1.6021843493676087,1.6021834346204853,1.602182062501197,1.6021802330114205,1.602177946153391
1.6024482600580965,1.602450550527287,1.6024523829060002,1.6024537571919957,1.602454673383593,1.602455131479672,1.602455131479672,1.602454673383593,1.6024537571919957,1.6024523829060002,1.602450550527287,1.6024482600580965
1.6027213566227787,1.60272365072854,1.602725486016519,1.6027268624844688,1.6027277801307045,1.602728238954103,1.602728238954103,1.6027277801307045,1.6027268624844688,1.602725486016519,1.60272365072854,1.6027213566227787
1.6029972541947168,1.6029995519624674,1.6030013901800457,1.6030027688452,1.6030036879562415,1.6030041475120433,1.6030041475120433,1.6030036879562415,1.6030027688452,1.6030013901800457,1.6029995519624674,1.6029972541947168
1.6032759712201374,1.6032782726753,1.6032801138428172,1.6032814947204308,1.603282415306447,1.6032828755997377,1.6032828755997377,1.603282415306447,1.6032814947204308,1.6032801138428172,1.6032782726753,1.6032759712201374
1.603557526243641,1.6035598314116468,1.6035616755494466,1.6035630586547773,1.6035639807259414,1.603564441761806,1.603564441761806,1.6035639807259414,1.6035630586547773,1.6035616755494466,1.6035598314116468,1.603557526243641
1.603841937907629,1.603844246813914,1.6038460939423462,1.6038474792906565,1.6038484028571423,1.603848864640669,1.603848864640669,1.6038484028571423,1.6038474792906565,1.6038460939423462,1.603844246813914,1.603841937907629
1.604129224951724,1.6041315376217313,1.6041333877611506,1.6041347753677062,1.6041357004396917,1.6041361629759687,1.6041361629759687,1.6041357004396917,1.6041347753677062,1.6041333877611506,1.6041315376217313,1.604129224951724
1.6044194062121875,1.6044217226713666,1.6044235758421321,1.6044249657222032,1.6044258923098678,1.604426355603985,1.604426355603985,1.6044258923098678,1.6044249657222032,1.6044235758421321,1.6044217226713666,1.6044194062121875
1.6047125006213332,1.6047148208951398,1.6047166771176165,1.604718069286476,1.6047189974000022,1.6047194614570515,1.6047194614570515,1.6047189974000022,1.604718069286476,1.6047166771176165,1.6047148208951398,1.6047125006213332
1.6050085272069363,1.605010851320832,1.6050127106153895,1.6050141050883153,1.605015034737888,1.605015499562961,1.605015499562961,1.605015034737888,1.6050141050883153,1.6050127106153895,1.605010851320832,1.6050085272069363
1.6053075050916379,1.6053098330710913,1.6053116954581046,1.6053130922503773,1.605314023446184,1.6053144890443751,1.6053144890443751,1.605314023446184,1.6053130922503773,1.6053116954581046,1.6053098330710913,1.6053075050916379
1.605609453492348,1.6056117853628338,1.6056136508626826,1.605615049989587,1.605615982741818,1.6056164491182214,1.6056164491182214,1.605615982741818,1.605615049989587,1.6056136508626826,1.6056117853628338,1.605609453492348
1.6059143917196428,1.6059167275066413,1.6059185961397096,1.6059199976165353,1.6059209319353822,1.6059213990950953,1.6059213990950953,1.6059209319353822,1.6059199976165353,1.6059185961397096,1.6059167275066413,1.6059143917196428
1.6062223391771564,1.606224678906155,1.6062265506928335,1.6062279545348714,1.6062288904305304,1.6062293583786493,1.6062293583786493,1.6062288904305304,1.6062279545348714,1.6062265506928335,1.606224678906155,1.6062223391771564
1.6065333153609733,1.606535659057465,1.6065375340181478,1.606538940240695,1.6065398777233626,1.6065403464649872,1.6065403464649872,1.6065398777233626,1.606538940240695,1.6065375340181478,1.606535659057465,1.6065333153609733
1.6068473398590122,1.6068496875484963,1.6068515657035833,1.6068529743219395,1.6068539134018158,1.6068543829420454,1.6068543829420454,1.6068539134018158,1.6068529743219395,1.6068515657035833,1.6068496875484963,1.6068473398590122
1.607164432350409,1.6071667840583914,1.6071686654282868,1.6071700764577557,1.6071710171450428,1.607171487488979,1.607171487488979,1.6071710171450428,1.6071700764577557,1.6071686654282868,1.6071667840583914,1.607164432350409
1.6074846126048945,1.6074869683568869,1.6074888529620008,1.607490266417889,1.6074912087227924,1.6074916798755372,1.6074916798755372,1.6074912087227924,1.607490266417889,1.6074888529620008,1.6074869683568869,1.6074846126048945
1.6078079004821697,1.6078102603036906,1.6078121481644365,1.6078135640620554,1.607814507994782,1.6078149799614394,1.6078149799614394,1.607814507994782,1.6078135640620554,1.6078121481644365,1.6078102603036906,1.6078079004821697
1.6081343159312753,1.6081366798478482,1.6081385709846467,1.6081399893393107,1.6081409349100702,1.6081414076957452,1.6081414076957452,1.6081409349100702,1.6081399893393107,1.6081385709846467,1.6081366798478482,1.6081343159312753
1.6084638789899592,1.6084662470271147,1.6084681414603896,1.6084695622874174,1.6084705095064225,1.6084709831162205,1.6084709831162205,1.6084705095064225,1.6084695622874174,1.6084681414603896,1.6084662470271147,1.6084638789899592
1.6087966097840396,1.608798981967314,1.608800879717495,1.6088023030322083,1.608803251909673,1.6088037263487023,1.6088037263487023,1.608803251909673,1.6088023030322083,1.608800879717495,1.608798981967314,1.6087966097840396
1.6091325285267646,1.6091349048817003,1.6091368059692215,1.6091382317869458,1.609139182333088,1.6091396576064567,1.6091396576064567,1.609139182333088,1.6091382317869458,1.6091368059692215,1.6091349048817003,1.6091325285267646
1.609471655518166,1.6094740360703126,1.609475940515613,1.6094773688516781,1.6094783210767172,1.6094787971895352,1.6094787971895352,1.6094783210767172,1.6094773688516781,1.609475940515613,1.6094740360703126,1.609471655518166
1.6098140111444155,1.6098163959193272,1.6098183037428508,1.6098197346125902,1.609820688526748,1.6098211654841266,1.6098211654841266,1.609820688526748,1.6098197346125902,1.6098183037428508,1.6098163959193272,1.6098140111444155
1.6101596158771683,1.6101620049004064,1.6101639161226022,1.6101653495413524,1.610166305154854,1.610166782961905,1.610166782961905,1.610166305154854,1.6101653495413524,1.6101639161226022,1.6101620049004064,1.6101596158771683
1.6105084902729105,1.6105108835700426,1.6105127982113645,1.6105142341944663,1.6105151915175384,1.610515670179376,1.610515670179376,1.6105151915175384,1.6105142341944663,1.6105127982113645,1.6105108835700426,1.6105084902729105
1.6108606549723001,1.6108630525688996,1.610864970649807,1.610866409212604,1.6108673682554766,1.610867847777215,1.610867847777215,1.6108673682554766,1.610866409212604,1.610864970649807,1.6108630525688996,1.6108606549723001
1.6112161306995045,1.6112185326211508,1.6112204541621074,1.6112218953199478,1.6112228560928525,1.611223336479608,1.611223336479608,1.6112228560928525,1.6112218953199478,1.6112204541621074,1.6112185326211508,1.6112161306995045
1.611574938261533,1.6115773445338117,1.6115792695552864,1.6115807133235223,1.6115816758366934,1.6115821570935835,1.6115821570935835,1.6115816758366934,1.6115807133235223,1.6115792695552864,1.6115773445338117,1.611574938261533
1.6119370985475685,1.6119395091960724,1.611941437718539,1.611942884112525,1.6119438483762003,1.6119443305083432,1.6119443305083432,1.6119438483762003,1.611942884112525,1.611941437718539,1.6119395091960724,1.6119370985475685
1.6123026325282959,1.612305047578623,1.6123069796225593,1.6123084286576557,1.612309394682074,1.6123098776945897,1.6123098776945897,1.612309394682074,1.6123084286576557,1.6123069796225593,1.612305047578623,1.6123026325282959
1.6126715612552207,1.6126739807329757,1.612675916318867,1.6126773680104358,1.6126783358058399,1.6126788197038484,1.6126788197038484,1.6126783358058399,1.6126773680104358,1.612675916318867,1.6126739807329757,1.6126715612552207
1.6130439058599961,1.6130463297907895,1.6130482689391235,1.6130497233025325,1.6130506928791655,1.6130511776677907,1.6130511776677907,1.6130506928791655,1.6130497233025325,1.6130482689391235,1.6130463297907895,1.6130439058599961
1.6134196875537319,1.6134221159631816,1.613424058694453,1.6134255157450714,1.6134264871131818,1.613426972797546,1.613426972797546,1.6134264871131818,1.6134255157450714,1.613424058694453,1.6134221159631816,1.6134196875537319
1.6137989276263147,1.6138013605400436,1.6138033068747508,1.613804766627954,1.6138057397977903,1.6138062263830188,1.6138062263830188,1.6138057397977903,1.613804766627954,1.6138033068747508,1.6138013605400436,1.6137989276263147
1.6141816474457118,1.6141840848893503,1.614186034847998,1.6141874973191632,1.614188472300978,1.6141889597921968,1.6141889597921968,1.614188472300978,1.6141874973191632,1.614186034847998,1.6141840848893503,1.6141816474457118
1.6145678684572822,1.614570310456466,1.6145722640595628,1.6145737292640725,1.6145747060681206,1.614575194470457,1.614575194470457,1.6145747060681206,1.6145737292640725,1.6145722640595628,1.614570310456466,1.6145678684572822
1.6149576121830755,1.614960058763448,1.6149620160315086,1.6149634839847484,1.6149644626212867,1.6149649519398697,1.6149649519398697,1.6149644626212867,1.6149634839847484,1.6149620160315086,1.614960058763448,1.6149576121830755
1.6153509002211366,1.6153533514083467,1.61535531236189,1.61535678307925,1.6153577635585388,1.6153582537984976,1.6153582537984976,1.6153577635585388,1.61535678307925,1.61535531236189,1.6153533514083467,1.6153509002211366
1.615747754244797,1.6157502100645005,1.6157521747240517,1.6157536482209256,1.6157546305532269,1.6157551217196935,1.6157551217196935,1.6157546305532269,1.6157536482209256,1.6157521747240517,1.6157502100645005,1.615747754244797
1.6161481960019726,1.6161506564798318,1.6161526248659213,1.6161541011577059,1.6161550853532851,1.6161555774513916,1.6161555774513916,1.6161550853532851,1.6161541011577059,1.6161526248659213,1.6161506564798318,1.6161481960019726
1.6165522473144514,1.616554712476135,1.6165566846092974,1.6165581637113948,1.6165591497805196,1.6165596428154,1.6165596428154,1.6165591497805196,1.6165581637113948,1.6165566846092974,1.616554712476135,1.6165522473144514
1.6169599300771804,1.6169623999483642,1.6169643758491403,1.6169658577769561,1.6169668457298967,1.6169673397066862,1.6169673397066862,1.6169668457298967,1.6169658577769561,1.6169643758491403,1.6169623999483642,1.6169599300771804
1.6173712662575506,1.6173737408639168,1.617375720552853,1.617377205321796,1.617378195168826,1.6173786900926612,1.6173786900926612,1.617378195168826,1.617377205321796,1.617375720552853,1.6173737408639168,1.6173712662575506
1.6177862778946772,1.6177887572619147,1.6177907407595618,1.6177922283850465,1.6177932201364413,1.6177937160124598,1.6177937160124598,1.6177932201364413,1.6177922283850465,1.6177907407595618,1.6177887572619147,1.6177862778946772
1.6182049870986763,1.6182074712524814,1.6182094585793965,1.6182109490768406,1.6182119427428785,1.61821243957622,1.61821243957622,1.6182119427428785,1.6182109490768406,1.6182094585793965,1.6182074712524814,1.6182049870986763
1.6186274160499412,1.6186299050160167,1.618631896192762,1.618633389577587,1.6186343851685498,1.6186348829643549,1.6186348829643549,1.6186343851685498,1.618633389577587,1.618631896192762,1.6186299050160167,1.6186274160499412
1.6190535869984126,1.6190560808024683,1.6190580758496118,1.6190595721372443,1.6190605696634157,1.6190610684268265,1.6190610684268265,1.6190605696634157,1.6190595721372443,1.6190580758496118,1.6190560808024683,1.6190535869984126
1.619483522262848,1.6194860209306003,1.619488019868716,1.619489519074586,1.6194905185462531,1.6194910182824132,1.6194910182824132,1.6194905185462531,1.619489519074586,1.619488019868716,1.6194860209306003,1.619483522262848
1.6199172442300869,1.61991974778726,1.619921750636927,1.6199232527764689,1.6199242542039216,1.6199247549179754,1.6199247549179754,1.6199242542039216,1.6199232527764689,1.619921750636927,1.61991974778726,1.6199172442300869
1.6203547753543137,1.6203572838266385,1.6203592906084414,1.6203607956970942,1.6203617990906252,1.6203623007877193,1.6203623007877193,1.6203617990906252,1.6203607956970942,1.6203592906084414,1.6203572838266385,1.6203547753543137
1.620796138156317,1.6207986515695316,1.6208006623040618,1.620802170357269,1.6208031757271733,1.6208036784124553,1.6208036784124553,1.6208031757271733,1.620802170357269,1.6208006623040618,1.6207986515695316,1.620796138156317
1.6212413552227474,1.621243873602598,1.6212458883104521,1.6212473993436607,1.6212484067002373,1.6212489103788568,1.6212489103788568,1.6212484067002373,1.6212473993436607,1.6212458883104521,1.621243873602598,1.6212413552227474
1.6216904492053719,1.6216929725776112,1.6216949912793919,1.6216965053080543,1.6216975146616044,1.6216980193387118,1.6216980193387118,1.6216975146616044,1.6216965053080543,1.6216949912793919,1.6216929725776112,1.6216904492053719
1.6221434428203239,1.6221459712107131,1.6221479939270287,1.6221495109666018,1.6221505223274297,1.6221510280081772,1.6221510280081772,1.6221505223274297,1.6221495109666018,1.6221479939270287,1.6221459712107131,1.6221434428203239
1.6226003588473532,1.6226028922816602,1.6226049190331264,1.622606439099071,1.6226074524774843,1.622607959167026,1.622607959167026,1.6226074524774843,1.622606439099071,1.6226049190331264,1.6226028922816602,1.6226003588473532
1.6230612201290724,1.6230637586330734,1.6230657894403102,1.6230673125480923,1.6230683279544018,1.6230688356578926,1.6230688356578926,1.6230683279544018,1.6230673125480923,1.6230657894403102,1.6230637586330734,1.6230612201290724
1.6235260495701977,1.6235285931696768,1.6235306280533117,1.623532154218402,1.6235331716629209,1.623533680385518,1.623533680385518,1.6235331716629209,1.623532154218402,1.6235306280533117,1.6235285931696768,1.6235260495701977
1.623994870136793,1.6239974188575412,1.6239994578382082,1.6240009870760816,1.6240020065691274,1.6240025163159895,1.6240025163159895,1.6240020065691274,1.6240009870760816,1.6239994578382082,1.6239974188575412,1.623994870136793
1.6244677048555047,1.6244702587233224,1.6244723018216614,1.6244738341477982,1.6244748556996909,1.6244753664759775,1.6244753664759775,1.6244748556996909,1.6244738341477982,1.6244723018216614,1.6244702587233224,1.6244677048555047
1.6249445768128006,1.6249471358534953,1.6249491830901523,1.6249507185200378,1.6249517421411006,1.624952253951974,1.624952253951974,1.6249517421411006,1.6249507185200378,1.6249491830901523,1.6249471358534953,1.6249445768128006
1.6254255091541987,1.625428073393587,1.6254301247892158,1.6254316633383397,1.6254326890388993,1.6254332018895223,1.6254332018895223,1.6254326890388993,1.6254316633383394,1.6254301247892158,1.625428073393587,1.6254255091541987
1.6259105250835024,1.625913094547409,1.625915150122669,1.625916691806526,1.6259177195969128,1.6259182334924505,1.6259182334924507,1.6259177195969126,1.625916691806526,1.625915150122669,1.6259130945474087,1.6259105250835024
1.6263996478620253,1.6264022225762826,1.626404282351841,1.6264058271859314,1.6264068570764785,1.6264073720220982,1.626407372022098,1.6264068570764785,1.6264058271859314,1.6264042823518408,1.6264022225762826,1.6263996478620248
1.6268929008078172,1.6268954807982678,1.6268975447947978,1.6268990927946272,1.6269001247956716,1.626900640796541,1.626900640796541,1.6269001247956714,1.6268990927946272,1.6268975447947975,1.6268954807982678,1.626892900807817
1.6273903072948899,1.627392892587384,1.627394960825566,1.6273965120066447,1.627397546128527,1.627398063189817,1.6273980631898168,1.627397546128527,1.6273965120066447,1.6273949608255658,1.627392892587384,1.6273903072948899
1.6278918907524351,1.627894481372832,1.627896553873354,1.6278981082511979,1.627899144504262,1.627899662631144,1.6278996626311444,1.6278991445042617,1.6278981082511979,1.627896553873354,1.6278944813728318,1.6278918907524351
1.628397674664044,1.6284002706382128,1.6284023474217695,1.6284039050119004,1.6284049434064933,1.6284054626041422,1.628405462604142,1.6284049434064936,1.6284039050119004,1.6284023474217695,1.6284002706382128,1.628397674664044
1.6289076825669258,1.6289102839207432,1.6289123650080377,1.628913925825982,1.6289149663724558,1.628915486646046,1.6289154866460462,1.628914966372456,1.628913925825982,1.628912365008038,1.6289102839207437,1.6289076825669258
1.6294219380511186,1.6294245448104725,1.629426630222214,1.6294281942835038,1.6294292369922136,1.6294297583469235,1.6294297583469235,1.6294292369922139,1.6294281942835045,1.629426630222214,1.6294245448104727,1.629421938051119
1.6299404647587041,1.6299430769494907,1.6299451667063964,1.629946734026571,1.6299477789078751,1.6299483013488838,1.6299483013488838,1.6299477789078756,1.629946734026571,1.6299451667063969,1.629943076949491,1.6299404647587041
1.6304632863830155,1.6304659040311411,1.6304679981539372,1.6304695687485395,1.630470615812801,1.63047113934529,1.63047113934529,1.6304706158128015,1.63046956874854,1.6304679981539376,1.6304659040311416,1.630463286383016
1.630990426667848,1.6309930497992289,1.6309951483086473,1.630996722193228,1.6309977714508135,1.6309982960799658,1.630998296079966,1.630997771450814,1.6309967221932289,1.630995148308648,1.6309930497992298,1.6309904266678492
1.6315219094066626,1.6315245380472239,1.6315266409640066,1.631528218154121,1.6315292696154011,1.6315297953464025,1.6315297953464025,1.6315292696154016,1.631528218154122,1.6315266409640077,1.6315245380472256,1.6315219094066635
1.6320577584417886,1.6320603926174675,1.632062499962363,1.6320640804735733,1.632065134148923,1.6320656609869602,1.6320656609869608,1.6320651341489238,1.6320640804735747,1.6320624999623647,1.6320603926174695,1.6320577584417904
1.6325979976636296,1.632600637400372,1.6326027491941377,1.6326043330420126,1.63260538894181,1.6326059168920737,1.6326059168920741,1.6326053889418115,1.6326043330420146,1.6326027491941404,1.6326006374003748,1.6325979976636322
1.633142651009859,1.6331452963336224,1.6331474125970245,1.6331489997971376,1.6331500579317666,1.6331505869994474,1.633150586999448,1.6331500579317686,1.6331489997971407,1.633147412597028,1.6331452963336262,1.6331426510098626
1.6336917424646211,1.6336943934013732,1.6336965141551856,1.6336981047231185,1.6336991651029662,1.633699695293258,1.6336996952932594,1.633699165102969,1.633698104723123,1.633696514155191,1.6336943934013786,1.6336917424646265
1.6342452960577258,1.6342479526334448,1.6342500778984512,1.6342516718497915,1.6342527344852495,1.6342532658033488,1.6342532658033502,1.6342527344852538,1.6342516718497975,1.6342500778984586,1.6342479526334523,1.634245296057733
1.6348033358638432,1.634805998104519,1.6348081279015112,1.6348097252518525,1.6348107901533175,1.6348113226044219,1.634811322604424,1.634810790153323,1.6348097252518612,1.6348081279015219,1.6348059981045302,1.6348033358638536
1.6353658860016962,1.6353685539333298,1.6353706882831087,1.6353722890480527,1.635373356225925,1.6353738898152357,1.6353738898152383,1.6353733562259332,1.635372289048065,1.6353706882831238,1.635368553933346,1.6353658860017115
1.635932970633252,1.6359356442818556,1.6359377832052318,1.6359393874003856,1.6359404568650713,1.6359409915977905,1.6359409915977947,1.6359404568650826,1.6359393874004033,1.635937783205253,1.6359356442818784,1.6359329706332735
1.6365046139629105,1.6365072933545082,1.6365094368723008,1.6365110445132802,1.636512116275189,1.6365126521565228,1.636512652156528,1.6365121162752052,1.6365110445133049,1.6365094368723312,1.6365072933545401,1.6365046139629404
1.6370808402366914,1.6370835253973195,1.637085673530358,1.6370872846327849,1.6370883587023326,1.6370888957374883,1.637088895737496,1.6370883587023548,1.6370872846328197,1.6370856735304007,1.6370835253973648,1.637080840236734
1.637661673741423,1.637664364697129,1.6376665174662524,1.6376681320457565,1.6376692084333626,1.6376697466275516,1.6376697466275625,1.6376692084333944,1.6376681320458055,1.6376665174663128,1.637664364697193,1.637661673741483
1.6382471388039221,1.6382498355807666,1.6382519930068238,1.6382536110790422,1.6382546897951324,1.6382552291535677,1.6382552291535832,1.6382546897951777,1.6382536110791115,1.6382519930069086,1.638249835580857,1.6382471388040072
1.6388372597901812,1.638839962414237,1.6388421245180866,1.6388437460986642,1.63884482715367,1.6388453676815682,1.6388453676815904,1.6388448271537337,1.638843746098762,1.6388421245182065,1.6388399624143646,1.638837259790301
1.6394320611045472,1.6394347696018994,1.639436936404411,1.6394385615090012,1.6394396449133586,1.6394401866159396,1.6394401866159707,1.6394396449134487,1.6394385615091394,1.63943693640458,1.639434769602079,1.6394320611047164
1.6400315671889016,1.6400342815856483,1.640036453107702,1.6400380817519666,1.6400391675161183,1.6400397103986055,1.64003971039865,1.6400391675162456,1.6400380817521611,1.6400364531079408,1.6400342815859026,1.6400315671891403
1.64063580252184,1.640638522844093,1.6406406991065792,1.6406423313061884,1.6406434194405835,1.6406439635082049,1.6406439635082672,1.6406434194407633,1.6406423313064635,1.640640699106917,1.6406385228444518,1.6406358025221777
1.6412447916178485,1.6412475178917318,1.6412496989155527,1.6412513346861857,1.6412524252012808,1.6412529704592682,1.6412529704593561,1.6412524252015346,1.6412513346865745,1.6412496989160297,1.6412475178922392,1.6412447916183255
1.6418585590264787,1.6418612912781294,1.641863477084199,1.641865116441545,1.6418662093478043,1.6418667558013955,1.64186675580152,1.6418662093481626,1.6418651164420939,1.6418634770848728,1.6418612912788464,1.6418585590271524
1.6424771293315215,1.6424798675870913,1.6424820581963344,1.6424837011560929,1.6424847964639895,1.64248534411843,1.6424853441186058,1.6424847964644957,1.642483701156869,1.6424820581972859,1.6424798675881038,1.6424771293324736
1.6431005271501808,1.643103271435833,1.643105466869188,1.643107113447071,1.643108211167088,1.6431087600276313,1.6431087600278795,1.6431082111678035,1.6431071134481667,1.6431054668705327,1.6431032714372633,1.6431005271515253
1.6437287771322424,1.6437315274741535,1.6437337277525716,1.6437353779643031,1.6437364781069377,1.6437370281788484,1.6437370281791996,1.6437364781079484,1.643735377965852,1.6437337277544712,1.643731527476175,1.6437287771341418
1.644361903959243,1.644364660383603,1.6443668655280494,1.6443685193893698,1.644369621965132,1.6443701732536897,1.644370173254186,1.6443696219665602,1.6443685193915576,1.6443668655307333,1.6443646603864592,1.6443619039619268
1.6449999323436377,1.6450026948766483,1.6450049049081032,1.6450065624347694,1.6450076674541911,1.6450082199646943,1.645008219965395,1.6450076674562086,1.6450065624378605,1.6450049049118949,1.6450026948806835,1.6449999323474298
1.645642887027963,1.6456456556958365,1.6456478706352966,1.6456495318430875,1.6456506393167245,1.6456511930544981,1.6456511930554882,1.645650639319575,1.6456495318474549,1.645647870640654,1.645645655701538,1.64564288703332
1.6462907927839965,1.6462935676129553,1.6462957874814357,1.6462974523861573,1.6462985623245983,1.6462991172950037,1.6462991172964023,1.6462985623286255,1.6462974523923277,1.6462957874890045,1.6462935676210102,1.6462907927915653
1.6469436744119135,1.6469464554281874,1.6469486802467248,1.6469503488642172,1.646951461278095,1.6469520174865426,1.6469520174885186,1.646951461283785,1.6469503488729347,1.6469486802574185,1.6469464554395674,1.646943674422607
1.647601556739439,1.6476043439692614,1.6476065737589174,1.647608246105065,1.647609361005073,1.6476099184570414,1.6476099184598336,1.6476093610131115,1.647608246117381,1.6476065737740253,1.6476043439853387,1.6476015567545468
1.6482644646209883,1.6482672580905924,1.648269492872459,1.6482711689632052,1.6482722863601178,1.648272845061183,1.6482728450651267,1.6482722863714754,1.6482711689806055,1.6482694928938035,1.6482672581133069,1.6482644646423328
1.6489324229368019,1.648935222672413,1.6489374624676196,1.6489391423189879,1.6489402622236935,1.6489408221795634,1.648940822185136,1.6489402622397393,1.6489391423435713,1.6489374624977757,1.6489352227045042,1.6489324229669575
1.6496054565920635,1.6496082626198905,1.6496105074496143,1.6496121910777362,1.64961331350128,1.6496138747178515,1.6496138747257247,1.6496133135239495,1.649612191112468,1.6496105074922187,1.649608262665229,1.6496054566346678
1.6502835905159996,1.6502864028622202,1.6502886527477012,1.6502903401688571,1.650291465122504,1.6502920276059387,1.6502920276170618,1.6502914651545322,1.6502903402179263,1.6502886528078933,1.6502864029262754,1.6502835905761912
1.6509668496609529,1.6509696683516946,1.6509719233142535,1.6509736145449312,1.6509747420402539,1.650975305797084,1.6509753058127994,1.650974742085503,1.6509736146142568,1.6509719233992937,1.6509696684421922,1.6509668497459922
1.651655259001414,1.6516580840627264,1.6516603441237958,1.6516620391807706,1.6516631692297723,1.651663734267056,1.6516637342892582,1.6516631692937012,1.651662039278715,1.6516603442439417,1.6516580841905826,1.651655259121559
1.652348843533007,1.6523516749908214,1.652353940171984,1.6523556390724334,1.6523567716877245,1.6523573380132575,1.6523573380446248,1.6523567717780439,1.65235563921081,1.6523539403417278,1.6523516751714584,1.6523488437027487
1.6530476282713906,1.6530504661514658,1.6530527364745113,1.6530544392361766,1.6530555744312223,1.6530561420538428,1.6530561420981593,1.6530555745588262,1.6530544394316768,1.653052736714327,1.6530504664066714,1.6530476285112043
1.653751638251061,1.6537544825789032,1.6537567580659078,1.6537584647073227,1.653759602496792,1.6537601714268102,1.653760171489421,1.6537596026770722,1.6537584649835275,1.6537567584047221,1.653754482939461,1.6537516385898725
1.6544608985240021,1.6544637493247536,1.6544660299981917,1.654467740539005,1.6544688809392645,1.6544694511890685,1.6544694512775258,1.6544688811939667,1.6544677409292305,1.6544660304768728,1.654463749834154,1.6544608990026792
1.6551754341581244,1.655178291456406,1.6551805773393093,1.65518229180074,1.6551834348305539,1.6551840064154641,1.6551840065404377,1.6551834351904,1.6551822923520558,1.6551805780155964,1.6551782921760931,1.6551754348344052
1.6558952702354088,1.655898134055096,1.6559004251712777,1.6559021435767596,1.6559032892582721,1.6559038621977535,1.6559038623743174,1.6559032897666675,1.655902144355665,1.655900426126744,1.6558981350718787,1.6558952711908663
1.6566204318496265,1.6566233022135353,1.6566255985879044,1.6566273209639948,1.6566284693241269,1.6566290436434947,1.6566290438929465,1.6566284700423937,1.6566273220644419,1.6566255999377992,1.6566233036500582,1.6566204331995087
1.6573509441034702,1.6573538210329097,1.657356122691919,1.657357849069583,1.6573590001419984,1.6573595758748345,1.6573595762272626,1.6573590011567743,1.6573578506243078,1.6573561245990667,1.6573538230624465,1.6573509460105997
1.65808683210484,1.6580897156189836,1.6580920225912594,1.658093753007686,1.6580949068355715,1.6580954840271331,1.658095484525048,1.658094908269259,1.6580937552042199,1.6580920252857005,1.658089718486338,1.6580868347992561
1.658828120961952,1.6588310110769473,1.6588333233941797,1.6588350578953448,1.6588362145353386,1.6588367932473786,1.6588367939508384,1.6588362165608703,1.6588350609986342,1.6588333272009192,1.6588310151279801,1.6588281247686554
1.6595748357767675,1.6595777325044783,1.6595800502026807,1.659581788846968,1.659582948374711,1.6595835286922824,1.6595835296861403,1.6595829512364062,1.6595817932313337,1.659580055580888,1.659577738227826,1.659574841154924
1.6603270016360612,1.66032990498229,1.660332228103575,1.6603339709668983,1.6603351334848702,1.660335715525949,1.6603357169300819,1.6603351375279085,1.6603339771611827,1.660332235701972,1.6603299130683054,1.660327009234386
1.661084643599148,1.6610875535611265,1.6610898821562183,1.661091629339245,1.6610927949878476,1.6610933789169136,1.66109338090069,1.6610928006999002,1.6610916380906051,1.6610898928913251,1.6610875649851464,1.6610846543341533
1.661847786680891,1.6618507032437315,1.6618530373755123,1.6618547890138837,1.6618559579870835,1.6618565440343245,1.6618565468370279,1.661855966057141,1.661854801377911,1.6618530525422013,1.6618507193837253,1.6618478018474359
1.6626164558280414,1.6626193789597257,1.6626217187082477,1.662623474987007,1.6626246475544515,1.66262523604288,1.6626252400025732,1.6626246589559264,1.6626234924550554,1.6626217401359296,1.662619401762504,1.6626164772555196
1.663390675886161,1.6633936055304583,1.663395951000026,1.6633977121740078,1.663398888712258,1.663399480096032,1.6633994856903347,1.6633989048203996,1.6633977368530772,1.6633959812733137,1.6633936377464993,1.6633907061591613
1.6641704715532335,1.6641734076196975,1.6641757589488686,1.6641775253715045,1.6641787064081692,1.6641793013267279,1.664179309230426,1.6641787291659471,1.6641775602383921,1.664175801719336,1.6641734531349095,1.6641705143232943
1.6649558673144775,1.664958809664311,1.6649611670400324,1.6649629392040448,1.6649641254801313,1.6649647248346775,1.6649647360011186,1.6649641576325949,1.6649629884644055,1.6649612274666656,1.6649588739687533,1.6649559277405364
1.6657468873505954,1.6657498357766807,1.665752199454253,1.6657539780491535,1.665755170607154,1.665755775668715,1.6657557914447978,1.6657552160325435,1.6657540476447863,1.6657522848257311,1.665749926626774,1.6657469727212613
1.6665435554084906,1.6665465096071772,1.6665488799384662,1.6665506659317826,1.6665518662401309,1.66655247880222,1.6665525010908606,1.6665519304176697,1.6665507642573343,1.6665490005523225,1.6665466379612877,1.666543676021199
1.6673458946189679,1.667348854150213,1.667351231623503,1.6673530263755434,1.6673542365044383,1.6673548590987446,1.6673548905884057,1.6673543271752407,1.6673531652910711,1.6673514020282176,1.6673490354904519,1.6673460650220604
1.6681539272395245,1.668156891470577,1.6681592767668785,1.668161082192866,1.668162305062685,1.6681629412637946,1.6681629857527673,1.6681624331634899,1.6681612784544024,1.6681595175167199,1.6681571476702592,1.6681541679870728
1.6689676742913049,1.668970642317147,1.6689730363897457,1.6689748551888854,1.6689760949211387,1.668976749777051,1.6689768126316085,1.6689762759035012,1.6689751324695554,1.6689733765240327,1.6689710042791575,1.6689680144223522
1.6697871550465446,1.669790125577486,1.6697925297643301,1.6697943657434346,1.6697956281565953,1.6697963087969592,1.669796397598633,1.6697958838506568,1.6697947574889127,1.6697930103101672,1.6697906369617979,1.6697876355878023
1.670612386304766,1.6706153575076417,1.670617773690124,1.6706196322208262,1.670620925530839,1.6706216420262652,1.670621767486333,1.6706212867784775,1.6706201856835623,1.670618452611102,1.6706160799976,1.6706130652192726
1.6714433813705396,1.6714463506443524,1.671448781471633,1.6714506701363376,1.6714520059462883,1.6714527725223924,1.6714529497738635,1.6714525163212617,1.6714514520751522,1.6714497406594266,1.6714473713869549,1.6714443405491857
1.6722801486096075,1.672283112268561,1.6722855614744896,1.6722874909789605,1.6722888856772742,1.6722897224298559,1.672289972852802,1.672289606741054,1.6722885957114948,1.6722869166266738,1.6722845543861977,1.6722815037488648
1.673122689409334,1.6731256422350202,1.6731281150858799,1.6731301005485348,1.673131577284314,1.6731325126025396,1.6731328664029057,1.6731325960115424,1.6731316613278149,1.6731300296614648,1.6731276796766432,1.6731246039666479
1.6739709952975839,1.673973929906315,1.6739764338334004,1.6739784966068112,1.6739800880805462,1.6739811620703238,1.673981661923238,1.6739815273496474,1.673980701694124,1.6739791387694487,1.673976808429504,1.6739737002078094
1.674825043872663,1.6748279498216063,1.6748304953149526,1.6748326655592822,1.674834417965462,1.674835687285789,1.6748363934826656,1.6748364513795202,1.6748357809319274,1.6748343168826583,1.6748320166366806,1.6748288654038723
1.6756847930535104,1.6756876555777231,1.6756902574488861,1.6756925777677938,1.6756945563648913,1.6756961010601445,1.6756970987800612,1.6756974291897149,1.675696979200353,1.6756956566094974,1.6756934012303462,1.6756901921625413
1.6765501729567245,1.676552971184443,1.676555650350942,1.6765581809290289,1.6765604779086392,1.6765624110600643,1.6765638206414832,1.6765645366515907,1.676564399316797,1.6765632783596516,1.6765610887305977,1.676557800892534
1.6774210744205214,1.677423778850505,1.6774265648581037,1.6774293907212114,1.6774321363257232,1.6774346176842632,1.6774366091334905,1.6774378705179105,1.677438176110114,1.6774373418254591,1.67743524746677,1.6774318512848436
1.6782973327905788,1.6782999017245508,1.6783028363142856,1.6783060775933278,1.6783094558243787,1.6783127110644356,1.6783155245440258,1.6783175570323756,1.678318489632775,1.6783180622080387,1.6783161048524393,1.6783125585387106
1.6791787050089502,1.6791810795012596,1.6791842216590238,1.679188048109567,1.6791923189266535,1.6791966668314977,1.679200641582198,1.6792037640761306,1.679205583820698,1.6792057331533141,1.679203971812098,1.679200216297426
1.6800648372327955,1.6800669339272722,1.6800703670458974,1.6800750186145048,1.6800805493160604,1.6800864401452587,1.6800920552837768,1.680096718284699,1.680099792837955,1.6801007591835682,1.6800992773410965,1.6800952290795712
1.6809552190485857,1.6809569199814711,1.6809607620562939,1.680966578083236,1.68097388769867,1.6809819572936684,1.6809898892868158,1.6809967291190617,1.6810015782473693,1.6810037015830859,1.6810026174560755,1.6809981581642242
1.6818491186787983,1.6818502566620352,1.6818546749054717,1.6818621357817296,1.6818719579503671,1.6818831039234203,1.6818943073583412,1.6819042225869199,1.681911581391601,1.6819153433883267,1.6819148246660631,1.6819097865804975
1.682745491145664,1.6827458285413708,1.6827510606054252,1.6827608477046132,1.6827742199537126,1.6827897086890973,1.682805529273677,1.6828197881489935,1.682830697035654,1.6828367816109948,1.6828370669269774,1.6828312113297195
1.6836428477247756,1.6836420448718297,1.6836484304172143,1.6836615136659656,1.6836799047110267,1.6837015209029413,1.6837238522516467,1.6837442431013048,1.6837601764266998,1.6837695585434764,1.6837709895436286,1.6837639746895863
1.6845390693964246,1.6845366355472007,1.6845446653004574,1.6845624346589356,1.6845879272190825,1.6846181809364023,1.6846496787841128,1.6846787187032004,1.6847017702035114,1.684715849796146,1.6847189212141336,1.684710252249611
1.6854311378721956,1.685426348941403,1.6854367469372056,1.685461218878717,1.6854967750933236,1.6855391834722475,1.6855835499894347,1.6856247695685087,1.6856579228095465,1.6856787361879677,1.6856841802335354,1.685673124798967
1.6863147423825153,1.6863064852502139,1.6863203645152922,1.6863545288060755,1.6864043809145617,1.6864638381336547,1.686526178553653,1.6865844973359825,1.6866320259547776,1.6866626026558338,1.6866715494864848,1.686656977231572
1.687183695366455,1.6871701184469043,1.6871893304112227,1.6872377843875122,1.6873080152785247,1.687391243460489,1.6874784628423556,1.687560649557368,1.687628715471034,1.6876737335481917,1.6876880724015697,1.68766809383265
1.68802906329493,1.6880066193875298,1.6880347110004403,1.6881049199389415,1.6882043094905415,1.6883203150238542,1.68844143754273,1.6885565806123881,1.6886541110908835,1.688721202082601,1.6887445711984914,1.6887155477230256
1.688837994245686,1.6887982646375876,1.6888436542034022,1.6889485550744316,1.689089668276698,1.6892499505714942,1.6894160730902685,1.6895758060596109,1.6897156283361383,1.6898180748593126,1.6898591450257894,1.6898124053429031
1.689593117598164,1.6895104935397809,1.6895987890999267,1.689761681260986,1.6899615618612385,1.690179450357719,1.6904028032367098,1.6906206478082657,1.6908202274279158,1.6909820304359289,1.6910672352791356,1.6909763449432254
1.6891928582412974,1.6900575283131765,1.6902850532158253,1.6905435454234976,1.6908211746852178,1.691109213674097,1.6914007703918932,1.6916894839720673,1.6919683332859425,1.692228314886177,1.6924571517050828,1.6904149052547013
