1.586391603903927,1.5863921044064921,1.586393753633067,1.5863949905547063,1.5863958151699464,1.5863962274778105,1.5863962274778105,1.5863958151699464,1.5863949905547063,1.586393753633067,1.5863921044064921,1.586391603903927
1.5863911034013618,1.5863931649287775,1.5863948141536388,1.5863960510739934,1.5863968756883766,1.5863972879958124,1.5863972879958124,1.5863968756883766,1.5863960510739934,1.5863948141536388,1.5863931649287775,1.5863911034013618
1.586393753625291,1.5863958151768145,1.5863974644209624,1.5863987013557816,1.5863995259798083,1.5863999382920655,1.5863999382920655,1.5863995259798083,1.5863987013557816,1.5863974644209624,1.5863958151768145,1.586393753625291
1.5863979936447712,1.5864000552466524,1.5864017045310863,1.5864029414961203,1.58640376614029,1.586404178462619,1.586404178462619,1.58640376614029,1.5864029414961203,1.5864017045310863,1.5864000552466524,1.5863979936447712
1.5864038237006983,1.5864058853791865,1.5864075347249063,1.5864087717359046,1.5864095964107172,1.5864100087483677,1.5864100087483677,1.5864095964107172,1.5864087717359046,1.5864075347249063,1.5864058853791865,1.5864038237006983
1.5864112441788056,1.5864133059601502,1.5864149553881552,1.5864161924608675,1.5864170171768228,1.5864174295350446,1.5864174295350446,1.5864170171768228,1.5864161924608675,1.5864149553881552,1.5864133059601502,1.5864112441788056
1.5864202556096507,1.5864223175201004,1.5864239670513898,1.5864252042015656,1.586426028969163,1.5864264413532063,1.5864264413532063,1.586426028969163,1.5864252042015656,1.5864239670513898,1.5864223175201004,1.5864202556096507
1.5864308586685951,1.5864329207343986,1.5864345703899714,1.5864358076333593,1.5864366324630987,1.5864370448782128,1.5864370448782128,1.5864366324630987,1.5864358076333593,1.5864345703899714,1.5864329207343986,1.5864308586685951
1.58644305417578,1.5864451164231848,1.5864467662240385,1.5864480035763882,1.5864488284787686,1.586449240930203,1.586449240930203,1.5864488284787686,1.5864480035763882,1.5864467662240385,1.5864451164231848,1.58644305417578
1.5864568430960932,1.5864589055513465,1.5864605555184799,1.5864617929955387,1.5864626179810593,1.5864630304740635,1.5864630304740635,1.5864626179810593,1.5864617929955387,1.5864605555184799,1.5864589055513465,1.5864568430960932
1.5864722265391356,1.5864742892284838,1.586475939382893,1.5864771770004098,1.5864780020795681,1.5864784146193915,1.5864784146193915,1.5864780020795681,1.5864771770004098,1.586475939382893,1.5864742892284838,1.5864722265391356
1.5864892057591773,1.5864912687088655,1.586492919071547,1.5864941568452682,1.5864949820285632,1.586495394620455,1.586495394620455,1.5864949820285632,1.5864941568452682,1.586492919071547,1.5864912687088655,1.5864892057591773
1.5865077821551097,1.586509845391382,1.5865114959833313,1.5865127339290033,1.5865135592269326,1.5865139718761414,1.5865139718761414,1.5865135592269326,1.5865127339290033,1.5865114959833313,1.586509845391382,1.5865077821551097
1.586527957270393,1.5865300208194926,1.586531671661704,1.5865329097950727,1.5865337352181332,1.5865341479299078,1.5865341479299078,1.5865337352181332,1.5865329097950727,1.586531671661704,1.5865300208194926,1.586527957270393
1.5865497327929985,1.5865517966811657,1.5865534477946324,1.5865546861314432,1.5865555116901313,1.58655592446972,1.58655592446972,1.5865555116901313,1.5865546861314432,1.5865534477946324,1.5865517966811657,1.5865497327929985
1.58657311055534,1.5865751748088157,1.5865768262145297,1.5865780647705259,1.5865788904753386,1.5865793033279891,1.5865793033279891,1.5865788904753386,1.5865780647705259,1.5865768262145297,1.5865751748088157,1.58657311055534
1.58659809253421,1.5866001571792323,1.5866018088981837,1.5866030476891089,1.5866038735505408,1.586604286481501,1.586604286481501,1.5866038735505408,1.5866030476891089,1.5866018088981837,1.5866001571792323,1.58659809253421
1.5866246808506976,1.5866267459135033,1.586628397966682,1.586629637008278,1.5866304630368235,1.5866308760513408,1.5866308760513408,1.5866304630368235,1.586629637008278,1.586628397966682,1.5866267459135033,1.5866246808506976
1.5866528777701134,1.5866549432769363,1.5866565956853298,1.5866578349933371,1.5866586611994906,1.5866590743028122,1.5866590743028122,1.5866586611994906,1.5866578349933371,1.5866565956853298,1.5866549432769363,1.5866528777701134
1.5866826857018974,1.5866847516789706,1.5866864044635653,1.5866876440537236,1.586688470447978,1.5866888836453499,1.5866888836453499,1.586688470447978,1.5866876440537236,1.5866864044635653,1.5866847516789706,1.5866826857018974
1.5867141071995305,1.5867161736730846,1.586717826854864,1.5867190667429119,1.5867198933357594,1.5867203066324278,1.5867203066324278,1.5867198933357594,1.5867190667429119,1.586717826854864,1.5867161736730846,1.5867141071995305
1.586747144960434,1.5867492119566968,1.5867508655566447,1.5867521057583183,1.58675293256025,1.586753345961461,1.586753345961461,1.58675293256025,1.5867521057583183,1.5867508655566447,1.5867492119566968,1.586747144960434
1.5867818018258688,1.5867838693710659,1.5867855234101615,1.5867867639411972,1.5867875909627038,1.5867880044737022,1.5867880044737022,1.5867875909627038,1.5867867639411972,1.5867855234101615,1.5867838693710659,1.5867818018258688
1.5868180807808228,1.5868201489011773,1.5868218034004,1.5868230442765312,1.586823871528102,1.586824285154132,1.586824285154132,1.586823871528102,1.5868230442765312,1.5868218034004,1.5868201489011773,1.5868180807808228
1.586855984953899,1.5868580536756318,1.5868597086559575,1.586860949892917,1.5868617773850398,1.5868621911313463,1.5868621911313463,1.5868617773850398,1.586860949892917,1.5868597086559575,1.5868580536756318,1.586855984953899
1.5868955176171948,1.586897586966523,1.5868992424489263,1.5869004840624443,1.5869013118056066,1.5869017256774325,1.5869017256774325,1.5869013118056066,1.5869004840624443,1.5868992424489263,1.586897586966523,1.5868955176171948
1.5869366821861752,1.5869387521893137,1.5869404081947662,1.5869416502005715,1.586942478205259,1.5869428922078481,1.5869428922078481,1.586942478205259,1.5869416502005715,1.5869404081947662,1.5869387521893137,1.5869366821861752
1.5869794822195424,1.5869815529027025,1.5869832094521734,1.5869844518659932,1.5869852801426907,1.5869856942812848,1.5869856942812848,1.5869852801426907,1.5869844518659932,1.5869832094521734,1.5869815529027025,1.5869794822195424
1.5870239214190978,1.587025992808488,1.587027649922944,1.5870288927605036,1.5870297213196944,1.587030135599535,1.587030135599535,1.5870297213196944,1.5870288927605036,1.587027649922944,1.587025992808488,1.5870239214190978
1.5870700036296002,1.5870720757514256,1.587073733451831,1.5870749767288532,1.5870758055810195,1.587076220007348,1.587076220007348,1.5870758055810195,1.5870749767288532,1.587073733451831,1.5870720757514256,1.5870700036296002
1.5871177328386186,1.5871198057190805,1.5871214640263966,1.5871227077586025,1.5871235369142247,1.5871239514922815,1.5871239514922815,1.5871235369142247,1.5871227077586025,1.5871214640263966,1.5871198057190805,1.5871177328386186
1.587167113176376,1.587169186841673,1.5871708457768579,1.5871720899799662,1.5871729194495237,1.587173334184548,1.587173334184548,1.5871729194495237,1.5871720899799662,1.5871708457768579,1.587169186841673,1.587167113176376
1.5872181489155932,1.587220223391919,1.5872218829759284,1.5872231276656557,1.587223957459626,1.5872243723568569,1.5872243723568569,1.587223957459626,1.5872231276656557,1.5872218829759284,1.587220223391919,1.5872181489155932
1.5872708444713215,1.5872729197848665,1.587274580038653,1.587275825230713,1.587276655359573,1.5872770704242485,1.5872770704242485,1.587276655359573,1.587275825230713,1.587274580038653,1.5872729197848665,1.5872708444713215
1.587325204400774,1.5873272805777248,1.5873289415222367,1.5873301872323426,1.5873310177065658,1.5873314329439236,1.5873314329439236,1.5873310177065658,1.5873301872323426,1.5873289415222367,1.5873272805777248,1.587325204400774
1.587381233403149,1.5873833104696877,1.5873849721258715,1.5873862183697316,1.587387049199792,1.587387464615068,1.587387464615068,1.587387049199792,1.5873862183697316,1.5873849721258715,1.5873833104696877,1.587381233403149
1.5874389363194492,1.587441014301754,1.5874426766905516,1.5874439234838733,1.5874447546802417,1.5874451702786718,1.5874451702786718,1.5874447546802417,1.5874439234838733,1.5874426766905516,1.587441014301754,1.5874389363194492
1.587498318132294,1.587500397056538,1.5875020601988887,1.5875033075573761,1.587504139130522,1.587504554917341,1.587504554917341,1.587504139130522,1.5875033075573761,1.5875020601988887,1.587500397056538,1.587498318132294
1.587559383965727,1.5875614638580795,1.587563127774919,1.587564375714273,1.587565207674664,1.587565623655106,1.587565623655106,1.587565207674664,1.587564375714273,1.587563127774919,1.5875614638580795,1.587559383965727
1.587622139085019,1.5876242199716446,1.5876258846839035,1.5876271332198237,1.5876279655779255,1.587628381757223,1.587628381757223,1.5876279655779255,1.5876271332198237,1.5876258846839035,1.5876242199716446,1.587622139085019
1.5876865888964626,1.5876886708035212,1.5876903363321277,1.5876915854803095,1.5876924182465864,1.5876928346299717,1.5876928346299717,1.5876924182465864,1.5876915854803095,1.5876903363321277,1.5876886708035212,1.5876865888964626
1.5877527389471662,1.5877548219008117,1.58775648826669,1.5877577380428263,1.5877585712277402,1.5877589878204437,1.5877589878204437,1.5877585712277402,1.5877577380428263,1.58775648826669,1.5877548219008117,1.5877527389471662
1.5878205949248352,1.5878226789512178,1.5878243461752874,1.5878255965950685,1.5878264302090788,1.587826847016331,1.587826847016331,1.5878264302090788,1.5878255965950685,1.5878243461752874,1.5878226789512178,1.5878205949248352
1.5878901626575552,1.5878922477828197,1.5878939158859962,1.587895166965108,1.5878960010186733,1.587896418045703,1.587896418045703,1.5878960010186733,1.587895166965108,1.5878939158859962,1.5878922477828197,1.5878901626575552
1.587961448113565,1.5879635343638503,1.5879652033670455,1.5879664551211725,1.5879672896247472,1.5879677068767826,1.5879677068767826,1.5879672896247472,1.5879664551211725,1.5879652033670455,1.5879635343638503,1.587961448113565
1.5880344574010263,1.5880365448024663,1.5880382147265866,1.5880394671714084,1.5880403021354481,1.5880407196177146,1.5880407196177146,1.5880403021354481,1.5880394671714084,1.5880382147265866,1.5880365448024663,1.5880344574010263
1.5881091967677854,1.588111285346508,1.588112956212456,1.5881142093636504,1.5881150447986045,1.5881154625163298,1.5881154625163298,1.5881150447986045,1.5881142093636504,1.588112956212456,1.588111285346508,1.5881091967677854
1.5881856726011319,1.5881877623832599,1.5881894342119345,1.5881906880851742,1.5881915240014932,1.5881919419599,1.5881919419599,1.5881915240014932,1.5881906880851742,1.5881894342119345,1.5881877623832599,1.5881856726011319
1.588263891427552,1.5882659824392023,1.5882676552514965,1.5882689098624518,1.5882697462705815,1.5882701644748944,1.5882701644748944,1.5882697462705815,1.5882689098624518,1.5882676552514965,1.5882659824392023,1.588263891427552
1.588343859912475,1.5883459521797574,1.5883476259965592,1.5883488813608972,1.5883497182712822,1.588350136726723,1.588350136726723,1.5883497182712822,1.5883488813608972,1.5883476259965592,1.5883459521797574,1.588343859912475
1.588425584860011,1.588427678409031,1.5884293532512248,1.5884306093846077,1.5884314468076903,1.5884318655194796,1.5884318655194796,1.5884314468076903,1.5884306093846077,1.5884293532512248,1.588427678409031,1.588425584860011
1.5885090732126936,1.5885111680695494,1.588512843958014,1.5885141008761008,1.5885149388223203,1.588515357795678,1.588515357795678,1.5885149388223203,1.5885141008761008,1.588512843958014,1.5885111680695494,1.5885090732126936
1.588594332051205,1.588596428241988,1.588598105197597,1.5885993629160438,1.5886002013958365,1.5886006206359813,1.5886006206359813,1.5886002013958365,1.5885993629160438,1.588598105197597,1.588596428241988,1.588594332051205
1.588681368594102,1.5886834661448985,1.5886851441885201,1.5886864027229777,1.5886872417467783,1.5886876612589274,1.5886876612589274,1.5886872417467783,1.5886864027229777,1.5886851441885201,1.5886834661448985,1.588681368594102
1.5887701901975364,1.5887722891344256,1.5887739682869235,1.5887752276530391,1.5887760672312794,1.5887764870206482,1.5887764870206482,1.5887760672312794,1.5887752276530391,1.5887739682869235,1.5887722891344256,1.5887701901975364
1.58886080435497,1.5888629047040232,1.588864584986255,1.5888658451996724,1.588866685342781,1.5888671054145846,1.5888671054145846,1.588866685342781,1.5888658451996724,1.588864584986255,1.5888629047040232,1.58886080435497
1.5889532186968798,1.588955320484163,1.588957001916981,1.5889582629933394,1.5889591037117428,1.5889595240711936,1.5889595240711936,1.5889591037117428,1.5889582629933394,1.588957001916981,1.588955320484163,1.5889532186968798
1.589047440990464,1.5890495442420358,1.5890512268462869,1.5890524888012214,1.5890533301053422,1.5890537507576525,1.5890537507576525,1.5890533301053422,1.5890524888012214,1.5890512268462869,1.5890495442420358,1.589047440990464
1.5891434791393397,1.5891455838812507,1.5891472676777756,1.5891485305269168,1.5891493724271766,1.5891497933775562,1.5891497933775562,1.5891493724271766,1.5891485305269168,1.5891472676777756,1.5891455838812507,1.5891434791393397
1.5892413411832327,1.5892434474415273,1.5892451324511614,1.589246396210136,1.5892472387169518,1.5892476599706098,1.5892476599706098,1.5892472387169518,1.589246396210136,1.5892451324511614,1.5892434474415273,1.5892413411832327
1.5893410352976676,1.5893431430983822,1.5893448293419548,1.5893460940263848,1.5893469371501716,1.589347358712315,1.589347358712315,1.5893469371501716,1.5893460940263848,1.5893448293419548,1.5893431430983822,1.5893410352976676
1.589442569793647,1.5894446791628107,1.5894463666611451,1.5894476322866478,1.5894484760378171,1.5894488979136523,1.5894488979136523,1.5894484760378171,1.5894476322866478,1.5894463666611451,1.5894446791628107,1.589442569793647
1.5895459531173284,1.5895480640809625,1.589549752854876,1.5895510194370646,1.5895518638260253,1.589552286020756,1.589552286020756,1.5895518638260253,1.5895510194370646,1.589549752854876,1.5895480640809625,1.5895459531173284
1.589651193849695,1.5896533064338136,1.589654996504117,1.5896562640585992,1.5896571090957563,1.5896575316145858,1.5896575316145858,1.5896571090957563,1.5896562640585992,1.589654996504117,1.5896533064338136,1.589651193849695
1.5897583007062208,1.589760414936829,1.5897621063243268,1.5897633748667066,1.5897642205624631,1.5897646434105923,1.5897646434105923,1.5897642205624631,1.5897633748667066,1.5897621063243268,1.589760414936829,1.5897583007062208
1.5898672825365296,1.5898693984396255,1.5898710911651164,1.5898723607109926,1.589873207075747,1.5898736302583756,1.5898736302583756,1.589873207075747,1.5898723607109926,1.5898710911651164,1.5898693984396255,1.5898672825365296
1.5899781483240523,1.5899802659256255,1.5899819600099006,1.589983230574867,1.5899840776190157,1.5899845011413414,1.5899845011413414,1.5899840776190157,1.589983230574867,1.5899819600099006,1.5899802659256255,1.5899781483240523
1.5900909071856721,1.5900930265117041,1.5900947219755492,1.5900959935751942,1.5900968413091299,1.5900972651763492,1.5900972651763492,1.5900968413091299,1.5900959935751942,1.5900947219755492,1.5900930265117041,1.5900909071856721
1.5902055683713736,1.5902076894478367,1.5902093863120297,1.5902106589619378,1.5902115073960492,1.590211931613357,1.590211931613357,1.5902115073960492,1.5902106589619378,1.5902093863120297,1.5902076894478367,1.5902055683713736
1.5903221412638753,1.5903242641167348,1.5903259624020472,1.5903272361177965,1.5903280852624695,1.5903285098350586,1.5903285098350586,1.5903280852624695,1.5903272361177965,1.5903259624020472,1.5903242641167348,1.5903221412638753
1.5904406353782683,1.5904427600334792,1.5904444597606762,1.5904457345578402,1.5904465844234577,1.5904470093565184,1.5904470093565184,1.5904465844234577,1.5904457345578402,1.5904444597606762,1.5904427600334792,1.5904406353782683
1.590561060361641,1.5905631868451504,1.5905648880349892,1.5905661639291364,1.5905670145260764,1.5905674398247993,1.5905674398247993,1.5905670145260764,1.5905661639291364,1.5905648880349892,1.5905631868451504,1.590561060361641
1.590683425992702,1.590685554330448,1.5906872570036792,1.5906885340103725,1.590689385349011,1.590689811018583,1.590689811018583,1.590689385349011,1.5906885340103725,1.5906872570036792,1.590685554330448,1.590683425992702
1.590807742181399,1.5908098723993107,1.590811576576678,1.5908128547114746,1.5908137068021833,1.5908141328477907,1.5908141328477907,1.5908137068021833,1.5908128547114746,1.590811576576678,1.5908098723993107,1.590807742181399
1.5909340189685308,1.5909361510925282,1.5909378567947665,1.5909391360732192,1.5909399889263658,1.5909404153531923,1.5909404153531923,1.5909399889263658,1.5909391360732192,1.5909378567947665,1.5909361510925282,1.5909340189685308
1.5910622665253513,1.5910644005813448,1.5910661078291837,1.5910673882668385,1.5910682418927873,1.5910686687060152,1.5910686687060152,1.5910682418927873,1.5910673882668385,1.5910661078291837,1.5910644005813448,1.5910622665253513
1.5911924951531748,1.591194631167066,1.591196339981226,1.5911976215936239,1.5911984760027353,1.591198903207545,1.591198903207545,1.5911984760027353,1.5911976215936239,1.591196339981226,1.591194631167066,1.5911924951531748
1.5913247152829697,1.5913268532806504,1.5913285636818455,1.5913298464845211,1.5913307016871527,1.5913311292887222,1.5913311292887222,1.5913307016871527,1.5913298464845211,1.5913285636818455,1.5913268532806504,1.5913247152829697
1.591458937474952,1.591461077482304,1.5914627894912396,1.591464073499723,1.5914649295062269,1.5914653575097335,1.5914653575097335,1.5914649295062269,1.591464073499723,1.5914627894912396,1.591461077482304,1.591458937474952
1.5915951724181683,1.5915973144610647,1.5915990280984391,1.591600313328253,1.5916011701489792,1.5916015985595966,1.5916015985595966,1.5916011701489792,1.591600313328253,1.5915990280984391,1.5915973144610647,1.5915951724181683
1.5917334309300804,1.5917355750343831,1.5917372903208864,1.5917385767875494,1.5917394344328417,1.591739863255743,1.591739863255743,1.5917394344328417,1.5917385767875494,1.5917372903208864,1.5917355750343831,1.5917334309300804
1.5918737239561367,1.5918758701476985,1.5918775871040125,1.5918788748230361,1.5918797333032362,1.5918801625435917,1.5918801625435917,1.5918797333032362,1.5918788748230361,1.5918775871040125,1.5918758701476985,1.5918737239561367
1.592016062569345,1.5920182108740089,1.5920199295208084,1.5920212185076974,1.5920220778331426,1.5920225074961207,1.5920225074961207,1.5920220778331426,1.5920212185076974,1.5920199295208084,1.5920182108740089,1.592016062569345
1.592160457969839,1.5921626084134368,1.5921643287713871,1.592165619041642,1.592166479222665,1.5921669093134325,1.5921669093134325,1.592166479222665,1.592165619041642,1.5921643287713871,1.5921626084134368,1.592160457969839
1.5923069214844345,1.592309074092789,1.5923107961825484,1.5923120877516617,1.5923129487985919,1.592313379322313,1.592313379322313,1.5923129487985919,1.5923120877516617,1.5923107961825484,1.592309074092789,1.5923069214844345
1.59245546456619,1.592457619365112,1.5924593432073293,1.592460636090789,1.5924614980139504,1.592461928975788,1.592461928975788,1.5924614980139504,1.592460636090789,1.5924593432073293,1.592457619365112,1.59245546456619
1.5926060987939503,1.5926082558092418,1.5926099814245587,1.5926112756378445,1.5926121384475584,1.592612569852672,1.592612569852672,1.5926121384475584,1.5926112756378445,1.5926099814245587,1.5926082558092418,1.5926060987939503
1.5927588358718978,1.5927609951293489,1.592762722538397,1.5927640180969842,1.5927648818035665,1.592765313657115,1.592765313657115,1.5927648818035665,1.5927640180969842,1.592762722538397,1.5927609951293489,1.5927588358718978
1.592913687629087,1.5929158491544775,1.5929175783778815,1.5929188752972374,1.5929197399110002,1.5929201722181392,1.5929201722181392,1.5929197399110002,1.5929188752972374,1.5929175783778815,1.5929158491544775,1.592913687629087
1.5930706660189828,1.5930728298380818,1.5930745608964565,1.593075859192043,1.5930767247232938,1.5930771574891773,1.5930771574891773,1.5930767247232938,1.593075859192043,1.5930745608964565,1.5930728298380818,1.5930706660189828
1.5932297831189892,1.5932319492575546,1.593233682171506,1.5932349818587783,1.5932358483178206,1.5932362815476,1.5932362815476,1.5932358483178206,1.5932349818587783,1.593233682171506,1.5932319492575546,1.5932297831189892
1.5933910511299727,1.5933932196137517,1.5933949544038786,1.593396255498284,1.5933971228954165,1.5933975565942413,1.5933975565942413,1.5933971228954165,1.593396255498284,1.5933949544038786,1.5933932196137517,1.5933910511299727
1.593554482375786,1.593556653230514,1.593558389917404,1.593559692434385,1.5935605607799017,1.5935609949529193,1.5935609949529193,1.5935605607799017,1.593559692434385,1.593558389917404,1.593556653230514,1.593554482375786
1.593720089302777,1.593722262554179,1.5937240011584128,1.593725305113403,1.593726174417595,1.5937266090699498,1.5937266090699498,1.593726174417595,1.593725305113403,1.5937240011584128,1.593722262554179,1.593720089302777
1.5938878844793054,1.593890060153094,1.5938918006952418,1.5938931061036705,1.5938939763768218,1.5938944115136575,1.5938944115136575,1.5938939763768218,1.5938931061036705,1.5938918006952418,1.593890060153094,1.5938878844793054
1.594057880595242,1.5940600587171194,1.5940618012177423,1.5940631080950305,1.5940639793474225,1.5940644149738787,1.5940644149738787,1.5940639793474225,1.5940631080950305,1.5940618012177423,1.5940600587171194,1.594057880595242
1.594230090461472,1.5942322710571288,1.5942340155367798,1.5942353238983409,1.59423619614025,1.594236632261465,1.594236632261465,1.59423619614025,1.5942353238983409,1.5942340155367798,1.5942322710571288,1.594230090461472
1.59440452700939,1.5944067101045047,1.594408456583726,1.5944097664449681,1.5944106396866653,1.594411076307775,1.594411076307775,1.5944106396866653,1.5944097664449681,1.594408456583726,1.5944067101045047,1.59440452700939
1.5945812032903894,1.5945833889106287,1.5945851374099547,1.5945864487862773,1.5945873230380303,1.5945877601641674,1.5945877601641674,1.5945873230380303,1.5945864487862773,1.5945851374099547,1.5945833889106287,1.5945812032903894
1.5947601324753489,1.5947623206463675,1.5947640711863218,1.5947653840931186,1.5947662593651888,1.5947666970014853,1.5947666970014853,1.5947662593651888,1.5947653840931186,1.5947640711863218,1.5947623206463675,1.5947601324753489
1.5949413278541111,1.5949435186015528,1.5949452712026504,1.5949465856553073,1.5949474619579518,1.5949479001095366,1.5949479001095366,1.5949474619579518,1.5949465856553073,1.5949452712026504,1.5949435186015528,1.5949413278541111
1.5951248028349625,1.595126996184458,1.5951287508672038,1.5951300668811,1.595130944224572,1.5951313828965705,1.5951313828965705,1.595130944224572,1.5951300668811,1.5951287508672038,1.595126996184458,1.5951248028349625
1.5953105709441016,1.5953127669212706,1.5953145237061597,1.5953158412966664,1.5953167196912137,1.5953171588887498,1.5953171588887498,1.5953167196912137,1.5953158412966664,1.5953145237061597,1.5953127669212706,1.5953105709441016
1.595498645825105,1.5955008444555547,1.595502603363073,1.5955039225455545,1.5955048020014195,1.5955052417296152,1.5955052417296152,1.5955048020014195,1.5955039225455545,1.595502603363073,1.5955008444555547,1.595498645825105
1.5956890412383928,1.5956912425477172,1.5956930035983405,1.595694324388154,1.595695204915575,1.595695645179549,1.595695645179549,1.595695204915575,1.595694324388154,1.5956930035983405,1.5956912425477172,1.5956890412383928
1.5958817710606807,1.5958839750744631,1.5958857382886578,1.5958870607011524,1.5958879423103625,1.5958883831152315,1.5958883831152315,1.5958879423103625,1.5958870607011524,1.5958857382886578,1.5958839750744631,1.5958817710606807
1.5960768492844373,1.5960790560282476,1.5960808214264695,1.5960821454769878,1.596083028178215,1.596083469529093,1.596083469529093,1.596083028178215,1.5960821454769878,1.5960808214264695,1.5960790560282476,1.5960768492844373
1.5962742900173286,1.5962764995167245,1.5962782671194202,1.5962795928232967,1.5962804766267644,1.596280918528763,1.596280918528763,1.5962804766267644,1.5962795928232967,1.5962782671194202,1.5962764995167245,1.5962742900173286
1.5964741074816633,1.5964763197621896,1.596478089589795,1.596479416962357,1.596480301878283,1.5964807443365114,1.5964807443365114,1.596480301878283,1.596479416962357,1.596478089589795,1.5964763197621896,1.5964741074816633
1.5966763160138286,1.596678531101018,1.5966803031739598,1.596681632230527,1.5966825182691247,1.5966829612886893,1.5966829612886893,1.5966825182691247,1.596681632230527,1.5966803031739598,1.596678531101018,1.5966763160138286
1.5968809300637283,1.596883147983101,1.5968849223217947,1.596886253077679,1.5968871402491562,1.5968875838351615,1.5968875838351615,1.5968871402491562,1.596886253077679,1.5968849223217947,1.596883147983101,1.5968809300637283
1.597087964194209,1.5970901849712722,1.5970919615961239,1.59709329406663,1.59709418238119,1.5970946265387367,1.5970946265387367,1.59709418238119,1.59709329406663,1.5970919615961239,1.5970901849712722,1.597087964194209
1.597297433080488,1.5972996567407358,1.597301435672141,1.5973027698725655,1.597303659340406,1.5973041040745934,1.5973041040745934,1.597303659340406,1.5973027698725655,1.597301435672141,1.5972996567407358,1.597297433080488
1.5975093515095706,1.597511578078485,1.5975133593368294,1.597514695282461,1.5975155859137746,1.5975160312296994,1.5975160312296994,1.5975155859137746,1.597514695282461,1.5975133593368294,1.597511578078485,1.5975093515095706
1.597723734379669,1.5977259638827186,1.597727747488377,1.5977290851944979,1.5977299769994726,1.597730422902228,1.597730422902228,1.5977299769994726,1.5977290851944979,1.597727747488377,1.5977259638827186,1.597723734379669
1.597940596699614,1.597942829162255,1.5979446151355918,1.5979459546174755,1.5979468476062935,1.5979472941009711,1.5979472941009711,1.5979468476062935,1.5979459546174755,1.5979446151355918,1.597942829162255,1.597940596699614
1.5981599535882611,1.598162189035936,1.5981639773973064,1.598165318670218,1.5981662128530565,1.598166659944745,1.598166659944745,1.5981662128530565,1.598165318670218,1.5981639773973064,1.598162189035936,1.5981599535882611
1.5983818202738949,1.5983840587320337,1.5983858495017809,1.5983871925809792,1.5983880879680101,1.5983885356617955,1.5983885356617955,1.5983880879680101,1.5983871925809792,1.5983858495017809,1.5983840587320337,1.5983818202738949
1.5986062120936266,1.598608453587646,1.5986102467861039,1.5986115916868386,1.598612488288229,1.5986129365891943,1.5986129365891943,1.598612488288229,1.5986115916868386,1.5986102467861039,1.598608453587646,1.5986062120936266
1.59883314449279,1.5988353890480935,1.5988371846955851,1.5988385314330986,1.59883942925901,1.5988398781722364,1.5988398781722364,1.59883942925901,1.5988385314330986,1.5988371846955851,1.5988353890480935,1.59883314449279
1.5990626330243307,1.599064880666309,1.5990666787831467,1.5990680273726736,1.5990689264332623,1.5990693759638277,1.5990693759638277,1.5990689264332623,1.5990680273726736,1.5990666787831467,1.599064880666309,1.5990626330243307
1.599294693348193,1.5992969441022238,1.5992987447087097,1.5993000951654763,1.5993009954708934,1.5993014456238734,1.5993014456238734,1.5993009954708934,1.5993000951654763,1.5992987447087097,1.5992969441022238,1.599294693348193
1.599529341230702,1.5995315951221487,1.599533398238574,1.5995347505777993,1.59953565213819,1.5995361029186579,1.5995361029186579,1.59953565213819,1.5995347505777993,1.599533398238574,1.5995315951221487,1.599529341230702
1.5997665925439395,1.5997688495981537,1.5997706552447994,1.5997720094816936,1.5997729123071993,1.599773363720225,1.599773363720225,1.5997729123071993,1.5997720094816936,1.5997706552447994,1.5997688495981537,1.5997665925439395
1.600006463265121,1.6000087235074403,1.6000105317045763,1.6000118878543423,1.6000127919550975,1.6000132440057486,1.6000132440057486,1.6000127919550975,1.6000118878543423,1.6000105317045763,1.6000087235074403,1.600006463265121
1.600248969475962,1.600251232931711,1.6002530436995972,1.6002544017774296,1.6002553071635648,1.6002557598569058,1.6002557598569058,1.6002553071635648,1.6002544017774296,1.6002530436995972,1.600251232931711,1.600248969475962
1.6004941273620474,1.6004963940565364,1.6004982074154215,1.6004995674365077,1.6005004741181463,1.6005009274592403,1.6005009274592403,1.6005004741181463,1.6004995674365077,1.6004982074154215,1.6004963940565364,1.6004941273620474
1.600741953212188,1.6007442231707154,1.6007460391408381,1.600747401120356,1.6007483091076182,1.6007487631015245,1.6007487631015245,1.6007483091076182,1.600747401120356,1.6007460391408381,1.6007442231707154,1.600741953212188
1.6009924634177837,1.6009947366656336,1.6009965552672216,1.6009979192203425,1.600998828523342,1.6009992831751176,1.6009992831751176,1.600998828523342,1.6009979192203425,1.6009965552672216,1.6009947366656336,1.6009924634177837
1.6012456744721737,1.6012479510346174,1.6012497722878876,1.601251138229774,1.6012520488586193,1.6012525041733183,1.6012525041733183,1.6012520488586193,1.601251138229774,1.6012497722878876,1.6012479510346174,1.6012456744721737
1.601501602969987,1.6015038828722825,1.6015057067974412,1.6015070747432483,1.6015079867080426,1.601508442690717,1.601508442690717,1.6015079867080426,1.6015070747432483,1.6015057067974412,1.6015038828722825,1.601501602969987
1.6017602656064904,1.6017625488738823,1.6017643754911253,1.6017657454559995,1.601766658766841,1.601767115422539,1.601767115422539,1.601766658766841,1.6017657454559995,1.6017643754911253,1.6017625488738823,1.6017602656064904
1.6020216791769282,1.6020239658346473,1.6020257951641597,1.6020271671632407,1.6020280818302215,1.6020285391639904,1.6020285391639904,1.6020280818302215,1.6020271671632407,1.6020257951641597,1.6020239658346473,1.6020216791769282
1.6022858605758623,1.602288150649127,1.6022899827110835,1.6022913567595016,1.6022922727927094,1.6022927308095918,1.6022927308095918,1.6022922727927094,1.6022913567595016,1.6022899827110835,1.602288150649127,1.6022858605758623
1.602552826796507,1.6025551203105217,1.6025569551250858,1.602558331237964,1.6025592486474807,1.6025597073525184,1.6025597073525184,1.6025592486474807,1.602558331237964,1.6025569551250858,1.6025551203105217,1.602552826796507
1.6028225949300592,1.6028248919100154,1.6028267294973402,1.6028281076897932,1.6028290264856957,1.6028294858839267,1.6028294858839267,1.6028290264856957,1.6028281076897932,1.6028267294973402,1.6028248919100154,1.6028225949300592
1.6030951821650261,1.603097482636102,1.60309932301633,1.6031007033034657,1.6031016234958244,1.6031020835922847,1.6031020835922847,1.6031016234958244,1.6031007033034657,1.60309932301633,1.603097482636102,1.6030951821650261
1.6033706057865504,1.603372909773911,1.6033747529671745,1.6033761353640907,1.603377056962973,1.6033775177626954,1.6033775177626954,1.603377056962973,1.6033761353640907,1.6033747529671745,1.603372909773911,1.6033706057865504
1.6036488831757298,1.6036511907045263,1.6036530367309465,1.6036544212527355,1.603655344268201,1.603655805776216,1.603655805776216,1.603655344268201,1.6036544212527355,1.6036530367309465,1.6036511907045263,1.6036488831757298
1.6039300318089325,1.6039323429043038,1.603934191783992,1.603935578445736,1.6039365028878414,1.6039369651091764,1.6039369651091764,1.6039365028878414,1.603935578445736,1.603934191783992,1.6039323429043038,1.6039300318089325
1.604214069257113,1.6042163839441843,1.6042182356972408,1.6042196245140163,1.6042205503928106,1.6042210133324912,1.6042210133324912,1.6042205503928106,1.6042196245140163,1.6042182356972408,1.6042163839441843,1.604214069257113
1.60450101318512,1.604503331489004,1.604505186135519,1.604506577122393,1.6045075044479222,1.6045079681109709,1.6045079681109709,1.6045075044479222,1.604506577122393,1.604505186135519,1.604503331489004,1.60450101318512
1.6047908813510052,1.604793203296801,1.6047950608568538,1.6047964540288862,1.6047973828111897,1.6047978472026263,1.6047978472026263,1.6047973828111897,1.6047964540288862,1.6047950608568538,1.604793203296801,1.6047908813510052
1.605083691605324,1.6050860172181183,1.6050878777117783,1.6050892730840207,1.6050902033331336,1.6050906684579753,1.6050906684579753,1.6050902033331336,1.6050892730840207,1.6050878777117783,1.6050860172181183,1.605083691605324
1.605379461890438,1.6053817911953039,1.6053836546426297,1.6053850522301267,1.6053859839560785,1.6053864498193404,1.6053864498193404,1.6053859839560785,1.6053850522301267,1.6053836546426297,1.6053817911953039,1.605379461890438
1.605678210239809,1.6056805432618073,1.605682409682848,1.6056838095006358,1.6056847427134509,1.605685209320145,1.605685209320145,1.6056847427134509,1.6056838095006358,1.605682409682848,1.6056805432618073,1.605678210239809
1.6059799547772955,1.6059822915414739,1.6059841609562673,1.6059855630193753,1.6059864977290723,1.6059869650842087,1.6059869650842087,1.6059864977290723,1.6059855630193753,1.6059841609562673,1.6059822915414739,1.6059799547772955
1.60628471371644,1.606287054247834,1.6062889266764087,1.6062903309998577,1.6062912672164515,1.6062917353250366,1.6062917353250366,1.6062912672164515,1.6062903309998577,1.6062889266764087,1.606287054247834,1.60628471371644
1.60659250535976,1.6065948496833915,1.6065967251457653,1.6065981317445692,1.6065990694780683,1.6065995383451073,1.6065995383451073,1.6065990694780683,1.6065981317445692,1.6065967251457653,1.6065948496833915,1.60659250535976
1.606903348098028,1.6069056962389072,1.6069075747550885,1.606908983644253,1.606909922904662,1.6069103925351564,1.6069103925351564,1.606909922904662,1.606908983644253,1.6069075747550885,1.6069056962389072,1.606903348098028
1.6072172604095563,1.6072196123926805,1.607221493982667,1.607222905177191,1.607223845974509,1.607224316373458,1.607224316373458,1.607223845974509,1.607222905177191,1.607221493982667,1.6072196123926805,1.6072172604095563
1.607534260859472,1.6075366167098268,1.607538501393607,1.6075399149084815,1.6075408572527023,1.607541328425104,1.607541328425104,1.6075408572527023,1.6075399149084815,1.607538501393607,1.6075366167098268,1.607534260859472
1.607854368098997,1.6078567278415548,1.6078586156391066,1.6078600314893154,1.6078609753904285,1.6078614473412771,1.6078614473412771,1.6078609753904285,1.6078600314893154,1.6078586156391066,1.6078567278415548,1.607854368098997
1.608177600864715,1.6081799645244363,1.6081818554557288,1.6081832736562485,1.6081842191242384,1.608184691858526,1.608184691858526,1.6081842191242384,1.6081832736562485,1.6081818554557288,1.6081799645244363,1.608177600864715
1.6085039779778456,1.608506345579679,1.6085082396646704,1.6085096602304705,1.6085106072753164,1.6085110807980332,1.6085110807980332,1.6085106072753164,1.6085096602304705,1.6085082396646704,1.608506345579679,1.6085039779778456
1.608833518343508,1.60883588991239,1.6088377871710302,1.6088392101170723,1.6088401587487493,1.6088406330648821,1.6088406330648821,1.6088401587487493,1.6088392101170723,1.6088377871710302,1.60883588991239,1.608833518343508
1.6091662409499874,1.6091686165108425,1.6091705169630717,1.609171942304311,1.6091728925327886,1.609173367647323,1.609173367647323,1.6091728925327886,1.609171942304311,1.6091705169630717,1.6091686165108425,1.6091662409499874
1.609502164867996,1.6095045444457377,1.6095064481114851,1.60950787586287,1.609508827698114,1.609509303616032,1.609509303616032,1.609508827698114,1.60950787586287,1.6095064481114851,1.6095045444457377,1.609502164867996
1.6098413092499304,1.6098436928694593,1.609845599768648,1.6098470299451186,1.6098479833970898,1.6098484601233722,1.6098484601233722,1.6098479833970898,1.6098470299451186,1.609845599768648,1.6098436928694593,1.6098413092499304
1.6101836933291314,1.610186081015338,1.6101879911678783,1.61018942378437,1.6101903788630236,1.6101908564026486,1.6101908564026486,1.6101903788630236,1.61018942378437,1.6101879911678783,1.610186081015338,1.6101836933291314
1.6105293364191335,1.6105317281968963,1.6105336416226923,1.6105350766941309,1.6105360334094196,1.610536511767363,1.610536511767363,1.6105360334094196,1.6105350766941309,1.6105336416226923,1.6105317281968963,1.6105293364191335
1.6108782579129204,1.6108806538071065,1.6108825705260519,1.6108840080673588,1.610884966429229,1.6108854456104642,1.6108854456104642,1.610884966429229,1.6108840080673588,1.6108825705260519,1.6108806538071065,1.6108782579129204
1.6112304772821713,1.611232877317637,1.611234797349617,1.6112362373757059,1.6112371973941009,1.6112376774035986,1.6112376774035986,1.6112371973941009,1.6112362373757059,1.611234797349617,1.611232877317637,1.6112304772821713
1.611586014076508,1.611588418278099,1.61159034164299,1.6115917841687684,1.611592745853626,1.6115932266963564,1.6115932266963564,1.611592745853626,1.6115917841687684,1.61159034164299,1.611588418278099,1.611586014076508
1.6119448879227403,1.611947296315291,1.6119492230329608,1.6119506680733302,1.6119516314345848,1.6119521131155143,1.6119521131155143,1.6119516314345848,1.6119506680733302,1.6119492230329608,1.611947296315291,1.6119448879227403
1.612307118524107,1.6123095311324422,1.6123114612227505,1.612312908792605,1.6123138738401859,1.6123143563642794,1.6123143563642794,1.6123138738401859,1.612312908792605,1.6123114612227505,1.6123095311324422,1.612307118524107
1.6126727256595172,1.6126751425084502,1.6126770759912477,1.6126785261054761,1.612679492849309,1.6126799762215298,1.6126799762215298,1.612679492849309,1.6126785261054761,1.6126770759912477,1.6126751425084502,1.6126727256595172
1.6130417291827854,1.61304415029712,1.6130460871922505,1.6130475398657345,1.6130485083157418,1.6130489925410503,1.6130489925410503,1.6130485083157418,1.6130475398657345,1.6130460871922505,1.61304415029712,1.6130417291827854
1.6134141490218712,1.6134165744264006,1.6134185147536984,1.6134199700013152,1.6134209401674133,1.613421425250769,1.613421425250769,1.6134209401674133,1.6134199700013152,1.6134185147536984,1.6134165744264006,1.6134141490218712
1.6137900051781087,1.613792434897617,1.6137943786769093,1.6137958365135285,1.613796808405632,1.6137972943519912,1.6137972943519912,1.613796808405632,1.6137958365135285,1.6137943786769093,1.613792434897617,1.6137900051781087
1.6141693177254417,1.6141717517847023,1.6141736990358087,1.6141751594762956,1.614176133104314,1.6141766199186312,1.6141766199186312,1.614176133104314,1.6141751594762956,1.6141736990358087,1.6141717517847023,1.6141693177254417
1.6145521068096507,1.614554545233429,1.614556495976161,1.6145579590353742,1.6145589344092133,1.6145594220964423,1.6145594220964423,1.6145589344092133,1.6145579590353742,1.614556495976161,1.614554545233429,1.6145521068096507
1.614938392647583,1.6149408354606343,1.6149427897147965,1.6149442554075895,1.614945232537152,1.6149457211022433,1.6149457211022433,1.614945232537152,1.6149442554075895,1.6149427897147965,1.6149408354606343,1.614938392647583
1.6153281955263783,1.6153306427534484,1.6153326005388384,1.6153340688800588,1.615335047775243,1.6153355372231464,1.6153355372231464,1.615335047775243,1.6153340688800588,1.6153326005388384,1.6153306427534484,1.6153281955263783
1.6157215358026913,1.6157239874685183,1.6157259488049258,1.6157274198094167,1.6157284004801182,1.615728890815781,1.615728890815781,1.6157284004801182,1.6157274198094167,1.6157259488049258,1.6157239874685183,1.6157215358026913
1.6161184339019172,1.6161208900312296,1.616122854938438,1.6161243286210374,1.6161253110771474,1.6161258023055156,1.6161258023055156,1.6161253110771474,1.6161243286210374,1.616122854938438,1.6161208900312296,1.6161184339019172
1.6165189103174102,1.6165213709349289,1.6165233394327152,1.6165248158082546,1.6165258000596623,1.61652629218568,1.61652629218568,1.6165258000596623,1.6165248158082546,1.6165233394327152,1.6165213709349289,1.6165189103174102
1.6169229856097047,1.616925450740142,1.616927422848276,1.6169289019315842,1.6169298879881737,1.616930381016784,1.616930381016784,1.6169298879881737,1.6169289019315842,1.616927422848276,1.616925450740142,1.6169229856097047
1.617330680405732,1.6173331500737929,1.6173351258120383,1.6173366076179374,1.617337595489592,1.6173380894257354,1.6173380894257354,1.617337595489592,1.6173366076179374,1.6173351258120383,1.6173331500737929,1.617330680405732
1.6177420153980375,1.6177444896284188,1.617746469016534,1.6177479535598427,1.6177489432564405,1.617749438105057,1.617749438105057,1.6177489432564405,1.6177479535598427,1.617746469016534,1.6177444896284188,1.6177420153980375
1.6181570113439963,1.6181594901613872,1.6181614732191232,1.6181629605146561,1.6181639520460736,1.6181644478121004,1.6181644478121004,1.6181639520460736,1.6181629605146561,1.6181614732191232,1.6181594901613872,1.6181570113439963
1.6185756890650238,1.6185781724941075,1.6185801592412115,1.6185816493037775,1.6185826426798873,1.6185831393682624,1.6185831393682624,1.6185826426798873,1.6185816493037775,1.6185801592412115,1.6185781724941075,1.6185756890650238
1.6189980694457935,1.6190005575112454,1.6190025479674572,1.6190040408118622,1.6190050360425354,1.6190055336581928,1.6190055336581928,1.6190050360425354,1.6190040408118622,1.6190025479674572,1.6190005575112454,1.6189980694457935
1.6194241734334425,1.6194266661599317,1.6194286603449872,1.619430155986033,1.619431153081137,1.6194316516290113,1.6194316516290113,1.619431153081137,1.619430155986033,1.6194286603449872,1.6194266661599317,1.6194241734334425
1.619854022036785,1.6198565194489745,1.619858517382604,1.6198600158350884,1.6198610148044887,1.619861514289512,1.619861514289512,1.6198610148044887,1.6198600158350884,1.619858517382604,1.6198565194489745,1.619854022036785
1.62028763632552,1.6202901384480666,1.6202921401499957,1.620293641428713,1.6202946422822726,1.6202951427093768,1.6202951427093768,1.6202946422822726,1.620293641428713,1.6202921401499957,1.6202901384480666,1.62028763632552
1.620725037429439,1.6207275442869937,1.6207295497769438,1.620731053896685,1.6207320566442645,1.6207325580183798,1.6207325580183798,1.6207320566442645,1.620731053896685,1.6207295497769438,1.6207275442869937,1.620725037429439
1.6211662465376333,1.621168758154842,1.6211707674525293,1.621172274428082,1.62117327907954,1.6211737814055955,1.6211737814055955,1.62117327907954,1.621172274428082,1.6211707674525293,1.621168758154842,1.6211662465376333
1.621611284897699,1.6216138012992023,1.62161581442434,1.6216173242704888,1.6216183308356813,1.6216188341186053,1.6216188341186053,1.6216183308356813,1.6216173242704888,1.62161581442434,1.6216138012992023,1.621611284897699
1.6220601738149427,1.6220626950253765,1.6220647119976732,1.6220662247291997,1.6220672332179815,1.6220677374627015,1.6220677374627015,1.6220672332179815,1.6220662247291997,1.6220647119976732,1.6220626950253765,1.6220601738149427
1.6225129346515852,1.6225154606955805,1.6225174815347416,1.6225189971664253,1.6225200075886486,1.622520512800091,1.622520512800091,1.6225200075886486,1.6225189971664253,1.6225174815347416,1.6225154606955805,1.6225129346515852
1.6229695888259648,1.6229721197281493,1.6229741444538763,1.622975663000493,1.6229766753660102,1.6229771815491,1.6229771815491,1.6229766753660102,1.622975663000493,1.6229741444538763,1.6229721197281493,1.6229695888259648
1.6234301578117405,1.6234326935967367,1.6234347222287289,1.6234362437050534,1.6234372580237126,1.6234377651833758,1.6234377651833758,1.6234372580237126,1.6234362437050534,1.6234347222287289,1.6234326935967367,1.6234301578117405
1.6238946631370916,1.6238972038295203,1.6238992363874738,1.6239007608082778,1.6239017770899284,1.6239022852310878,1.6239022852310878,1.6239017770899284,1.6239007608082778,1.6238992363874738,1.6238972038295203,1.6238946631370916
1.6243631263839236,1.6243656720084008,1.6243677085120085,1.6243692358920638,1.6243702541465512,1.624370763274131,1.624370763274131,1.6243702541465512,1.6243692358920638,1.6243677085120085,1.6243656720084008,1.6243631263839236
1.6248355691870635,1.624838119768204,1.624840160237158,1.6248416905912308,1.624842710828403,1.6248432209473251,1.6248432209473251,1.624842710828403,1.6248416905912308,1.624840160237158,1.624838119768204,1.6248355691870635
1.6253120132334649,1.6253145687958799,1.6253166132498693,1.6253181465927282,1.6253191688224282,1.6253196799376162,1.6253196799376162,1.6253191688224282,1.6253181465927282,1.6253166132498693,1.6253145687958799,1.6253120132334649
1.6257924802614048,1.6257950408297035,1.6257970892884164,1.6257986256348271,1.6257996498668994,1.6258001619832751,1.6258001619832751,1.6257996498668994,1.6257986256348271,1.6257970892884164,1.6257950408297035,1.6257924802614048
1.626276992059685,1.6262795576584752,1.6262816101415973,1.6262831495063248,1.6262841757506126,1.6262846888730973,1.6262846888730973,1.6262841757506126,1.6262831495063248,1.6262816101415973,1.6262795576584752,1.626276992059685
1.626765570466829,1.6267681411207169,1.6267701976479343,1.6267717400457422,1.6267727683120885,1.6267732824456038,1.6267732824456038,1.6267727683120885,1.6267717400457422,1.6267701976479343,1.6267681411207169,1.626765570466829
1.6272582373702833,1.6272608131038748,1.6272628736948713,1.6272644191405239,1.6272654494387708,1.6272659645882377,1.6272659645882377,1.6272654494387708,1.6272644191405239,1.6272628736948713,1.6272608131038748,1.6272582373702833
1.6277550147056157,1.6277575955435157,1.6277596602179756,1.6277612087262354,1.6277622410662256,1.6277627572365656,1.6277627572365656,1.6277622410662256,1.6277612087262354,1.6277596602179756,1.6277575955435157,1.6277550147056157
1.628255924455713,1.6282585104225262,1.6282605792001337,1.6282621307857643,1.628263165177339,1.628263682373473,1.628263682373473,1.628263165177339,1.6282621307857643,1.6282605792001337,1.6282585104225262,1.628255924455713
1.6287609886499808,1.628763579770312,1.6287656526707508,1.628767207348515,1.6287682438015174,1.6287687620283664,1.6287687620283664,1.6287682438015174,1.628767207348515,1.6287656526707508,1.628763579770312,1.6287609886499808
1.6292702293635402,1.629272825661995,1.62927490270495,1.6292764604896117,1.6292774990138834,1.629278018276369,1.629278018276369,1.6292774990138834,1.6292764604896117,1.62927490270495,1.629272825661995,1.6292702293635402
1.6297836687164282,1.6297862702176134,1.6297883514227705,1.6297899123290933,1.629790952934478,1.6297914732375212,1.6297914732375212,1.629790952934478,1.6297899123290933,1.6297883514227705,1.6297862702176134,1.6297836687164282
1.630301328872796,1.6303039356013196,1.6303060209883649,1.6303075850311148,1.6303086277274552,1.6303091490759778,1.6303091490759778,1.6303086277274552,1.6303075850311148,1.6303060209883649,1.6303039356013196,1.630301328872796
1.6308232320401075,1.630825844020579,1.630827933609201,1.6308295008031437,1.6308305456002847,1.6308310679992088,1.6308310679992088,1.6308305456002847,1.6308295008031437,1.630827933609201,1.630825844020579,1.6308232320401075
1.6313494004683375,1.6313520177253698,1.6313541115352583,1.6313556818951618,1.631356728802948,1.6313572522571962,1.6313572522571962,1.631356728802948,1.6313556818951618,1.6313541115352583,1.6313520177253698,1.6313494004683375
1.6318798564491732,1.631882479007381,1.6318845770582286,1.631886150598862,1.6318871996271396,1.6318877241416356,1.6318877241416356,1.6318871996271396,1.631886150598862,1.6318845770582286,1.631882479007381,1.6318798564491732
1.6324146223152116,1.6324172501992138,1.6324193525107151,1.6324209292468495,1.6324219804054665,1.6324225059851336,1.6324225059851336,1.6324219804054665,1.6324209292468495,1.6324193525107151,1.6324172501992138,1.6324146223152116
1.6329537204391618,1.6329563536735796,1.6329584602654326,1.6329600402118412,1.6329610935106469,1.6329616201604091,1.6329616201604091,1.6329610935106469,1.6329600402118412,1.6329584602654326,1.6329563536735796,1.6329537204391618
1.6334971732330428,1.6334998118425028,1.6335019227344079,1.6335035059058673,1.6335045613547117,1.6335050890794953,1.6335050890794953,1.6335045613547117,1.6335035059058673,1.6335019227344079,1.6334998118425028,1.6334971732330428
1.6340450031473868,1.6340476471565193,1.634049762368182,1.6340513487794706,1.6340524063882063,1.634052935192937,1.634052935192937,1.6340524063882063,1.6340513487794706,1.634049762368182,1.6340476471565193,1.6340450031473868
1.63459723267044,1.634599882103881,1.6346020016550094,1.6346035913209085,1.6346046510993901,1.6346051809889957,1.6346051809889957,1.6346046510993901,1.6346035913209085,1.6346020016550096,1.634599882103881,1.63459723267044
1.6351538843273636,1.635156539209754,1.6351586631200619,1.6351602560553569,1.635161318013441,1.6351618489928494,1.6351618489928494,1.6351613180134412,1.6351602560553569,1.635158663120062,1.6351565392097545,1.635153884327364
1.6357149806794393,1.6357176410354264,1.635719769324631,1.6357213655441103,1.6357224296916562,1.635722961765797,1.6357229617657971,1.6357224296916562,1.6357213655441103,1.635719769324631,1.6357176410354266,1.6357149806794398
1.6362805443232695,1.6362832101775067,1.6362853428653314,1.6362869423837876,1.6362880087306566,1.636288541904461,1.636288541904461,1.6362880087306568,1.6362869423837876,1.6362853428653317,1.6362832101775067,1.6362805443232695
1.6368505978899834,1.6368532692671316,1.6368554063733058,1.6368570092055348,1.6368580777615924,1.6368586120399922,1.6368586120399922,1.6368580777615924,1.636857009205535,1.6368554063733058,1.6368532692671318,1.6368505978899837
1.6374251640444433,1.6374278409691705,1.6374299825134278,1.6374315886742319,1.6374326594493445,1.637433194837274,1.6374331948372742,1.637432659449345,1.6374315886742323,1.6374299825134282,1.637427840969171,1.637425164044444
1.6380042654844478,1.63800694798143,1.6380090939835124,1.638010703487697,1.638011776491736,1.63801231299413,1.63801231299413,1.6380117764917361,1.6380107034876976,1.6380090939835132,1.638006947981431,1.6380042654844484
1.6385879249399418,1.6385906130338634,1.6385927635135185,1.6385943763758946,1.6385954516187335,1.6385959892405297,1.63859598924053,1.638595451618734,1.6385943763758957,1.6385927635135196,1.6385906130338648,1.6385879249399429
1.6391761651722212,1.6391788588877765,1.639181013864759,1.6391826301001433,1.6391837075916604,1.639184246337797,1.6391842463377972,1.6391837075916613,1.6391826301001444,1.639181013864761,1.639178858887778,1.6391761651722228
1.6397690089731451,1.639771708335037,1.63977386782911,1.6397754874523243,1.639776567202401,1.639777107077819,1.63977710707782,1.6397765672024018,1.6397754874523267,1.639773867829112,1.6397717083350396,1.6397690089731478
1.6403664791643446,1.6403691841972856,1.6403713482282196,1.6403729712540929,1.6403740532726139,1.6403745942822574,1.6403745942822574,1.6403740532726165,1.6403729712540953,1.6403713482282232,1.6403691841972896,1.6403664791643477
1.6409685985964324,1.6409713093251468,1.6409734779127216,1.6409751043560874,1.6409761886529437,1.6409767308017558,1.640976730801757,1.6409761886529464,1.6409751043560914,1.640973477912726,1.6409713093251521,1.6409685985964373
1.6415753901482184,1.641578106597441,1.6415802797614438,1.6415819096371445,1.6415829962222297,1.6415835395151588,1.64158353951516,1.6415829962222337,1.64158190963715,1.641580279761451,1.6415781065974482,1.641575390148225
1.642186876725921,1.6421895989203983,1.6421917766806273,1.6421934100035103,1.6421944988867239,1.642195043328719,1.6421950433287211,1.642194498886729,1.6421934100035185,1.6421917766806369,1.642189598920409,1.642186876725931
1.6428030812623833,1.6428058092268736,1.642807991603136,1.6428096283880576,1.6428107195793034,1.642811265175317,1.642811265175319,1.6428107195793111,1.642809628388069,1.6428079916031506,1.6428058092268891,1.642803081262397
1.643424026716289,1.6434267604755646,1.6434289474876778,1.643430587749501,1.6434316812586882,1.6434322280136744,1.6434322280136784,1.6434316812586984,1.6434305877495177,1.643428947487698,1.6434267604755861,1.6434240267163096
1.6440497360713813,1.6440524756502262,1.6440546673180185,1.6440563110716147,1.6440574069086575,1.6440579548275749,1.64405795482758,1.644057406908673,1.644056311071638,1.6440546673180472,1.6440524756502566,1.6440497360714095
1.6446802323356795,1.644682977758893,1.6446851741022037,1.644686821362453,1.644687919537272,1.64468846862508,1.644688468625088,1.6446879195372932,1.6446868213624861,1.6446851741022437,1.6446829777589358,1.64468023233572
1.6453155385407028,1.645318289833098,1.6453204908717778,1.6453221416535693,1.6453232421760902,1.6453237924377537,1.6453237924377637,1.6453232421761208,1.6453221416536157,1.645320490871835,1.6453182898331584,1.6453155385407596
1.6459556777406912,1.6459584349270961,1.6459606406810086,1.6459622949992392,1.6459633978793957,1.6459639493198805,1.6459639493198954,1.6459633978794384,1.6459622949993051,1.6459606406810892,1.6459584349271816,1.6459556777407718
1.6466006730118294,1.6466034361170871,1.6466056466061079,1.6466073044756864,1.6466084097234162,1.646608962347694,1.646608962347715,1.6466084097234768,1.646607304475779,1.6466056466062218,1.6466034361172082,1.646600673011943
1.6472505474514714,1.6472533165004422,1.6472555317444604,1.6472571931803035,1.6472583008055541,1.6472588546185989,1.6472588546186282,1.6472583008056396,1.6472571931804345,1.6472555317446211,1.6472533165006131,1.6472505474516321
1.64790532417737,1.6479080991949302,1.6479103192138478,1.6479119842308845,1.6479130942436093,1.6479136492503998,1.6479136492504416,1.6479130942437297,1.6479119842310694,1.6479103192140747,1.6479080991951718,1.6479053241775972
1.6485650263269036,1.6485678073379464,1.64857003215168,1.6485717007648497,1.6485728131750108,1.648573369380531,1.6485733693805902,1.6485728131751813,1.6485717007651108,1.6485700321520012,1.6485678073382877,1.6485650263272238
1.6492296770563064,1.6492324640857434,1.6492346937142248,1.6492363659384783,1.6492374807560464,1.6492380381652856,1.649238038165369,1.649237480756287,1.6492363659388478,1.649234693714678,1.649232464086226,1.6492296770567598
1.6498992995399029,1.6499020926126633,1.6499043270758391,1.6499060029261405,1.649907120161096,1.64990767877905,1.6499076787791684,1.6499071201614366,1.6499060029266621,1.649904327076479,1.6499020926133443,1.6498992995405428
1.6505739169693385,1.65057671611037,1.650578955428203,1.6505806349195307,1.6505817545818644,1.6505823144135374,1.6505823144137044,1.6505817545823454,1.6505806349202674,1.6505789554291073,1.650576716111332,1.6505739169702425
1.651253552552817,1.6512563577870865,1.6512586019795568,1.6512602851269025,1.6512614072266187,1.6512619682770235,1.6512619682772594,1.6512614072272984,1.6512602851279439,1.651258601980834,1.6512563577884456,1.6512535525540943
1.6519382295143372,1.6519410408668298,1.6519432899539348,1.651944976772308,1.651946101319425,1.6519466635935864,1.65194666359392,1.651946101320385,1.651944976773779,1.6519432899557396,1.6519410408687503,1.6519382295161418
1.6526279710929284,1.6526307885886493,1.6526330425904059,1.6526347330948334,1.6526358600993873,1.6526364236023459,1.652636423602817,1.6526358601007438,1.652634733096912,1.6526330425929558,1.6526307885913627,1.6526279710954783
1.6533228005418932,1.6533256242058656,1.6533278831423108,1.6533295773478418,1.6533307068198893,1.6533312715567052,1.653331271557371,1.6533307068218062,1.6533295773507786,1.6533278831459133,1.6533256242096994,1.6533228005454956
1.6540227411280437,1.6540255709853098,1.6540278348765018,1.6540295327982104,1.654030664747836,1.654031230723596,1.6540312307245366,1.654030664750544,1.6540295328023598,1.654027834881592,1.6540255709907261,1.6540227411331334
1.6547278161309424,1.654730652206561,1.6547329210725834,1.654734622725574,1.654735757162896,1.6547363243827227,1.6547363243840516,1.654735757166722,1.6547346227314361,1.6547329210797743,1.6547306522142133,1.6547278161381331
1.6554380488421394,1.6554408911611858,1.6554431650221484,1.6554448704215625,1.6554460073567454,1.6554465758258101,1.6554465758276873,1.655446007362151,1.6554448704298446,1.6554431650323083,1.6554408911719973,1.6554380488522988
1.6561534625644114,1.6561563111519721,1.6561585900280162,1.6561602991890436,1.6561614386323118,1.6561620083558526,1.6561620083585054,1.6561614386399486,1.656160299200745,1.6561585900423696,1.6561563111672468,1.6561534625787648
1.6568740806109898,1.6568769354921618,1.6568792194034638,1.6568809323413562,1.6568820743030153,1.6568826452863639,1.656882645290111,1.6568820743138057,1.6568809323578877,1.6568792194237432,1.656876935513742,1.6568740806312687
1.6575999263047898,1.6576027875046713,1.6576050764714525,1.6576067932015421,1.6576079376920103,1.6576085099406264,1.6576085099459212,1.6576079377072546,1.6576067932248983,1.657605076500103,1.65760278753516,1.65759992633344
1.6583310229776234,1.6583338905213074,1.6583361845638418,1.6583379051015705,1.6583390521314183,1.6583396256509437,1.658339625658423,1.658339052152956,1.6583379051345684,1.6583361846043192,1.6583338905643823,1.6583310230181005
1.6590673939694014,1.6590702678819613,1.6590725670205901,1.6590742913815484,1.6590754409615593,1.659076015757887,1.659076015768455,1.659075440991988,1.6590742914281675,1.6590725670777773,1.6590702679428182,1.6590673940265879
1.6598090626273088,1.6598119429337814,1.6598142471889328,1.6598159753889123,1.6598171275301667,1.6598177036095474,1.6598177036244774,1.6598171275731564,1.659815975454777,1.6598142472697273,1.6598119430197609,1.6598090627081021
1.6605560523049496,1.6605589390303095,1.6605612484225252,1.660562980477599,1.660564135191591,1.6605647125607739,1.6605647125818672,1.6605641352523277,1.6605629805706528,1.6605612485366723,1.6605589391517817,1.660556052419096
1.6613083863614453,1.661311279530565,1.6613135940805397,1.6613153300071695,1.661316487305975,1.6613170659724141,1.6613170660022154,1.661316487391784,1.661315330138637,1.6613135942418082,1.6613112797021827,1.6613083865227123
1.6620660881604603,1.6620689877980608,1.6620713075266946,1.662073047341885,1.6620742072383954,1.6620747872105381,1.6620747872526418,1.6620742073596284,1.662073047527624,1.6620713077545368,1.6620689880405242,1.6620660883883
1.6628291810691338,1.6628320871997084,1.662834412128184,1.6628361558496998,1.6628373183579561,1.6628378996456497,1.662837899705134,1.662837318529235,1.6628361561121139,1.662834412450082,1.662832087542264,1.6628291813910288
1.6635976884568722,1.6636006011045814,1.6636029312544698,1.6636046789011423,1.663605844036804,1.6636064266518724,1.663606426735913,1.663605844278789,1.6636046792718846,1.6636029317092513,1.663600601588548,1.6635976889116495
1.6643716336939438,1.6643745528824647,1.6643768882758765,1.6643786398680378,1.6643798076490453,1.6643803916061017,1.6643803917248352,1.664379807990925,1.6643786403918264,1.6643768889183972,1.6643745535662182,1.6643716343364583
1.6651510401497915,1.6651539659021077,1.6651563065619066,1.6651580621219995,1.6651592325695126,1.6651598178871094,1.6651598180548575,1.665159233052524,1.6651580628620142,1.6651563074696671,1.665153966868123,1.6651510410575436
1.6659359311909545,1.6659388635290555,1.6659412094791572,1.665942969032601,1.6659441421723216,1.665944728874573,1.6659447291115697,1.6659441428547255,1.665942970078103,1.665941210761652,1.665938864893853,1.6659359324734373
1.6667263301784228,1.666729269122881,1.66673162038868,1.6667333839650904,1.6667345598291319,1.6667351479480081,1.6667351482828399,1.6667345607932402,1.666733385442188,1.6667316222006041,1.666729271051083,1.6667263319903294
1.6675222604642028,1.6675252060335768,1.667527562642543,1.667529330277457,1.6675305089069865,1.6675310984855543,1.667531098958608,1.6675305102690903,1.6675293323643177,1.6675275652024508,1.6675252087577634,1.6675222630240862
1.6683237453867588,1.6683266975967457,1.6683290595792726,1.6683308313165839,1.6683320127655552,1.668332603862554,1.6683326045308906,1.6683320146899514,1.6683308342649261,1.6683290631959404,1.6683267014455092,1.6683237490033922
1.6691308082648648,1.6691337671271078,1.669136134517708,1.6691379104131097,1.6691390947535343,1.6691396874498468,1.66913968839408,1.6691390974723441,1.6691379145785619,1.6691361396273792,1.6691337725646864,1.6691308133744878
1.669943472389219,1.669946437909618,1.669948810748611,1.6699505908744572,1.6699517782038544,1.669952372611641,1.6699523739456654,1.669951782045021,1.6699505967594575,1.6699488179676152,1.6699464455918935,1.6699434796081545
1.67076176101088,1.670764733187208,1.6707671115231073,1.6707688959752827,1.6707700864272037,1.6707706827028144,1.6707706845875394,1.6707700918540496,1.670768904289681,1.6707671217222022,1.670764744040818,1.670761771209878
1.6715856973252312,1.6715886761437624,1.6715910600366461,1.6715928489442708,1.6715940427031666,1.6715946410653784,1.6715946437281404,1.6715940503702784,1.6715928606909507,1.6715910744460483,1.6715886914778708,1.6715857117344959
1.6724153044496037,1.6724182898803546,1.6724206794066276,1.672422472945767,1.6724236702679958,1.6724242710237813,1.672424274785763,1.6724236811001825,1.6724224895416158,1.6724206997644009,1.6724183115445643,1.6724153248071836
1.6732506053919636,1.6732535973819627,1.6732559926410835,1.6732577910541222,1.6732589922976266,1.6732595958785583,1.6732596011935303,1.6732590076014682,1.673257814500934,1.6732560214027867,1.6732536279894148,1.6732506341533935
1.6740916230069491,1.6740946214707342,1.6740970225947203,1.6740988262177274,1.674100031883964,1.6741006388976496,1.674100646406705,1.6741000535054125,1.6740988593436603,1.674097063229595,1.6740946647133048,1.674091663641437
1.6749383799340516,1.6749413847402403,1.6749437919070962,1.6749456012084931,1.6749468120016724,1.674947423304419,1.6749474339133013,1.6749468425487106,1.6749456480092029,1.674943849316528,1.6749414458338556,1.6749384373429372
1.675790898510563,1.6757939094628789,1.6757963229155681,1.6757981385507552,1.675799355461536,1.6757999722610173,1.675799987249372,1.6757993986187527,1.6757982046713515,1.6757964040242928,1.6757939957766612,1.675790979618515
1.6766492006488636,1.6766522174593304,1.6766546375325797,1.6766564604211187,1.6766576848448547,1.6766583088451574,1.6766583300208817,1.6766577458178813,1.6766565538370792,1.6766547521239459,1.6766523394044632,1.6766493152391377
1.6775133076633415,1.677516329914406,1.6775187570725767,1.6775205885072364,1.6775218224110413,1.6775224560175914,1.6775224859349052,1.6775219085544535,1.6775207204864104,1.6775189189686146,1.6775165021999336,1.6775134695578366
1.678383240026132,1.6783862671171539,1.6783887020077461,1.6783905438085711,1.6783917899673564,1.678392436576449,1.6783924788439823,1.6783919116717865,1.6783907302703085,1.6783889307363846,1.678386510524187,1.6783834687525898
1.6792590170222994,1.6792620480939398,1.6792644916231936,1.6792663463551882,1.6792676086851572,1.6792682730930144,1.6792683328090832,1.6792677806306098,1.679266609790534,1.679264814773723,1.6792623919822804,1.6792593401697464
1.680140656262934,1.6801436900903228,1.6801461435300373,1.680148014810738,1.68014929884058,1.6801499878212935,1.680150072188854,1.6801495417671348,1.6801483869953036,1.6801466000809355,1.6801441759398528,1.680141112809476
1.6810281729974963,1.6810312078392728,1.6810336729777424,1.6810355659118161,1.6810368794484742,1.6810376025705662,1.6810377217660342,1.6810372226579455,1.6810360917385538,1.6810343179982714,1.6810318942532743,1.6810288180118687
1.6819215791424929,1.6819246125274883,1.6819270918827924,1.6819290136761489,1.6819303677455464,1.6819311385256868,1.6819313069264026,1.6819308526358447,1.6819297565703333,1.681928003175477,1.6819255823014108,1.6819224904264762
1.6828208819093302,1.682823910335098,1.682826407456524,1.6828283682841627,1.6828297784605033,1.6828306159936346,1.6828308539120234,1.6828304635189837,1.6828294178537202,1.6828276949417433,1.6828252804434354,1.6828221693822518
1.6837260818657351,1.6837291003724542,1.6837316202665338,1.6837336344990825,1.6837351227833735,1.6837360540460298,1.6837363901795912,1.683736090641393,1.6837351173430166,1.6837334392412346,1.6837310360784237,1.6837279008230548
1.684637170196662,1.6846401717647719,1.684642721497557,1.684644809435038,1.6846464069100169,1.6846474700149778,1.6846479449075256,1.6846477743094272,1.6846469044135644,1.6846452913674557,1.6846429065549091,1.6846397400419946
1.6855541248336894,1.6855570995321,1.6855596890808275,1.6855618794039817,1.685563629986896,1.6855648787823263,1.6855655497137152,1.6855655618601164,1.6855648392120037,1.6855633198258395,1.6855609632807944,1.685557755543981
1.686476904984733,1.686479838765789,1.6864824822237379,1.6864848154611223,1.6864867812094664,1.6864882917783275,1.6864892396717943,1.6864895105701287,1.6864889971065629,1.686487611789576,1.6864852975283253,1.6864820345014995
1.6874054434014791,1.6874083163950027,1.6874110336771975,1.6874135671116632,1.6874158357268652,1.6874177155723622,1.6874190547508827,1.687419691766708,1.6874194749731868,1.6874182808050833,1.6874160286324935,1.6874126904600082
1.6883396354459874,1.6883424195414736,1.6883452388021318,1.6883480534202702,1.6883507488647864,1.6883531498927444,1.6883550418566107,1.6883561966366192,1.6883564000733686,1.688355477673571,1.688353315568821,1.6883498742193994
1.689279323625214,1.6892819790388807,1.6892849401038568,1.6892881504527815,1.6892914479830186,1.689294584851302,1.6892972577267384,1.6892991444321412,1.6892999425888742,1.689299405816238,1.6892973733031282,1.6892937891990445
1.6902242757010824,1.6902267460866385,1.6902299053419365,1.690233673541642,1.6902378210163884,1.6902419970687306,1.6902457730420468,1.6902486940557866,1.6902503333116592,1.6902503429690552,1.6902484958826132,1.6902447131323728
1.6911741536765466,1.6911763591256763,1.691179796515947,1.6911843522550583,1.6911897003901772,1.6911953442995824,1.6912006782642148,1.6912050603924154,1.691207888589366,1.6912086718157886,1.6912070890611377,1.691203028699596
1.692128469784171,1.6921302967158267,1.6921341258536324,1.6921397951069208,1.6921468405466429,1.6921545580535553,1.6921620919193565,1.6921685372696569,1.6921730454523487,1.6921749232546186,1.6921737164436421,1.6921692667939106
1.6930865238661374,1.6930878101926983,1.6930921931902985,1.6930994399125434,1.6931088868043993,1.6931195336455693,1.6931301723126255,1.693139529556987,1.693146410949351,1.6931498375603045,1.6931491649058636,1.6931441676830696
1.694047313891726,1.6940478266581547,1.6940529964854212,1.694062484262751,1.6940753328634988,1.6940901172007792,1.6941051339539457,1.694118597551456,1.694128831102121,1.6941344510110414,1.6941345378052721,1.6941287676353958
1.6950094071807524,1.6950088072509408,1.6950151030447986,1.6950277890425718,1.6950454644871273,1.695066089693673,1.695087270155684,1.6951065170413184,1.6951214863758395,1.695130219068461,1.695131389152555,1.6951245220985665
1.6959707529877397,1.6959685347926408,1.695976462102814,1.6959937471277378,1.6960182891653268,1.6960471498200418,1.6960769828949245,1.6961043571069288,1.6961260213629141,1.6961391928292904,1.6961419207282802,1.6961334821494924
1.696928405268706,1.6969237809337243,1.696934127586235,1.696958112405563,1.696992459519472,1.697032901919691,1.6970748189921423,1.697113571714885,1.6971447137956173,1.6971642748521307,1.6971692834772192,1.6971585503183793
1.6978781049912592,1.6978697415600883,1.697883840419295,1.6979178009931113,1.697966220312599,1.6980228652121223,1.6980815054468708,1.6981360831027077,1.6981806734924887,1.6982095956068308,1.6982180743191533,1.6982038570336715
1.698813649974544,1.6987989466560949,1.6988193983541031,1.6988687377728868,1.6989374626322085,1.6990165404705548,1.699097961981447,1.699174289441598,1.6992380092979384,1.6992810676892947,1.6992952691051915,1.6992753148286575
1.6997260355266248,1.6996987246761979,1.6997317965863785,1.6998060173037046,1.6999040804015837,1.7000136007559896,1.700125241543547,1.7002308326194577,1.7003217360172496,1.700387126337317,1.700412349214048,1.700381358839085
1.7006030218525299,1.7005438689068513,1.7006087951025988,1.7007252038019425,1.7008649905985032,1.7010142906661683,1.7011643212552394,1.70130781427182,1.7014367269177741,1.701539103750422,1.7015913939747842,1.7015333210723207
1.700147989267083,1.7012707037629358,1.7014400811082742,1.7016267825941362,1.7018221583919064,1.7020200214308647,1.7022157104259874,1.702405148669539,1.7025840264442875,1.7027469409307179,1.7028865751937237,1.7009699465239942
