5.34889305087743,5.3489052125773915,5.348917527138552,5.3489052125773915,5.34889305087743
5.348880889177468,5.348917832910676,5.348930147519416,5.348917832910676,5.348880889177468
5.348917526770077,5.348954470918598,5.348966785665775,5.348954470918598,5.348917526770077
5.348978182036499,5.349015126872915,5.349027441849392,5.349015126872915,5.348978182036499
5.349062855428576,5.349099801225476,5.349112116522115,5.349099801225476,5.349062855428576
5.349171547578236,5.349208494608224,5.349220810315893,5.349208494608224,5.349171547578236
5.349304259297506,5.349341207833203,5.349353524042778,5.349341207833203,5.349304259297506
5.349460991578528,5.3494979418925706,5.349510258694929,5.3494979418925706,5.349460991578528
5.349641745593562,5.349678697958611,5.349691015444643,5.349678697958611,5.349641745593562
5.349846522695004,5.3498834773837505,5.349895795644352,5.3498834773837505,5.349846522695004
5.350075324415411,5.350112281700575,5.350124600826651,5.350112281700575,5.350075324415411
5.350328152467515,5.350365112621847,5.350377432704316,5.350365112621847,5.350328152467515
5.350605008744242,5.35064197204053,5.350654293170325,5.35064197204053,5.350605008744242
5.350905895318742,5.35094286202982,5.3509551842978835,5.35094286202982,5.350905895318742
5.351230814444417,5.351267784843161,5.35128010834045,5.351267784843161,5.351230814444417
5.351579768554949,5.351616742914281,5.351629067731773,5.351616742914281,5.351579768554949
5.351952760264327,5.351989738857223,5.352002065085909,5.351989738857223,5.351952760264327
5.352349792366889,5.35238677546638,5.3523991031972695,5.35238677546638,5.352349792366889
5.3527708678373545,5.352807855716528,5.352820185040653,5.352807855716528,5.3527708678373545
5.353215989830866,5.353252982762871,5.353265313771281,5.353252982762871,5.353215989830866
5.3536851616830194,5.353722159941077,5.353734492724845,5.353722159941077,5.3536851616830194
5.354178386909928,5.3542153907673224,5.354227725417543,5.3542153907673224,5.354178386909928
5.3546956692082475,5.354732678938338,5.354745015546134,5.354732678938338,5.3546956692082475
5.35523701245524,5.355274028331461,5.355286366987976,5.355274028331461,5.35523701245524
5.355802420708813,5.355839443004683,5.355851783801091,5.355839443004683,5.355802420708813
5.356391898207585,5.3564289271967,5.356441270224199,5.3564289271967,5.356391898207585
5.357005449370925,5.357042485326973,5.357054830676794,5.357042485326973,5.357005449370925
5.3576430787990255,5.357680121995784,5.3576924697591854,5.357680121995784,5.3576430787990255
5.358304791272955,5.358341841984295,5.358354192252568,5.358341841984295,5.358304791272955
5.358990591754719,5.359027650254612,5.35904000311908,5.359027650254612,5.358990591754719
5.359700485387332,5.359737551949847,5.359749907501867,5.359737551949847,5.359700485387332
5.360434477494875,5.3604715523941895,5.360483910725154,5.3604715523941895,5.360434477494875
5.361192573582579,5.361229657092974,5.361242018294313,5.361229657092974,5.361192573582579
5.361974779336877,5.3620118717327525,5.362024235895932,5.3620118717327525,5.361974779336877
5.362781100625501,5.362818202181369,5.362830569397891,5.362818202181369,5.362781100625501
5.363611543497541,5.363648654488033,5.363661024849445,5.363648654488033,5.363611543497541
5.364466114183535,5.364503234883406,5.364515608481291,5.364503234883406,5.364466114183535
5.365344819095541,5.365381949779673,5.365394326705659,5.365381949779673,5.365344819095541
5.366247664827231,5.366284805770636,5.3662971861163955,5.366284805770636,5.366247664827231
5.367174658153973,5.367211809631795,5.367224193489041,5.367211809631795,5.367174658153973
5.368125806032915,5.368162968320437,5.368175355780933,5.368162968320437,5.368125806032915
5.369101115603085,5.369138288975729,5.369150680131281,5.369138288975729,5.369101115603085
5.370100594185473,5.370137778918808,5.3701501738612745,5.370137778918808,5.370100594185473
5.371124249283142,5.3711614456528824,5.371173844474168,5.3711614456528824,5.371124249283142
5.3721720885813085,5.372209296863323,5.372221699655385,5.372209296863323,5.3721720885813085
5.3732441199474605,5.373281340417772,5.373293747272616,5.373281340417772,5.3732441199474605
5.374340351431444,5.3743775843662345,5.374389995375924,5.3743775843662345,5.374340351431444
5.375460791265583,5.375498036941196,5.375510452197845,5.375498036941196,5.375460791265583
5.376605447864777,5.376642706557724,5.376655126153502,5.376642706557724,5.376605447864777
5.377774329826616,5.377811601813575,5.377824025840711,5.377811601813575,5.377774329826616
5.378967445931491,5.379004731489318,5.379017160040096,5.379004731489318,5.378967445931491
5.380184805142712,5.3802221045484355,5.380234537715198,5.3802221045484355,5.380184805142712
5.38142641660662,5.381463730137449,5.381476168012603,5.381463730137449,5.38142641660662
5.38269228965271,5.382729617586042,5.38274206026205,5.382729617586042,5.38269228965271
5.383982433793753,5.384019776407172,5.384032223976563,5.384019776407172,5.383982433793753
5.3852968587259245,5.385334216297201,5.385346668852568,5.385334216297201,5.3852968587259245
5.386635574328919,5.3866729471360255,5.3866854047700246,5.3866729471360255,5.386635574328919
5.387998590666095,5.388035978987198,5.388048441792552,5.388035978987198,5.387998590666095
5.389385917984597,5.389423322098067,5.389435790167566,5.389423322098067,5.389385917984597
5.390797566715491,5.390834986899905,5.390847460326407,5.390834986899905,5.390797566715491
5.392233547473902,5.392270984008046,5.392283462884484,5.392270984008046,5.392233547473902
5.393693871059154,5.393731324222027,5.393743808641398,5.393731324222027,5.393693871059154
5.395178548454911,5.395216018525728,5.3952285085811065,5.395216018525728,5.395178548454911
5.396687590829319,5.396725078087519,5.396737573872049,5.396725078087519,5.396687590829319
5.398221009535154,5.398258514260396,5.398271015867301,5.398258514260396,5.398221009535154
5.399778816109971,5.399816338582146,5.399828846104719,5.399816338582146,5.399778816109971
5.4013610222762525,5.40139856277548,5.401411076307097,5.40139856277548,5.4013610222762525
5.402967639941566,5.403005198748201,5.403017718382314,5.403005198748201,5.402967639941566
5.404598681198715,5.404636258593354,5.404648784423495,5.404636258593354,5.404598681198715
5.406254158325908,5.406291754589384,5.406304286709167,5.406291754589385,5.406254158325908
5.4079340837868966,5.407971699200299,5.407984237703419,5.407971699200299,5.4079340837868966
5.4096384702311715,5.409676105075828,5.409688650056062,5.409676105075832,5.4096384702311715
5.4113673304940955,5.411404985051596,5.4114175366028086,5.411404985051604,5.4113673304940955
5.413120677597098,5.413158352149273,5.413170910365425,5.413158352149307,5.413120677597098
5.4148985247478265,5.4149362195767505,5.414948784551909,5.414936219576876,5.4148985247478265
5.416700885340331,5.416738600728247,5.416751172556664,5.416738600728717,5.416700885340331
5.418527772955237,5.418565509184315,5.41857808796067,5.418565509186067,5.418527772955237
5.4203792013599195,5.420416958711316,5.420429544531668,5.4204169587178574,5.4203792013599195
5.422255184508689,5.42229296325905,5.422305556224337,5.422292963283461,5.422255184508688
5.424155736542974,5.424193536951347,5.424206137180477,5.4241935370424486,5.424155736542972
5.426080871791522,5.426118694050507,5.42613130172921,5.4261186943904995,5.426080871791517
5.428030604770667,5.428068448824023,5.428081064387252,5.428068450092898,5.4280306047706475
5.430004950184985,5.430042815046525,5.430055439859551,5.430042819782053,5.430004950184913
5.4320039229301855,5.432041804139507,5.432054443042153,5.432041821812815,5.4320039229299155
5.434027538108957,5.43406541822256,5.434078089037955,5.434065484180537,5.4340275381079515
5.43607581112222,5.436113624146974,5.436126393247534,5.436113870306578,5.4360758111184655
5.438148758199105,5.4381862563968095,5.438199371897669,5.438187175080996,5.438148758185093
5.440246399481937,5.440282653601123,5.440297045120774,5.4402860821922605,5.440246399429636
5.4423687769943445,5.442400295517331,5.442419454902191,5.442413091249945,5.442368776799123
5.444516059323166,5.444529678537119,5.4445667696839095,5.444577433071462,5.44451605859447
5.4434328222210215,5.4466349714410685,5.446739894039483,5.446813194573794,5.443439219358657
