diff_array_big,av_array_big,av_pr_array,av_cs_array,av_hs_array
-0.0020775681715363703,10.140511986319861,10.280219678741155,10.265285815395838,10.126506218463133
-0.0020935209569685753,10.130069534678146,10.268402660518877,10.253482223236974,10.11621233446822
-0.002096578670510496,10.119588969506506,10.257111204126659,10.24219866678191,10.105819414716791
-0.0020924125395218596,10.109116457022976,10.246145567467048,10.23123782252133,10.095400202655735
-0.0020842168119941107,10.098677804542826,10.235393043813021,10.22048834202602,10.084995476218005
-0.002073790742919357,10.088287351487818,10.224789939921683,10.209887296113395,10.074628008699314
-0.0020621476746551792,10.077952978105783,10.214300175314731,10.199399034039454,10.0643104317383
-0.0020498581884282885,10.067678927267414,10.203903226810365,10.189003274212636,10.054049665026668
-0.002037243430159208,10.057467394173205,10.193587336904404,10.178688394865956,10.043849411862828
-0.0020244840252505725,10.04731942192839,10.183345687605433,10.168447654213821,10.033711565051584
-0.00201168143816588,10.037235406062818,10.173174244920729,10.158277061006586,10.02363699892217
-0.0019988925404383906,10.027215378742193,10.163070544534886,10.148174174875292,10.01362601550344
-0.0019861490850772157,10.017259168864811,10.153033007723552,10.138137430492955,10.003678595862496
-0.0019734686775851884,10.007366492237084,10.14306055597963,10.128165756836307,9.993794541679899
-0.0019608609565242574,9.99753700235867,10.133152393919113,10.118258362695292,9.983973554989092
-0.0019483310752388405,9.987770319017304,10.123307886985463,10.108414615838315,9.974215283081024
-0.0019358816631509512,9.978066044383306,10.113526492556069,10.098633974937533,9.964519343785348
-0.0019235139305298077,9.968423772062641,10.103807721130446,10.088915951215165,9.95488533969762
-0.0019112282907851608,9.95884309218368,10.09415111446254,10.07926008683171,9.94531286618
-0.0018990247109336167,9.949323594250144,10.084556233236928,10.069665942704518,9.935801515855003
-0.0018869029088897094,9.939864868736057,10.07502265011994,10.060133091638042,9.926350881124256
-0.0018748624646303114,9.930466507972344,10.065549945837732,10.050661114445465,9.916960555575084
-0.0018629028827152894,9.921128106634773,10.056137706958735,10.041249597755092,9.907630134761087
-0.001851023627377657,9.911849262007598,10.046785524635647,10.031898132765454,9.898359216630366
-0.0018392241424383116,9.902629574120958,10.037492993887573,10.022606314534281,9.889147401755505
-0.0018275038622466155,9.893468645817565,10.028259713186129,10.013373741568397,9.879994293452254
-0.0018158622180504125,9.884366082779513,10.019085284212652,10.004200015582724,9.870899497835577
-0.0018042986413195905,9.875321493532997,10.009969311711513,9.99508474135465,9.861862623840727
-0.001792812565815538,9.866334489440545,10.000911403397778,9.986027526631972,9.852883283224703
