diff_array_big,av_array_big,av_pr_array,av_cs_array,av_hs_array
0.0018988405025677224,5.5687575119184,5.695735668014606,5.68087333201653,5.556131852665835
0.0018632646105105621,5.57062077652891,5.700736026861993,5.685785172771817,5.557660717346693
0.0018699990273054468,5.572490775556216,5.7056286595389025,5.6906169876310715,5.559206543986152
0.0018990613690608171,5.574389836925277,5.710436188222878,5.6953809961509725,5.560792467394643
0.0019402810559245864,5.576330117981201,5.715173623835796,5.7000859341991195,5.562430840298377
0.0019880736642123864,5.578318191645414,5.719850989731398,5.7047379450219315,5.5641281728787515
0.002039196792642528,5.580357388438056,5.724475102218051,5.709341411577031,5.565887612392735
0.0020916875522880574,5.582449075990344,5.7290507384649505,5.713899571048749,5.567710279464173
0.0021443230843738448,5.584593399074718,5.733581387735233,5.718414931301802,5.5695960338926005
0.0021963295129898697,5.586789728587708,5.738069727766897,5.722889540584689,5.571543937320797
0.00224721599181521,5.589036944579523,5.742517923343184,5.727325156973902,5.573552544985841
0.0022966753163560227,5.591333619895879,5.746927811483881,5.731723352299841,5.575620095745898
0.002344521898346663,5.593678141794226,5.751301015198079,5.736085574520611,5.577744638696021
0.0023906517711616004,5.5960687935653874,5.755639012705947,5.740413184365452,5.57992411876706
0.002435016152921854,5.598503809718309,5.759943179192731,5.744707476392063,5.582156435041711
0.002477603649106541,5.600981413367416,5.764214811806619,5.748969690819654,5.58443948055242
0.0025184281112968776,5.603499841478713,5.76845514456182,5.753201020049246,5.586771169329549
0.002557520276260661,5.606057361754973,5.772665357248112,5.757402612230926,5.589149454585734
0.0025949219706298265,5.608652283725603,5.7768465808461125,5.761575573270798,5.591572340698397
0.0026306820766146544,5.611282965802218,5.780999900950712,5.7657209680765105,5.594037890836391
0.0026648537182616394,5.6139478195204795,5.7851263600936145,5.769839821485293,5.596544231523268
0.0026974922981004568,5.61664531181858,5.789226959481258,5.773933119105891,5.5990895550468665
0.002728654130911501,5.6193739659494915,5.7933026604403635,5.7780018081856985,5.601672120360136
0.0027583954974623737,5.622132361446954,5.7973543857296885,5.7820467985463635,5.604290252930956
0.0027867719952432424,5.624919133442197,5.801383020798927,5.786068963595616,5.606942343867336
0.002813838099537058,5.627732971541734,5.805389415032276,5.790069141406064,5.609626848550925
0.0028396468735847336,5.630572618415319,5.809374382989661,5.794048135844444,5.6123422849451465
0.002864249784646944,5.633436868199966,5.813338705646705,5.798006717733678,5.615087231696734
0.0028876965950939137,5.63632456479506,5.817283131629327,5.8019456260310935,5.61786032611538
0.0029100353064528406,5.639234600101513,5.821208378435909,5.805865569008587,5.620660262091504
0.0029313121411655985,5.642165912242678,5.825115133640959,5.809767225424078,5.623485787995033
0.0029515715498789064,5.645117483792557,5.829004056074322,5.813651245673925,5.626335704584493
0.0029708562373569336,5.648088340029914,5.832875776971325,5.817518252921218,5.629208862947591
0.002989207200398525,5.6510775472303125,5.836730901090542,5.821368844194435,5.632104162487151
0.0030066637736965163,5.654084211004009,5.840570007796567,5.8252035914531675,5.635020548961545
0.003023263681178001,5.657107474685187,5.844393652106572,5.829023042619333,5.637957012585863
0.003039043090022453,5.6601465177752095,5.84820236569951,5.832827722572191,5.640912586196944
0.003054036666289228,5.663200554441499,5.851996657888164,5.836618134107178,5.643886343484079
0.0030682776309118864,5.666268832072411,5.855777016553952,5.840394758858267,5.646877397285765
0.0030817978154580317,5.669350629887869,5.859543909045047,5.8441580581848225,5.649884897952226
0.0030946277166439273,5.672445257604513,5.863297783039023,5.847908474022547,5.652908031772244
0.0031067965500986006,5.675552054154611,5.867039067370174,5.851646429700935,5.6559460194633395
