diff_array_big,av_array_big,av_pr_array,av_cs_array,av_hs_array
-0.0015521483901697053,5.562739230649468,5.62458701318348,5.617172539840052,5.556603744110961
-0.0016042267531366505,5.561135003896331,5.622392949435302,5.614985075262345,5.5550632012911185
-0.001628192939315376,5.559506810957016,5.620441900154279,5.613037954280187,5.55346984123587
-0.0016370335179738404,5.557869777439042,5.618625754840007,5.61122421206566,5.551852113994126
-0.001637732119068147,5.556232045319974,5.616886456023869,5.609486429566192,5.550225317256055
-0.0016340466845514712,5.554597998635423,5.615192788080479,5.607793751679892,5.548597681752339
-0.0016280024519179648,5.552969996183505,5.613527937989512,5.6061295721343045,5.546973636862303
-0.0016206931970312866,5.551349302986473,5.611882825891568,5.604484931809388,5.545355564128434
-0.0016127113284003514,5.549736591658073,5.6102525277704265,5.602854978688503,5.543744739668577
-0.001604378916796101,5.548132212741277,5.608634355693255,5.60123706877427,5.542141841284326
-0.0015958719217366024,5.54653634081954,5.60702682686397,5.5996297467395095,5.5405472217844185
-0.0015872870821675988,5.544949053737373,5.605429109465622,5.598032198364916,5.538961056629919
-0.0015786780022919444,5.543370375735081,5.603840724407856,5.596443956100044,5.537383423928595
-0.0015700746683915412,5.541800301066689,5.602261384527217,5.594864740512079,5.5358143479492234
-0.001561494040431377,5.540238807026258,5.600690907691319,5.5932943747451755,5.53425382291725
-0.0015529458261234197,5.538685861200134,5.59912916969305,5.591732738251114,5.532701826117593
-0.001544435647538478,5.537141425552596,5.597576078607673,5.5901797416753976,5.531158325174202
-0.0015359667912697716,5.535605458761326,5.596031560755953,5.5886353131631665,5.529623282140362
-0.001527541185577519,5.534077917575749,5.594495552964381,5.587099390846375,5.528096655829245
-0.001519159952599658,5.532558757623149,5.592967998257181,5.58557191868942,5.526578403164424
-0.001510823725483057,5.531047933897666,5.591448843429845,5.584052844168158,5.525068479977766
-0.0015025328337170407,5.529545401063949,5.589938037661882,5.582542116956438,5.523566841491226
-0.0014942874137995332,5.528051113650149,5.588435531709595,5.58103968817079,5.52207344261455
-0.0014860874768620747,5.526565026173287,5.586941277426375,5.579545509927788,5.520588238133523
-0.0014779329509151395,5.525087093222372,5.585455227470933,5.578059535078895,5.519111182831765
-0.001469823708048601,5.5236172695143235,5.583977335125284,5.576581717047588,5.517642231571009
-0.00146175958215089,5.522155509932173,5.582507554178223,5.575112009726756,5.51618133934502
-0.0014537403808940752,5.520701769551279,5.581045838848732,5.573650367412134,5.514728461316201
-0.0014457658938260565,5.5192560036574525,5.5795921437344225,5.57219674475816,5.513283552840707
-0.0014378358980300376,5.5178181677594225,5.578146423775939,5.570751096747684,5.5118465694857095
-0.0014299501620653743,5.516388217597357,5.576708634231927,5.569313378670888,5.510417467041258
-0.0014221084487804347,5.514966109148577,5.575278730661007,5.567883546110098,5.508996201528345
-0.0014143105173172188,5.513551798631259,5.573856668908543,5.566461554928643,5.507582729204289
-0.001406556124527114,5.512145242506732,5.572442405096792,5.565047361262553,5.5061770065662206
-0.0013988450260233876,5.510746397480709,5.571035895617378,5.563640921514151,5.504778990353186
-0.0013911769769316962,5.509355220503777,5.569637097125413,5.56224219234695,5.503388637547266
-0.001383551732417665,5.50797166877136,5.56824596653482,5.560851130681658,5.50200590537398
-0.0013759690480776854,5.506595699723282,5.56686246101457,5.559467693692793,5.500630751302197
-0.0013684286802426726,5.505227271043039,5.565486537985462,5.558091838805793,5.499263133043636
-0.0013609303861592537,5.50386634065688,5.564118155117425,5.556723523694565,5.497903008552132
-0.0013534739241309879,5.502512866732749,5.5627572703271255,5.555362706279293,5.496550336022702
-0.0013460590536693573,5.50116680767908,5.561403841775828,5.5540093447243555,5.49520507389044
-0.0013386855354822202,5.499828122143597,5.560057827867432,5.552663397436554,5.49386718082938
-0.0013036121127711908,5.493458422814859,5.553653259447859,5.546259146000549,5.487501252169114
-0.0012964747099806218,5.4921619481048785,5.552349696039874,5.544955647027763,5.4862055440161575
-0.0012893772768274303,5.490872570828051,5.551053267527034,5.543659282609007,5.48491692924534
-0.0012823194844173713,5.489590251343634,5.549763934994293,5.542370013823057,5.483635368137411
-0.0012753010516659558,5.488314950291968,5.548481659366926,5.541087801592774,5.482360821301883
-0.001268321723819632,5.487046628568148,5.5472064015894365,5.539812606862256,5.481093249628506
-0.0012613812608410768,5.485785247307307,5.5459381227207345,5.538544390691104,5.479832614260654
-0.0012544794312798757,5.484530767876027,5.544676783984438,5.537283114304216,5.478578876580371
-0.0012476160088503718,5.483283151867177,5.543422346795295,5.536028739117923,5.477331998199791
-0.0012407907706970533,5.48204236109648,5.54217477277262,5.534781226753297,5.476091940955877
-0.0012340034964086755,5.480808357600071,5.540934023746958,5.533540539042741,5.474858666907001
-0.001227253967498676,5.479581103632572,5.5397000617629955,5.5323066380328125,5.473632138330485
-0.0012205419671120765,5.47836056166546,5.538472849080544,5.531079485985253,5.472412317720697
-0.0012138672798949202,5.477146694385565,5.537252348174435,5.5298590453767895,5.471199167787394
-0.0012072296918788084,5.4759394646936865,5.536038521733865,5.5286452788985425,5.469992651454257
-0.0012006289904373801,5.474738835703249,5.534831332661462,5.5274381494550635,5.468792731857508
-0.0011940649642587786,5.47354477073899,5.533630744072199,5.526237620163212,5.4675993723445675
-0.0011875374033269992,5.472357233335663,5.532436719292171,5.525043654351003,5.466412536472752
-0.0011810460988952443,5.471176187236768,5.531249221857413,5.523856215556332,5.465232188007994
-0.001174590843500134,5.470001596393268,5.530068215512641,5.522675267525788,5.464058290923567
-0.001168171430889764,5.468833424962378,5.528893664210016,5.521500774213425,5.462890809398853
-0.0011617876561169638,5.467671637306261,5.527725532107904,5.520332699779419,5.461729707818057
-0.0011554393154060705,5.466516197990855,5.526563783569639,5.51917100858898,5.460574950769025
-0.0011491262062568453,5.465367071784598,5.525408383162271,5.518015665211,5.459426503041971
-0.0011428481273743074,5.464224223657224,5.524259295655385,5.516866634416854,5.458284329628273
-0.0011366048786696226,5.463087618778554,5.523116486019834,5.515723881179216,5.457148395719272
-0.0011303962612538854,5.4619572225173005,5.5219799194265535,5.514587370670824,5.456018666705062
-0.0011242220774416722,5.460833000439859,5.520849561245359,5.513457068263278,5.454895108173299
-0.0011180821307359423,5.459714918309123,5.5197253770437404,5.512332939525859,5.453777685908005
-0.0011119762258147148,5.458602942083308,5.518607332585701,5.5112149502243115,5.452666365888402
-0.0011059041685177462,5.4574970379147905,5.517495393830545,5.510103066319718,5.451561114287738
-0.0010998657658731759,5.456397172148917,5.516389526931715,5.508997253967266,5.450461897472117
-0.001093860826054005,5.455303311322863,5.515289698235646,5.507897479515105,5.449368681999338
-0.001087889158362998,5.4542154221645,5.514195874280583,5.506803709503244,5.448281434617778
-0.0010819505732850843,5.453133471591215,5.513108021795455,5.505715910662295,5.447200122265203
-0.0010760448824056468,5.4520574267088096,5.512026107698717,5.5046340499124184,5.446124712067674
-0.001070171898443384,5.450987254810366,5.51095009909722,5.503558094362185,5.445055171338413
-0.0010643314352556388,5.4499229233751105,5.509879963285094,5.502488011307372,5.443991467576662
-0.001058523307786885,5.448864400067324,5.508815667742603,5.501423768229955,5.4429335684666
-0.0010527473321033654,5.44781165273522,5.507757180135075,5.5003653327969015,5.441881441876218
-0.0010470033253611177,5.446764649409859,5.506704468311745,5.499312672859114,5.440835055856237
-0.0010412911058148566,5.445723358304044,5.505657500304702,5.498265756450315,5.439794378639004
-0.0010356104927993215,5.444687747811245,5.504616244327768,5.497224551785963,5.438759378637414
-0.0010299613067168423,5.443657786504528,5.503580668775432,5.4961890272621785,5.437730024443845
-0.0010243433690586556,5.4426334431354695,5.502550742221763,5.495159151454641,5.436706284829069
-0.0010187565023560552,5.441614686633113,5.5015264334193485,5.49413489311755,5.435688128741209
-0.001013200530232794,5.440601486102881,5.5005077112982175,5.493116221182518,5.434675525304654
-0.0010076752773100495,5.439593810825571,5.499494544964801,5.492103104757573,5.43366844381906
-0.0010021805693032348,5.438591630256267,5.498486903700872,5.4910955131260595,5.432666853758251
-0.0009967162329305168,5.437594914023337,5.497484756962506,5.490093415745621,5.431670724769225
-0.0009912820959572244,5.43660363192738,5.496488074379037,5.489096782247147,5.4306800266711015
-0.0009858779871541046,5.4356177539402255,5.495496825752044,5.488105582433778,5.429694729454122
-0.0009805037363266322,5.434637250203899,5.494510981054327,5.487119786279843,5.428714803278609
-0.0009751591742812593,5.433662091029618,5.49353051042886,5.486139363929849,5.427740218473975
-0.0009698441328307439,5.432692246896787,5.492555384187828,5.485164285697495,5.426770945537709
-0.0009645584447763866,5.4317276884520105,5.4915855728115845,5.484194522064654,5.42580695513439
-0.000959301943918689,5.430768386508092,5.490621046947676,5.483230043680381,5.424848218094693
-0.0009540744650422539,5.4298143120430495,5.4896617774098555,5.482270821359911,5.423894705414401
-0.0009488758439024636,5.428865436199147,5.488707735177066,5.4813168260836855,5.422946388253436
-0.0009437059172405782,5.4279217302819065,5.487758891392509,5.480368028996378,5.422003237934875
-0.0009385645227437678,5.426983165759163,5.486815217362635,5.4794244014059,5.421065225944005
-0.0009334514990726461,5.42604971426009,5.485876684556192,5.478485914782474,5.420132323927346
-0.0009283666858399542,5.42512134757425,5.484943264603276,5.477552540757632,5.419204503691707
-0.0009233099235990139,5.424198037650651,5.484014929294362,5.4766242511233045,5.418281737203236
-0.0009182810538552744,5.423279756596796,5.483091650579361,5.475701017830818,5.417363996586479
-0.0009132799190352259,5.422366476677761,5.482173400566675,5.474782812990018,5.416451254123456
-0.000908306362503275,5.421458170315257,5.481260151522286,5.473869608868292,5.415543482252717
-0.000903360228547534,5.42055481008671,5.48035187586879,5.472961377889652,5.41464065356843
-0.0008984413623762677,5.4196563687243335,5.479448546184498,5.4720580926338025,5.413742740819452
-0.0008935496100948015,5.418762819114239,5.478550135202515,5.471159725835252,5.41284971690844
-0.0008886848187454888,5.417874134295493,5.4776566158098134,5.470266250382336,5.411961554890908
-0.0008838468362251106,5.416990287459268,5.476767961046358,5.46937763931641,5.41107822797438
-0.0008790355113665882,5.4161112519479016,5.475884144104169,5.468493865830858,5.410199709517446
-0.0008742506938723693,5.415237001254029,5.475005138326458,5.467614903270251,5.409325973028903
-0.0008694922343259748,5.414367509019703,5.474130917206712,5.466740725129439,5.408456992166864
-0.0008647599842124265,5.413502749035491,5.473261454387837,5.465871305052645,5.407592740737871
-0.0008600537958498577,5.412642695239641,5.472396723661267,5.465006616832652,5.406733192696046
-0.0008553735224490211,5.411787321717192,5.471536698966079,5.464146634409887,5.4058783221422075
-0.0008507190180928603,5.410936602699099,5.470681354388158,5.463291331871512,5.405028103323003
-0.0008460901376841079,5.410090512561415,5.4698306641593,5.462440683450661,5.4041825106300845
-0.0008414867370118984,5.409249025824403,5.468984602656381,5.4615946635255135,5.403341518599217
-0.0008369086726789376,5.408412117151724,5.468143144400502,5.460753246618469,5.4025051019094805
-0.0008323558021698929,5.407579761349554,5.46730626405613,5.459916407395266,5.4016732353823755
-0.0008278279837483637,5.406751933365806,5.46647393643028,5.459084120664222,5.4008458939810495
-0.0008233250765616873,5.405928608289244,5.4656461364716655,5.458256361375316,5.400023052809413
-0.0008188469405432386,5.405109761348701,5.464822839269863,5.457433104619399,5.399204687111354
-0.0008143934364674976,5.404295367912233,5.464004020054522,5.456614325627354,5.3983907722699005
-0.0008099644259074168,5.403485403486326,5.463189654194486,5.4557999997693045,5.39758128380642
-0.0008055597712584017,5.402679843715068,5.46237971719704,5.454990102553774,5.396776197379793
-0.0008011793357090014,5.401878664379359,5.461574184707071,5.454184609626875,5.395975488785631
-0.0007968229832515661,5.401081841396107,5.460773032506266,5.453383496771532,5.395179133955463
-0.0007924905786769187,5.40028935081743,5.459976236512311,5.4525867399066605,5.394387108955943
-0.0007881819875512619,5.399501168829879,5.459183772778111,5.451794315086373,5.393599389988075
-0.000783897076241935,5.398717271753637,5.458395617490991,5.4510061984991935,5.3928159533864095
-0.0007796357118738939,5.397937636041763,5.4576117469719065,5.4502223664673,5.392036775618288
-0.0007753977623741193,5.397162238279389,5.456832137674678,5.449442795445695,5.391261833283045
