diff_array_big,av_array_big,av_pr_array,av_cs_array,av_hs_array
-0.014248295840148195,4.510206129848525,4.525567796897765,4.524754113104982,4.508599309951453
-0.014250402120035588,4.495955727728489,4.509602511755422,4.508818663696483,4.494533202698052
-0.014214895178260356,4.481740832550229,4.494471258187514,4.493707093609632,4.480416484966966
-0.014160170265014926,4.467580662285214,4.479802617587078,4.4790518465319265,4.466310592236636
-0.014095670916642433,4.453484991368572,4.465408436130808,4.464667021651044,4.452246665888794
-0.014026243030281549,4.43945874833829,4.451192934789802,4.45045820596307,4.438240488428386
-0.01395439200155213,4.425504356336738,4.437106997614905,4.436377141629064,4.424300024906118
-0.013881428008106766,4.411622928328631,4.4231251463100465,4.4223989072837675,4.410429238389225
-0.013808046662194151,4.397814881666437,4.409233923945712,4.408510417902057,4.396630026744392
-0.013734624421396724,4.38408025724504,4.395426021922296,4.394704619147679,4.382903210507971
-0.013661369734472295,4.370418887510568,4.3816973014859375,4.380977549358368,4.369249040192892
-0.013588401001701556,4.3568304865088665,4.3680452765522375,4.36732684754448,4.355667459287029
-0.013515787238580046,4.3433146992702865,4.354468336068128,4.353750991944114,4.342158242370846
-0.013443569608734052,4.329871129661552,4.3409653419483645,4.340248908690187,4.328721068909212
-0.013371773054292824,4.31649935660726,4.327535418698084,4.326819768723413,4.315355563555006
-0.01330041273619198,4.303198943871068,4.3141778415561,4.313462880988579,4.3020613187656425
-0.013229497708575622,4.289969446162492,4.300891975769888,4.300177635265571,4.288837907899132
-0.013159033086912686,4.276810413075579,4.2876772427619025,4.28696347086698,4.275684893060934
-0.013089021373696497,4.263721391701883,4.274533100689434,4.273819859014749,4.262601829971358
-0.013019463297966993,4.250701928403916,4.261459032883965,4.26074629259113,4.249588271084946
-0.012950358364236081,4.23775157003968,4.248454540724502,4.247742279963071,4.236643767647496
-0.01288170522161014,4.22486986481807,4.235519139086889,4.234807341122953,4.223767871084282
-0.012813501917580794,4.212056362900489,4.222652353342609,4.22194100519124,4.210960133953271
-0.012745746075660591,4.199310616824828,4.20985371732305,4.209142808748376,4.198220110607254
-0.012678435021308943,4.186632181803519,4.197122771905878,4.1964122946896705,4.185547357656586
-0.012611565872102659,4.174020615931417,4.184459064014368,4.183749011420857,4.17294143429283
-0.012545135602683999,4.161475480328733,4.171862145897736,4.1711525122819335,4.160401902514026
-0.012479141091748858,4.148996339236984,4.159331574606584,4.158622355127631,4.1479283272797245
-0.012413579156212329,4.136582760080771,4.146866911605919,4.146158102017132,4.135520276615436
-0.012348446575948913,4.1242343135048225,4.134467722486212,4.133759318981444,4.12317732168062
-0.012283740111874053,4.1119505733929484,4.122133576745042,4.121425575846107,4.110899036810175
-0.012219456519017236,4.099731116873931,4.109864047619774,4.109156446094005,4.0986849995367445
-0.012155592556035266,4.087575524317896,4.097658711957375,4.096951506757217,4.086534790599094
-0.01209214499210276,4.075483379325793,4.085517150111318,4.084810338330062,4.074447993940374
-0.012029110611853078,4.06345426871394,4.073438945858346,4.072732524697653,4.062424196699081
-0.01196648621894969,4.05148778249499,4.061423686329757,4.060717653075854,4.050462989194746
-0.011904268638590842,4.0395835138564,4.049470961953462,4.048765313959667,4.038563964909848
-0.011842454719313444,4.027741059137086,4.037580366403925,4.036875101077782,4.026726720469014
-0.011781041334166353,4.01596001780292,4.025751496558007,4.025046611351844,4.01495085561637
-0.011720025381582566,4.004239992421337,4.0139839524551535,4.013279444859117,4.003235973191529
-0.011659403785864608,3.9925805886354726,4.0022773372608915,4.0015732047977925,3.9915816791047294
-0.011599173497499837,3.9809814151379728,3.9906312572327973,3.989927497454303,3.979987582311399
-0.011539331493334082,3.9694420836446387,3.979045321688335,3.97834193217213,3.968453294786349
-0.011479874776580967,3.9579622088680577,3.9675191429741816,3.966816121321843,3.956978431497822
-0.011420800376800155,3.9465414084912576,3.9560523364366547,3.955349680272072,3.9455626103814434
-0.011362105349779661,3.935179303141478,3.9446445203930915,3.943942227361235,3.9342054523142345
-0.011303786777401736,3.923875516364076,3.9332953161039343,3.932593383869933,3.922906581088689
-0.011245841767451914,3.9126296745966243,3.9220043477454243,3.9213027739938457,3.9116656233870026
-0.011188267453425826,3.9014414071431984,3.91077124238284,3.9100700248171103,3.900482208755474
-0.011131060994315156,3.8903103461488833,3.899595629944143,3.8988947662860935,3.889355969579081
-0.011074219574382926,3.8792361265745003,3.888477143194061,3.8877766311835478,3.878286541056283
-0.011017740402923248,3.868218386171577,3.877415417708497,3.876715255103094,3.867273561174041
-0.010961620714043718,3.8572567654575334,3.866410091849289,3.8657102764240023,3.856316670683051
-0.010905857766412286,3.846350907691121,3.8554608067392526,3.854761336286286,3.845415513073217
-0.010850448843015226,3.835500458848106,3.8445672062375484,3.843868078566095,3.8345697345493726
-0.01079539125093687,3.824705067597169,3.8337289369152865,3.833030149851324,3.82377898400721
-0.01074068232109715,3.813964385276072,3.8229456480314306,3.8222471994175455,3.813042913009471
-0.010686319408037104,3.8032780658680347,3.812216991508941,3.811518879204152,3.802361175762354
-0.010632299889660413,3.7926457659783743,3.801542621911179,3.8008448437907925,3.7917334290921727
-0.010578621167032676,3.7820671448113417,3.7909221964185504,3.790224750373971,3.7811593324222166
-0.01052528066409808,3.7715418641472436,3.7803553748053944,3.7796582587440084,3.7706385477498956
-0.01047227582751642,3.761069588319727,3.7698418194171133,3.769145031262112,3.760170739624045
-0.010419604126371329,3.750649984193356,3.759381195147524,3.758684732837781,3.7497555751225184
-0.010367263051993536,3.7402827211413623,3.7489731694164456,3.7482770309063596,3.739392723829969
-0.010315250117710839,3.7299674710236514,3.738617412147524,3.737921595406898,3.729081857815861
-0.010263562858643827,3.7197039081650076,3.728313595746263,3.7276180987601446,3.7188226516127028
-0.010212198831477615,3.70949170933353,3.7180613950782693,3.717366215846831,3.7086147821945015
-0.010161155614244688,3.6993305537192853,3.707860487447758,3.7071656239861657,3.6984579289554267
-0.010110430806135717,3.6892201229131496,3.6977105525762193,3.697016002914484,3.6883517736886815
-0.010060022027249538,3.6791601008859,3.687611272581335,3.686917034764209,3.6782960005656014
-0.010009926918424394,3.6691501739674757,3.677562331956094,3.6768684040429207,3.6682902961149377
-0.009960143141015898,3.6591900308264598,3.6675634175481058,3.6668697976126907,3.658334349202362
-0.009910668376670095,3.6492793624497897,3.6576142185391376,3.6569209046696445,3.6484278510101826
-0.009861500327166262,3.6394178621226234,3.6477144264248476,3.6470214167236503,3.638570495017236
-0.009812636714188194,3.629605225408435,3.6378637349947085,3.6371710275782845,3.628761976978996
-0.009764075279137696,3.6198411501292975,3.6280618403121463,3.627369433310948,3.619001994907875
-0.009715813782927185,3.6101253363463703,3.618308440694865,3.617616332253185,3.6092902490537258
-0.009667850005815826,3.6004574863405545,3.608603236695368,3.6079114249712485,3.599626441884516
-0.009620181747179934,3.5908373045933746,3.598945931081675,3.5982544142467674,3.5900102780672216
-0.00957280682535755,3.581264497768017,3.589336228818222,3.5886450050576797,3.5804414644488847
-0.009525723077448589,3.5717387746905684,3.5797738370469596,3.5790829045593187,3.5709197100378685
-0.009478928359131,3.5622598463314374,3.57025846506862,3.5695678220656717,3.5614447259852886
-0.009432420544473352,3.552827425786964,3.560789824324187,3.5600994690308965,3.552016225566645
-0.00938619752577452,3.5434412282611896,3.5513676283765427,3.550677559030892,3.5426339241636033
-0.009340257213354963,3.5341009710478346,3.5419915928922734,3.5413018077451968,3.533297539245986
-0.009294597535417726,3.524806373512417,3.5326614356236865,3.5319719329389234,3.524006790353913
-0.00924921643783394,3.515557157074583,3.5233768763909796,3.522687654444985,3.5147613990801365
-0.00920411188400383,3.506353045190579,3.514137637064598,3.5134486941464167,3.5055610890525353
-0.009159281854665302,3.497193763335914,3.5049434415477365,3.504254775958923,3.496405585916789
-0.009114724347741188,3.4880790389881726,3.49579401575906,3.4951056258135416,3.4872946173192063
-0.009070437378158047,3.4790086016100146,3.486689087615539,3.486000971639532,3.4782279128897358
-0.009026418977686745,3.469982182632328,3.477628387015491,3.4769405433473883,3.4692052042251373
-0.0089826671947848,3.460999515437543,3.468611645821762,3.467924072812031,3.460226224872304
-0.008939180094428067,3.452060335343115,3.459638597845088,3.458951293856172,3.4512907103117643
-0.008895955757952212,3.4431643795851627,3.4507089788276084,3.4500219422338145,3.4423983979413313
-0.00885299228289771,3.434311387302265,3.4418225264265323,3.4411357556139466,3.4335490270599123
