diff_array_big,av_array_big,av_pr_array,av_cs_array,av_hs_array
-0.02755209891666155,9.749364478591083,9.839025386251445,9.831330896242143,9.740223532193324
-0.027506438138546585,9.721858040452537,9.80997547875153,9.802303203051961,9.71288334158124
-0.02739658211976348,9.694461458332773,9.781652944320918,9.773995255502236,9.685586392424279
-0.027252611951663397,9.66720884638111,9.75380900799508,9.746161308874807,9.658397352908644
-0.027090761721476397,9.640118084659633,9.726309270911084,9.718668719196872,9.63135054032695
-0.02691979326094618,9.613198291398687,9.699080676020348,9.691445469383803,9.604463935543631
-0.026744447148709938,9.586453844249977,9.672083113168592,9.664452079851129,9.577746708788471
-0.026567296977548338,9.559886547272429,9.645294197851054,9.637666557717393,9.551203265970212
-0.026389745583124125,9.533496801689305,9.618701103979756,9.611076326096342,9.524835428285378
-0.026212561029787196,9.507284240659517,9.592296176346721,9.584673892121748,9.498643609292358
-0.026036165590578975,9.481248075068939,9.566074569785052,9.558454518702616,9.472627452747622
-0.025860792002593058,9.455387283066345,9.540032976084973,9.532414970974592,9.446786179803057
-0.02568656828314886,9.429700714783197,9.514168935466584,9.506552839757665,9.421118779120805
-0.02551356400529592,9.4041871507779,9.488480462732971,9.480866175241818,9.395624111774012
-0.025341815715648863,9.378845335062252,9.46296584321639,9.455353287782541,9.37030096969336
-0.025171341018237925,9.353673994044014,9.437623520625586,9.43001263894114,9.345148108624604
-0.025002146465046948,9.328671847578967,9.412452034841877,9.404842781426634,9.320164266983024
-0.024834232038166704,9.3038376155408,9.387449987011815,9.379842325656192,9.29534817682062
-0.024667593738525895,9.279170021802274,9.362616019664937,9.35500992089188,9.270698570323118
-0.02450222511063771,9.254667796691637,9.337948805178561,9.330344244421443,9.24621418373194
-0.02433811816030662,9.23032967853133,9.31344703893476,9.305843995223091,9.22189375975448
-0.024175263920341195,9.206154414610989,9.289109435153371,9.28150789016135,9.197736049067425
-0.024013652807436614,9.182140761803552,9.264934724278161,9.257334661634193,9.173739811263491
-0.023853274853030015,9.158287486950522,9.240921651282934,9.233323056067354,9.149903815447848
-0.023694119855495188,9.134593367095027,9.217068974535184,9.209471832914367,9.12622684060927
-0.02353617748267034,9.111057189612357,9.19337546500586,9.185779763965236,9.102707675842954
-0.023379437341816356,9.08767775227054,9.169839905699487,9.162245632848599,9.079345120473914
-0.02322388902802963,9.06445386324251,9.146461091228193,9.138868234658132,9.056137984112622
-0.02306952215802127,9.04138434108449,9.123237827481624,9.115646375660683,9.03308508666391
-0.022916326393747966,9.018468014690741,9.1001689313625,9.092578873059733,9.010185258303313
-0.02276429145900316,8.995703723231738,9.077253230567575,9.069664554796661,8.987437339430732
-0.02261340715104687,8.973090316080691,9.054489563400889,9.04690225937888,8.964840180608089
-0.022463663348627705,8.950626652732064,9.031876778609998,9.024290835726937,8.942392642485924
-0.0223150500175322,8.928311602714532,9.009413735239061,9.001829143035481,8.92009359572223
-0.02216755721423702,8.906144045500294,8.987099302494299,8.97951605064457,8.897941920896088
-0.022021175088276834,8.884122870412018,8.964932359618693,8.957350437918603,8.875936508417748
-0.021875893883686715,8.862246976528331,8.942911795773727,8.935331194131132,8.8540762584365
-0.021731703939625646,8.840515272588705,8.921036509926532,8.913457218354338,8.832360080747263
-0.021588595690705148,8.818926676898,8.899305410741297,8.891727419352021,8.810786894696454
-0.021446559666738807,8.797480117231261,8.877717416474042,8.87014071547567,8.789355629087762
-0.021305586492450956,8.77617453073881,8.856271454870239,8.84869603456291,8.768065222087996
-0.02116566688677146,8.755008863852039,8.834966463064687,8.827392313838132,8.74691462113345
-0.021026791662203337,8.733982072189836,8.813801387483478,8.806228499814779,8.725902782836794
-0.02088895172396832,8.713093120465867,8.792775183747628,8.78520354819949,8.705028672894718
-0.020752138069148884,8.692340982396718,8.771886816578297,8.764316423797487,8.68429126599637
-0.020616341785730796,8.671724640610988,8.75113525970346,8.743566100419528,8.663689545732689
-0.02048155405174157,8.651243086559246,8.730519495765893,8.722951560789907,8.643222504506586
-0.020347766134177547,8.630895320425068,8.710038516232354,8.702471796455837,8.622889143444157
-0.020214969388105075,8.610680351036963,8.689691321304009,8.682125807697961,8.602688472306763
-0.020083155255688823,8.590597195781275,8.669476919827925,8.661912603441866,8.582619509404104
-0.01995231526514374,8.57064488051613,8.649394329209738,8.641831201170806,8.562681281508274
-0.01982244102984332,8.550822439486288,8.629442575327245,8.621880626839369,8.542872823768755
-0.01969352424732307,8.531128915238964,8.609620692445214,8.602059914788256,8.523193179628361
-0.01956555669833726,8.511563358540627,8.589927723130986,8.582368107659963,8.503641400740145
-0.019438530245896146,8.492124828294731,8.570362718171264,8.562804256315557,8.484216546885246
-0.019312436834310276,8.47281239146042,8.550924736489744,8.543367419752332,8.464917685891697
-0.01918726848833252,8.453625122972088,8.53161284506576,8.524056665022457,8.445743893554091
-0.01906301731217752,8.43456210565991,8.512426118853844,8.50487106715258,8.426694253554222
-0.018939675488621077,8.41562243017129,8.493363640704201,8.485809709064304,8.407767857382616
-0.01881723527817769,8.396805194893112,8.474424501284163,8.4668716814956,8.388963804260907
-0.0186956890180916,8.37810950587502,8.455607799000425,8.448056082923147,8.370281201065179
-0.018575029121604913,8.359534476753415,8.436912639922292,8.429362019485481,8.351719162250095
-0.01845524807696819,8.341079228676447,8.418338137705726,8.410788604907157,8.33327680977395
-0.01833633844669791,8.32274289022975,8.399883413518259,8.392334960423602,8.314953273024521
-0.018218292866652774,8.304524597363097,8.381547595964795,8.374000214706912,8.296747688745805
-0.01810110404524501,8.286423493317852,8.363329821014215,8.355783503792557,8.27865920096556
-0.01798476476263211,8.26843872855522,8.345229231926849,8.337683971006745,8.260686960923639
-0.01786926786988907,8.25056946068533,8.327244979182726,8.319700766894766,8.242830127001177
