diff_array_big,av_array_big,av_pr_array,av_cs_array,av_hs_array
0.002687416729560077,6.096761571032335,6.178010347516364,6.163450679138379,9.516816221960694
0.0026666860958153293,6.110134853637391,6.192200018559306,6.177621134486817,9.537189956084989
0.0026490267836125625,6.123414404261842,6.205978643888949,6.19138698205978,9.557657180379618
0.0026330912148821994,6.136611224117134,6.2194925840213875,6.204892196585077,9.578132275416783
0.0026181286493125455,6.149731504498244,6.23282514400416,6.218218625747299,9.598566411820151
0.00260372251806551,6.162778762734214,6.246023895422849,6.231412937187242,9.618931711769097
0.0025896429218672523,6.175755036655779,6.259116133173967,6.244501855837598,9.63921226118824
0.002575763906553341,6.18866155071461,6.27211762686508,6.2575007857313505,9.659399000818409
0.002562017153738161,6.201499086074783,6.285037580895407,6.270418692719731,9.679486815831664
0.0025483661205267794,6.214268185203216,6.297881449487393,6.283260872739225,9.699472873269176
0.002534791645492973,6.226969264199795,6.310652537085738,6.296030523538605,9.719355668940219
0.002521283972173549,6.2396026738943045,6.323352910232113,6.308729638698662,9.739134478596123
0.0025078383547691985,6.252168732640076,6.335983918603025,6.32135951736434,9.758809040133144
0.002494452656979007,6.264667743582105,6.348546493795262,6.333921055747747,9.77837936830056
0.0024811260546719893,6.277100003491294,6.361041321436912,6.346414914467019,9.797845645754585
0.0024678583460691073,6.289465807079802,6.373468940888562,6.3588416150682106,9.817208158352658
0.0024546495936430546,6.301765448943057,6.385829803400263,6.371201596031521,9.836467256265335
0.0024414999448643115,6.313999224292088,6.398124306322292,6.383495245506139,9.855623330284159
0.002428409547849064,6.326167429098746,6.410352813432729,6.3957229206129975,9.874676797166293
0.002415378516150035,6.338270359979712,6.4225156671589,6.4078849589466875,9.893628090417893
0.0024024069179464647,6.350308313984645,6.434613196024215,6.4199816855128615,9.91247765439614
0.0023894947766098795,6.3622815883681705,6.446645719253949,6.432013416970437,9.931225940467472
0.002376642075998525,6.3741904803807365,6.458613549669676,6.443980464265226,9.949873404461092
0.002363848767025445,6.38603528709055,6.470516995538807,6.455883134291323,9.968420504952517
0.0023511147740187255,6.39781630523823,6.482356361776117,6.467721730956473,9.986867702088485
0.002338440000330344,6.40953383112109,6.494131950737106,6.4794965558765325,10.005215456771003
0.002325824332891635,6.421188160502255,6.505844062749361,6.491207908834877,10.023464230083396
0.00231326764586548,6.432779588539947,6.517492996473334,6.502856088090698,10.04161448288201
0.0023007698035248936,6.44430840973256,6.52907904914981,6.51444139058817,10.059666675502706
0.0022883306624503774,6.455774917875973,6.540602516771123,6.525964112099651,10.077621267547798
0.0022759500731677207,6.4671794060302,6.552063694200297,6.537424547324317,10.095478717730023
0.002263627881426089,6.47852216649314,6.56346287525412,6.5488229899562285,10.11323948375716
0.002251363929164363,6.4898034907797,6.574800352761052,6.560159732731263,10.130904022245934
0.0022391580552172385,6.501023669604926,6.586076418601345,6.571435067459169,10.148472788657047
0.0022270100958836636,6.512182992870209,6.597291363734599,6.5826492850452505,10.165946237245608
0.002214919885276778,6.523281749651726,6.608445478218292,6.593802675504486,10.183324821022774
0.002202887255689845,6.534320228190681,6.61953905121987,6.604895527970523,10.200608991725682
0.002190912037806747,6.545298715884836,6.630572371024241,6.615928130700832,10.217799199793417
0.0021789940608867298,6.556217499281032,6.641545725037925,6.626900771079144,10.234895894347488
0.0021671331529198312,6.5670768640685315,6.652459399790895,6.637813735616006,10.251899523175668
0.0021553291406970487,6.57787709507294,6.663313680936672,6.648667309947975,10.268810532718309
0.0021435818499737636,6.5886184762506605,6.674108853251221,6.659461778835894,10.285629368056648
0.0021318911054581946,6.599301290683674,6.684845200631037,6.6701974261624235,10.302356472902424
0.0021202567309215326,6.609925820574717,6.695523006090696,6.680874534929218,10.318992289588733
0.0021086785492512305,6.620492347242686,6.706142551759907,6.691493387253778,10.335537259061688
0.0020971563824563333,6.631001151118294,6.716704118880392,6.702054264366106,10.351991820872813
0.0020856900517634003,6.64145251173993,6.727207987802644,6.712557446605279,10.368356413171941
0.002074279377618282,6.651846707749727,6.737654437982538,6.723003213416049,10.384631472700697
0.002062924179706549,6.662184016889737,6.748043747977963,6.733391843345292,10.400817434786198
0.0020516242769978987,6.6724647159983475,6.758376195445469,6.743723614038701,10.416914733335265
0.0020403794877994486,6.682689081006757,6.76865205713695,6.753998802237333,10.4329238008288
0.0020291896297406353,6.692857386935672,6.778871608896395,6.764217683774425,10.448845068316528
0.0020180545198300592,6.702969907892068,6.789035125656708,6.774380533572127,10.46467896541191
0.0020069739744679183,6.71302691706611,6.799142881436642,6.784487625638437,10.48042592028732
0.001995947809465548,6.723028686728207,6.809195149337825,6.794539233064224,10.496086359669436
0.0019849758400880546,6.732975488226162,6.819192201541826,6.804535628020304,10.51166070883482
0.0019740578810454323,6.742867591982425,6.8291343093074035,6.814477081754618,10.527149391605663
0.001963193746541414,6.752705267491529,6.83902174296783,6.824363864589635,10.542552830345794
