T_above,diff_above,T_bellow,diff_bellow
33.19215238126391,-0.8078476187360906,20.21720983291054,0.21720983291054097
32.44816024616329,-0.7439921351006191,20.42016558791799,0.2029557550074479
31.762321823037436,-0.6858384231258547,20.60953341635656,0.18936782843857003
31.129714294404405,-0.6326075286330308,20.786183323192876,0.17664990683631743
30.545880399959355,-0.5838338944450499,20.9509351098762,0.1647517866833219
30.00677833339112,-0.5391020665682333,21.104560479079886,0.15362536920368797
29.508737755614078,-0.4980405777770436,21.247785176989503,0.14322469790961634
29.048421092474495,-0.46031666313958297,21.381291146454956,0.13350596946545323
28.622789408755814,-0.4256316837186809,21.50571866928831,0.12442752283335423
28.229072254171736,-0.39371715458407763,21.6216684802095,0.11594981092119028
27.864740964439704,-0.3643312897320321,21.729703838527094,0.10803535831759348
27.527484974271736,-0.3372559901679679,21.830352546669953,0.10064870814285953
27.21519076148941,-0.3122942127823265,21.92410890724427,0.09375636057431791
26.92592309435754,-0.28926766713187035,22.011435612436983,0.08732670519271224
26.657908299169726,-0.26801479518781335,22.092765561383583,0.08132994894659973
26.409519303404043,-0.24838899576568352,22.168503602614617,0.075738041231034
26.179262242441176,-0.2302570609628667,22.239028199932648,0.0705245973180304
25.96576444579006,-0.21349779665111512,22.3046930210881,0.06566482115545114
25.767763642725793,-0.19800080306426793,22.365828449453645,0.06113542836554586
25.58409824782076,-0.18366539490503442,22.422743019564393,0.05691457011074874
25.41369860455583,-0.17039964326492907,22.475724777926274,0.05298175836188079
25.255579080463843,-0.15811952409198682,22.5250425709134,0.04931779298712513
25.10883092044016,-0.14674816002368374,22.57094726189721,0.04590469098381078
24.972615776259868,-0.1362151441802908,22.613672879991604,0.042725618094394235
24.8461598402302,-0.12645593602966798,22.653437702970155,0.039764822978550995
24.72874851948506,-0.11741132074514127,22.690445277028378,0.0370075740582223
24.619721594895477,-0.10902692458958185,22.724885376132676,0.03444009910429813
24.518468815070502,-0.10125277982497494,22.75693490372775,0.03204952759507407
24.424425881595706,-0.09404293347479609,22.78675873957479,0.02982383584703996
24.33707078661402,-0.08735509498168526,22.814510534465292,0.02775179489050217
24.255920468194574,-0.08115031841944642,22.840333455508105,0.025822921042813363
24.180527752738577,-0.07539271545599746,22.864360884626326,0.02402742911822031
24.11047855701419,-0.07004919572438695,22.886717072824936,0.022356188198610738
24.045389325349287,-0.06508923166490277,22.907517752705356,0.020800679880419892
23.98490468010219,-0.06048464524709729,22.926870711612263,0.019352958906907247
23.928695265813047,-0.0562094142891425,22.944876327703632,0.018005616091368637
23.876455769457507,-0.05223949635553993,22.961628071134623,0.01675174343099073
23.827903101012858,-0.04855266844464978,22.97721297244882,0.015584901314198873
23.782774720127488,-0.04512838088536952,22.99171206016703,0.014499087718206738
23.740827096094353,-0.0419476240331349,23.00520076946866,0.01348870930163315
23.701834289577643,-0.03899280651670978,23.0177493237603,0.01254855429163726
23.66558664565673,-0.03624764392091251,23.02942309083134,0.011673767071041397
23.63188958874437,-0.03369705691235936,23.040282915205186,0.010859824373845584
23.60056251082448,-0.0313270779198902,23.050385428203267,0.010102512998081181
23.57143774524887,-0.029124765575613054,23.05978333715306,0.009397908949793532
23.544359619043547,-0.02707812620532124,23.068525695088052,0.008742357934991674
23.51918357731512,-0.0251760417284288,23.076658152209646,0.008132457121593717
23.495775373919287,-0.023408203395831606,23.084223190302065,0.007565038092419485
23.474010323074083,-0.02176505084520386,23.0912603412215,0.007037150919433799
23.45377260706152,-0.020237716012562856,23.097806390511057,0.006546049289557487
23.434954635585203,-0.018817971476316586,23.103895567128102,0.006089176617045666
23.417456452728775,-0.017498182856428457,23.109559720207713,0.0056641530796106565
23.401185187806284,-0.016271264922490758,23.114828483729585,0.005268763521872444
23.38605454670366,-0.015130641102622633,23.119729429898058,0.004900946168472586
23.371984340596512,-0.014070206107149374,23.124288211995506,0.0045587820974475335
23.358900049184157,-0.013084291412354787,23.12852869741781,0.004240485422304374
23.346732415812514,-0.01216763337164295,23.132473091556747,0.003944394138937213
23.335417072074222,-0.011315343738292682,23.136142053149037,0.003668961592289577
23.324894189664835,-0.01052288240938637,23.139554801671316,0.003412748522279685
23.315108157451757,-0.0097860322130785,23.142729217323325,0.0031744156520083777
23.30600728187535,-0.00910087557640793,23.145681934104186,0.0029527167808609533
23.29754350894808,-0.008463772927267854,23.148428426454014,0.0027464923498286
23.289672166251915,-0.007871342696166295,23.150983089900567,0.002554663446552752
23.282351723460902,-0.007320442791012738,23.1533593161223,0.002376226221734612
23.27554357002601,-0.006808153434892716,23.15556956281066,0.0022102466883566763
23.269211808766148,-0.006331761259861679,23.15762541868959,0.002055855878932533
23.263323064203245,-0.005888744562902559,23.15953766402469,0.0019122453350988167
23.257846304567313,-0.005476759635932638,23.16131632693285,0.0017786629081619765
