T_above,diff_above,T_bellow,diff_bellow
33.641414884027085,-0.35858511597291454,20.26671800582091,0.2667180058209091
33.29998929442978,-0.34142558959730707,20.52246388474658,0.25574587892566925
32.974976343960236,-0.32501295046954226,20.767776788623998,0.24531290387741933
32.66553574089837,-0.3094406030618657,21.00304142525274,0.23526463662874164
32.370874529795444,-0.29466121110292676,21.22863207565473,0.22559065040199044
32.09024407479292,-0.28063045500252315,21.444912496974947,0.2162804213202172
31.822937262170203,-0.26730681262271716,21.652235876401555,0.20732337942660806
31.56828590427597,-0.25465135789423243,21.850944830045158,0.19870895364360308
31.32565832849523,-0.242627575780741,22.041371441205953,0.1904266111607953
31.09445713638512,-0.2312011921101096,22.223837333011563,0.18246589180560946
30.87411711942312,-0.22034001696200178,22.39865377089905,0.17481643788748613
30.66410331900546,-0.21001380041765927,22.566121790872153,0.16746801997310357
30.463909219417683,-0.200194099587776,22.726532349867778,0.1604105589956255
30.273055063469553,-0.1908541559481307,22.880166494941935,0.1536341450741574
30.09108628137851,-0.18196878209104383,23.02729554831894,0.14712905337700377
29.917572024281597,-0.1735142570969117,23.168181305656514,0.1408857573375748
29.752103794490473,-0.16546822979112363,23.30307624515632,0.13489493949980513
29.59429416525873,-0.15780962923174258,23.432223745400947,0.12914750024462762
29.443775583435926,-0.15051858182280498,23.555858310028643,0.12363456462769662
29.3001992489266,-0.1435763345093264,23.674205797565005,0.11834748753636148
29.163234065371253,-0.13696518355534693,23.787483654917608,0.1132778573526032
29.032565656917757,-0.13066840845349503,23.89590115321178,0.10841749829417324
28.90789544636573,-0.1246702105520292,23.999659624799325,0.10375847158754326
28.788939790341278,-0.11895565602445046,24.0989527004146,0.09929307561527523
28.67542916750617,-0.11351062283510771,24.19396654556548,0.09501384515088063
28.5671074161141,-0.10832175139206868,24.284880095393756,0.09091354982827582
28.463731017519265,-0.10337639859483616,24.371865287298746,0.08698519190498999
28.365068422500812,-0.0986625950184532,24.455087290743744,0.0832220034449982
28.270899417509728,-0.09416900499108394,24.53470473373617,0.07961744299242568
28.18101452816056,-0.08988488934916816,24.61086992554835,0.07616519181217996
28.09521445749895,-0.08580007066160888,24.683729075313018,0.07285914976466756
28.013309556749967,-0.08190490074898449,24.753422506192734,0.0696934308797168
27.93511932643443,-0.07819023031553485,24.820084864870733,0.06666235867799841
27.860471945887102,-0.07464738054732933,24.88384532616178,0.06376046129104651
27.78920382935469,-0.07126811653241205,24.944827792586388,0.06098246642460836
27.721159206987924,-0.06804462236676656,25.003151088786897,0.058323296200509134
27.656189729159944,-0.06496947782797946,25.058929150701886,0.0557780619149888
27.5941540926505,-0.06203563650944588,25.112271209442063,0.05334205874017783
27.534917687348056,-0.05923640530244256,25.163281969840085,0.05101076039802166
27.478352262205387,-0.0565654251426686,25.212061783669572,0.04877981382948704
27.424335609280543,-0.05401665292484381,25.258706817546297,0.04664503387672525
27.372751264768393,-0.05158434451215044,25.303309215550133,0.044602398003835475
27.323488226008806,-0.049263038759587374,25.345957256611175,0.04264804106104236
27.276440683520555,-0.047047542488250826,25.386735506727938,0.04077825011676239
27.231507767176552,-0.04493291634400265,25.42572496608913,0.03898945936119347
27.188593305694237,-0.04291446148231515,25.463003211182873,0.03727824509374145
27.147605598669227,-0.04098770702501042,25.49864453198719,0.03564132080431648
27.108457200430674,-0.03914839823855232,25.532720064342524,0.03407553235533456
27.071064715043832,-0.03739248538684237,25.565297917607698,0.03257785326517393
27.035348601826673,-0.03571611321715906,25.596443297712025,0.031145380104327103
27.001232990791742,-0.03411561103493099,25.626218625716536,0.029775328004511437
26.96864550745564,-0.032587483336101286,25.654683651999218,0.02846502628268155
26.937517106500895,-0.031128400954745672,25.681895566184014,0.027211914184796626
26.907781913799163,-0.029735192701732416,25.70790910293139,0.02601353674737439
26.879377076340305,-0.028404837458857912,25.7327766437109,0.024867540779510477
26.85224261963794,-0.027134456702363252,25.75654831467715,0.023771670966251435
26.826321312208712,-0.025921307429229046,25.779272080766845,0.022723766089693953
26.801558536743656,-0.024762775465056563,25.800993836137167,0.02172175537032217
26.77790216761704,-0.023656369126616283,25.821757491062392,0.020763654925225694
26.755302454397857,-0.02259971321918286,25.841605055407268,0.019847564344875224
26.733711911045788,-0.02159054335206889,25.86057671878916,0.018971663381893933
26.713085210496285,-0.020626700549502885,25.878710927544716,0.018134208755554937
26.693379084352472,-0.019706126143812952,25.896044458608465,0.017333531063748353
26.674552227421664,-0.018826856930807878,25.912612490416016,0.01656803180755162
26.656565206845464,-0.017987020576200052,25.928448670934554,0.01583618051853719
26.639380375590413,-0.01718483125505088,25.943585182924938,0.01513651199038435
26.622961790073905,-0.01641858551650799,25.958052806539335,0.01446762361439724
26.60727513171915,-0.015686658354756133,25.971880979349137,0.013828172809802197
26.592287632239714,-0.014987499479435229,25.985097853900584,0.013216874551446267
26.577968002464637,-0.014319629775076947,25.997730352892656,0.012632498992072527
26.564286364531643,-0.013681637932993596,26.009804222065462,0.012073869172805729
26.55121418727619,-0.013072177255452289,26.021344080887502,0.011539858822040117
26.538724224660857,-0.012489962615333638,26.03237347112758,0.011029390240079096
26.526790457094478,-0.011933767566379316,26.04291490339333,0.010541432265750217
26.51538803549945,-0.011402421595029466,26.05298990171521,0.010074998321879747
26.504493227991265,-0.01089480750818339,26.062619046254632,0.009629144539420764
26.494083369044528,-0.01040985894673696,26.071822014209612,0.009202967954980323
26.484136811023486,-0.009946558021042051,26.08061761898998,0.008795604780367228
26.474632877964574,-0.009503933058912395,26.089023847731653,0.008406228741673516
26.465551821500245,-0.00908105646432844,26.097057897216864,0.008034049485210915
26.45687477882097,-0.008677042679273939,26.104736208265354,0.007678311048490372
26.448583732580545,-0.008291046240426425,26.11207449865931,0.007338290393956726
26.440661472648227,-0.007922259932318099,26.11908779465931,0.007013296000000224
26.433091559622813,-0.007569913025413655,26.12579046117257,0.006702666513259459
26.4258582900225,-0.007233269600313008,26.132196230627798,0.006405769455227528
26.41894666307309,-0.006911626949410277,26.138318230608025,0.006121999980226889
26.412342349017578,-0.006604314055511651,26.14416901029655,0.005850779688525876
26.40603165887723,-0.006310690140349351,26.149760565782504,0.005591555485953137
26.400001515592194,-0.006030143285034484,26.155104364275626,0.005343798493122165
26.39423942648215,-0.005762089110042723,26.160211367274552,0.005107002998926191
26.388733456961237,-0.005505969520914533,26.165092052733883,0.004880685459330181
26.383472205449834,-0.005261251511402776,26.169756436270024,0.004664383536141514
26.378444779428435,-0.005027426021399606,26.174214091449176,0.004457655179152198
26.37364077257859,-0.004804006849845166,26.178474169193922,0.004260077744746127
26.369050242962295,-0.004590529616294248,26.182545416348358,0.004071247154435298
26.364663692190963,-0.0043865507713327645,26.186436193433646,0.0038907770852887325
26.3604720455376,-0.004191646653364245,26.190154491633287,0.003718298199640202
26.356466632949566,-0.004005412588032442,26.193707949036757,0.0035534574034699062
26.352639170919943,-0.003827462029622808,26.197103866175677,0.0033959171389206233
26.34898174517922,-0.0036574257407231414,26.200349220881648,0.003245354705970982
26.345486794166938,-0.0034949510122821437,26.203450682496182,0.0031014616145341733
26.342147093250038,-0.003339700916900057,26.206414625459317,0.0029639429631345138
26.33895573965291,-0.003191353597127744,26.209247142303106,0.0028325168437888237
26.335906138065603,-0.003049601587306938,26.211954056077577,0.002706913774471076
26.332991986901217,-0.002914151164386425,26.214540932232776,0.002586876155199036
26.330207265170845,-0.0027847217303715865,26.217013089979165,0.002472157746389314
26.327546219949372,-0.002661045221472591,26.219375613150955,0.0023625231717900874
26.325003354404007,-0.0025428655453652027,26.22163336059237,0.002257747441415603
26.322573416361145,-0.0024299380428622896,26.22379097608871,0.002157615496340526
