T_above,diff_above,T_bellow,diff_bellow
33.885248379524384,-0.11475162047561582,20.17313547689655,0.17313547689655095
33.772238473234744,-0.11300990628964058,20.34222579361294,0.16909031671638886
33.661742685566786,-0.11049578766795776,20.508154512634697,0.16592871902175688
33.55370260186094,-0.10804008370584484,20.6709722395545,0.16281772691980478
33.44806102450316,-0.10564157735777968,20.83072891162258,0.15975667206807742
33.34476219463098,-0.10329882987218042,20.98747404440779,0.15674513278521118
33.243751751882044,-0.10101044274893667,21.14125671547128,0.15378267106348886
33.14497669527216,-0.09877505660988106,21.29212554924613,0.15086883377485094
33.04838534532062,-0.09659134995154517,21.44012870321842,0.14800315397229014
32.95392730737633,-0.09445803794428542,21.585313855338168,0.14518515211974758
32.86155343610449,-0.09237387127184604,21.72772819259795,0.14241433725978325
32.77121580108949,-0.09033763501499692,21.867418400718417,0.1396902081204665
32.68286765351446,-0.08834814757503295,22.004430654878504,0.1370122541600871
32.596463393880356,-0.08640425963410081,22.138810611437236,0.1343799565587318
32.51195854072635,-0.08450485315400869,22.270603400593302,0.13179278915606574
32.4293097003163,-0.0826488404100445,22.399853619931594,0.12925021933829228
32.34847453725855,-0.08083516305775618,22.526605328808305,0.12675170887671072
32.26941174602406,-0.07906279123448456,22.650902043529676,0.12429671472137116
32.19208102333502,-0.07733072268904095,22.77278673327637,0.1218846897466932
32.116443041389964,-0.07563798194505722,22.89230181673852,0.11951508346215078
32.042459421897284,-0.07398361949267951,23.009489159416695,0.1171873426781751
31.97009271089358,-0.07236671100370273,23.12439007155027,0.11490091213357445
31.89930635431419,-0.07078635657939003,23.237045306641754,0.11265523509148423
31.830064674289872,-0.06924168002431941,23.347495060537174,0.11044975389541989
31.762332846153406,-0.06773182813646628,23.45577897103401,0.10828391049683717
31.696076876124174,-0.066255970029232,23.561936117983286,0.10615714694927547
31.631263579647918,-0.064813296476256,23.666005023855202,0.10406890587191597
31.56786056037444,-0.06340301927347625,23.76802365474206,0.1020186308868567
31.50583618974794,-0.0620243706265029,23.86802942177085,0.10000576702879016
31.44515958719178,-0.06067660255615692,23.96605918289786,0.09802976112701245
31.385800600866723,-0.05935898632505854,24.06214924506325,0.09609006216538774
31.327729788985007,-0.05807081188171637,24.1563353666811,0.09418612161784878
31.270918401660573,-0.05681138732443358,24.248652760442692,0.09231739376159354
31.215338363278914,-0.05558003838165959,24.339136096412123,0.09048333596943081
31.160962255370464,-0.05437610790844971,24.427819505393554,0.08868340898143146
31.10776329996734,-0.05319895540312558,24.51473658255243,0.08691707715887631
31.055715343434134,-0.0520479565332046,24.599920391269976,0.08518380871754516
31.0047928407511,-0.05092250268303289,24.68340346721562,0.08348307594564375
30.954970840240332,-0.049822000510769016,24.765217822621292,0.0818143554056725
30.90622496871657,-0.04874587152376009,24.84539495073998,0.08017712811868805
30.858531417053353,-0.04769355166321887,24.92396583047435,0.0785708797343716
30.811866926148724,-0.046664490904628764,25.000960931162812,0.07699510068846038
30.76620877327752,-0.045658152871205004,25.07641021750726,0.07544928634444759
30.721534758820493,-0.044674014457026345,25.150343154632008,0.07393293712474858
30.677823193355977,-0.043711565464516156,25.222788713259707,0.07244555862769886
30.635052885105626,-0.04277030825035055,25.29377537499464,0.07098666173493484
30.593203127719615,-0.04184975738601082,25.363331137702108,0.06955576270746633
30.552253688395364,-0.0409494393242511,25.431483520971923,0.06815238326981543
30.512184796314934,-0.04006889208043063,25.498259571659087,0.06677605068716375
30.47297713139507,-0.03920766491986427,25.563685869489674,0.06542629783058729
30.434611813338773,-0.038365318056296616,25.62778853272578,0.06410266323610614
30.397070390977852,-0.03754142236092051,25.69059322387962,0.0628046911538398
30.36033483190148,-0.03673555907637294,25.752125155468526,0.06153193158890602
30.324387512358545,-0.03594731954293451,25.812409095803762,0.06028394033523554
30.289211207426884,-0.03517630493166024,25.87146937481025,0.059060279006487804
30.25478908144237,-0.034422125984512775,25.929329889862718,0.05786051505246803
30.221104678678927,-0.033684402763444865,25.98601411163952,0.05668422177680199
30.188141914272297,-0.03296276440662993,26.04154508998341,0.05553097834388865
30.155885065380655,-0.03225684889164171,26.095945459767055,0.054400369783646596
30.12431876257605,-0.03156630280460604,26.14923744675595,0.0532919869888957
30.093427981456635,-0.0308907811194139,26.2014428734638,0.05220542670785022
30.0631980344779,-0.03022994697873571,26.252583164999113,0.05114029153531163
30.03361456299277,-0.029583471485128854,26.302679354892977,0.05009618989386411
30.00466352949676,-0.02895103349601058,26.351752090910058,0.04907273601708084
29.976331210071574,-0.02833231942518566,26.399821640835246,0.04806954992518797
29.94860418702093,-0.02772702305064456,26.446907898233547,0.04708625739830197
29.921469341693804,-0.027134845327125845,26.493030388178877,0.04612248994532919
29.89491384749009,-0.026555494203712726,26.538208272952318,0.04517788477344098
29.868925163042718,-0.025988684447373345,26.582460357701688,0.04425208474937037
29.843491025571,-0.02543413747171641,26.625805096063612,0.043344738361923874
29.818599444402654,-0.024891581168347443,26.668260595745974,0.04245549968236162
29.794238694656578,-0.024360749746076493,26.70984462406366,0.04158402831768626
29.770397311083347,-0.023841383573230956,26.750574613432676,0.04072998936901584
29.74706408206124,-0.023333229022107105,26.790467666814923,0.039893053382247246
29.72422804373865,-0.02283603832259118,26.82954056311414,0.039072896299217064
29.701878474323784,-0.02234956941486388,26.867809762520952,0.038269199406812504
29.680004888515068,-0.021873585808716456,26.905291411806118,0.03748164928516573
29.658597032067327,-0.021407856447741125,26.94200134956049,0.03670993775437026
29.63764487649302,-0.02095215557430663,26.97795511137937,0.03595376181888099
29.617138613893438,-0.020506262599582215,27.013167934990985,0.03521282361161582
29.59706865191583,-0.02006996197760813,27.04765476532998,0.034486830338995134
29.577425608832772,-0.01964304308305742,27.081430259550817,0.03377549422083703
29.558200308742826,-0.019225300089946273,27.114508791984345,0.033078532433528096
29.5393837768855,-0.018816531857325458,27.146904459033667,0.03239566704932173
29.52096723507221,-0.01841654181329133,27.17863108401105,0.03172662497738443
29.502942097226178,-0.018025137846031214,27.209702221914984,0.031071137903932566
29.485299965029732,-0.01764213219644617,27.24013116414626,0.030428942231274902
29.468032623675647,-0.01726734135408492,27.269930943161615,0.02979977901535591
29.45113203772166,-0.016900585953987246,27.29911433706891,0.02918339390729585
29.43459034704453,-0.01654169067712985,27.32769387415781,0.028579537088898377
29.418399862889203,-0.01619048415532731,27.355681837370494,0.027987963212684264
29.402553064011673,-0.015846798877529267,27.38309026871032,0.027408431339825512
29.387042592915503,-0.015510471096170875,27.409930973588384,0.026840704878065225
29.371861252176707,-0.015181340738795512,27.436215525108523,0.02628455152013842
29.357002000854106,-0.014859251322601352,27.461955268291245,0.025739743182722208
29.34245795098787,-0.014544049866234587,27.487161324234716,0.02520605594347103
29.328222364176817,-0.01423558681105419,27.51184459421653,0.02468326998181425
29.314288648238406,-0.01393371593841053,27.536015763731065,0.024171169514534796
29.30065035394729,-0.013638294291116182,27.559685306470723,0.0236695427396576
29.287301171849222,-0.013349182098068013,27.582863488241088,0.02317818177036557
29.274234929149117,-0.01306624270010559,27.605560370820932,0.022696882579843702
29.261445586673325,-0.012789342475791443,27.62778581575851,0.022225444937578942
29.24892723590194,-0.012518350771383524,27.649549488110633,0.0217636723521224
29.23667409606904,-0.012253139832900217,27.670860860121362,0.021311372010728746
29.224680511331798,-0.011993584737243879,27.691729214842834,0.02086835472147186
29.21294094800399,-0.0117395633278079,27.712163649697455,0.020434434854621486
29.20144999185387,-0.011490956150119302,27.73217307998311,0.02000943028565416
29.190202345466044,-0.011247646387825938,27.751766242320073,0.019593162336963843
29.179192825660905,-0.011009519805138979,27.770951698041262,0.019185455721189015
29.168416360975375,-0.01077646468553084,27.78973783652882,0.01878613848755606
29.157867989201876,-0.010548371773499099,27.808132878491595,0.018395041962776304
29.147542854982746,-0.01032513421912995,27.826144879189393,0.01801200069779796
29.137436207460187,-0.010106647522558632,27.843781731603258,0.017636852413865256
29.127543397979526,-0.009892809480660958,27.86105116955054,0.017269437947280863
29.117859877845632,-0.009683520133894064,27.877960770748558,0.01690960119801943
29.108381196129397,-0.009478681716235116,27.894517959823418,0.01655718907485948
29.099102997525925,-0.009278198603471566,27.910730011268594,0.016212051445176456
29.090021020258405,-0.009081977267520358,27.926604052352832,0.0158740410842384
29.0811310940334,-0.00888992622500595,27.942147065973863,0.01554301362103061
29.072429138038682,-0.00870195599471657,27.957365893465003,0.015218827491139564
29.063911158988585,-0.008517979050097324,27.972267237352494,0.014901343887490981
29.05557324921268,-0.00833790977590354,27.986857664061855,0.014590426709361282
29.047411584789476,-0.00816166442320565,28.00114360657812,0.014285942516263361
29.039422423718033,-0.007989161071442652,28.0151313670572,0.013987760479082567
29.03160210413484,-0.007820319583192514,28.028827119391188,0.013695752333987343
29.02394704256886,-0.007655061565980503,28.04223691172761,0.013409792336421589
29.016453732235927,-0.007493310332932879,28.055366668941485,0.013129757213874882
29.009118741371413,-0.007334990864514168,28.068222195064873,0.012855526123388472
29.001938711600342,-0.007180029771070906,28.080809175670943,0.012586980606069886
28.994910356344587,-0.007028355255755514,28.09313318021349,0.012324004542545453
28.988030459263296,-0.006879897081290665,28.105199664325593,0.012066484112104092
28.981295872731273,-0.006734586532022746,28.117013972074453,0.011814307748860386
28.974703516348818,-0.006592356382455478,28.128581338175454,0.011567366101001397
28.968250375486114,-0.0064531408627033215,28.139906890163946,0.011325551988491611
28.96193349985977,-0.006316875626342977,28.150995650527403,0.011088760363456629
28.955750002140217,-0.006183497719554509,28.161852538798776,0.010856888271373322
28.949697056590303,-0.0060529455499143126,28.17248237360872,0.010629834809943617
28.943771897734685,-0.005925158855617951,28.182889874701694,0.010407501092974059
28.937971819058905,-0.005800078675779474,28.19307966491144,0.010189790209746974
28.932294171735652,-0.005677647323253154,28.203056272100195,0.009976607188754372
28.926736363380467,-0.0055578083551850455,28.21282413106336,0.009767858963165565
28.921295856834035,-0.005440506546431578,28.22238758539459,0.009563454331228627
28.91597016897264,-0.005325687861397199,28.23175088931836,0.009363303923770161
28.91075686954393,-0.005213299428707074,28.240918209485017,0.009167320166657333
28.905653580028478,-0.0051032895154534685,28.249893626734185,0.00897541724916806
28.900657972525384,-0.004995607503094135,28.258681137822215,0.008787511088030442
28.89576776866502,-0.004890203860362874,28.267284657117575,0.008603519295359519
28.890980738542584,-0.00478703012243642,28.275708018263682,0.008423361146107311
28.886294699677055,-0.004686038865528985,28.283954975809724,0.00824695754604221
28.881707515991433,-0.004587183685622165,28.292029206808063,0.00807423099833926
28.87721709681806,-0.004490419173372118,28.299934312384774,0.00790510557671098
28.872821395922315,-0.004395700895745591,28.307673819275287,0.007739506890512615
28.868518410549225,-0.004302985373090706,28.315251181333252,0.007577362057965331
28.864306180491553,-0.004212230057671462,28.322669781008972,0.007418599675720117
28.86018278717766,-0.004123393313893331,28.32993293079893,0.007263149789956458
28.856146352778495,-0.00403643439916479,28.337043874667135,0.007110943868205766
28.852195039335044,-0.003951313443451454,28.34400578943865,0.006961914771515865
28.8483270479046,-0.0038679914304431406,28.350821786165934,0.006815996727283391
28.84454061772533,-0.003786430179271605,28.35749491146766,0.006673125301727367
28.84083402539946,-0.003706592325869451,28.364028148843193,0.006533237375531797
28.837205584093287,-0.0036284413061729026,28.370424419958393,0.006396271115200136
28.833653642755806,-0.003551941337480713,28.376686585908157,0.006262165949763698
28.830176585353897,-0.0034770574019091782,28.382817448452993,0.006130862544836191
28.826772830123232,-0.0034037552306642738,28.388819751231363,0.0060023027783699945
28.823440828837278,-0.0033320012859547887,28.39469618094885,0.005876429717485365
28.82017906608957,-0.0032617627477087296,28.40044936854245,0.005753187593601439
28.816986058593724,-0.003193007495845279,28.406081890322035,0.005632521779585176
28.813860354498,-0.003125704095722881,28.411596269090186,0.005514378768150863
28.810800532714218,-0.0030598217837827235,28.416994975238318,0.005398706148131538
28.80780520226204,-0.002995330452179701,28.42228042782186,0.005285452583542849
28.804873001625694,-0.002932200636344362,28.427454995612994,0.005174567791133455
28.802002598126762,-0.0028704034989317506,28.432520998134134,0.005066002521139978
28.799192687309322,-0.0028099108174401977,28.437480706668502,0.0049597085343684455
28.796441992338373,-0.0027506949709490414,28.44233634525241,0.004855638583908473
28.793749263411755,-0.002692728926618315,28.447090091646153,0.004753746393742375
28.79111327718395,-0.0026359862278049206,28.45174407828657,0.0046539866404167185
28.788532836202954,-0.0025804409809957463,28.456300393220253,0.004556314933683581
28.786006768359677,-0.0025260678432772465,28.460761081016045,0.0044606877957917845
28.783533926347733,-0.0024728420119437544,28.46512814366262,0.004367062646576159
28.781113187135663,-0.002420739212070089,28.469403541445413,0.004275397782791401
28.77874345145114,-0.002369735684521146,28.473589193806948,0.004185652361535119
28.77642364327546,-0.002319808175681004,28.477686980188437,0.004097786381489499
28.77415270934962,-0.0022709339258391026,28.481698740857002,0.00401176066856479
28.771929618688997,-0.0022230906606246492,28.485626277712928,0.0039275368559259505
28.76975336211123,-0.002176256577765656,28.489471355082998,0.0038450773700695606
28.767622951772957,-0.0021304103382746575,28.493235700496953,0.003764345413955539
28.765537420715884,-0.002085531057073098,28.49692100544792,0.003685304950966639
28.76349582242336,-0.0020415982925250376,28.500528926137378,0.0036079206894577
28.761497230386208,-0.0019985920371503596,28.50406108420652,0.0035321580691416443
28.759540737678726,-0.0019564927074817717,28.50751906744987,0.0034579832433507818
28.7576254565414,-0.0019152811373253087,28.51090443051672,0.0033853630668509993
28.755750517975414,-0.001874938565986639,28.51421869559798,0.0033142650812578722
28.753915071344434,-0.001835446630980897,28.51746335309769,0.0032446574997102573
28.75211828398401,-0.001796787360422769,28.52063986229286,0.0031765091951712066
28.750359340821554,-0.0017589431624571716,28.52374965197827,0.0031097896854106466
28.74863744400222,-0.001721896819333324,28.526794121098412,0.0030444691201410023
28.746951812524753,-0.0016856314774678083,28.529774639366327,0.002980518267914789
28.745301681883266,-0.001650130641486669,28.532692547870752,0.002917908504425526
28.743686303718565,-0.0016153781647005871,28.53554915967076,0.00285661180000929
28.742104945474598,-0.0015813582439676566,28.538345760376814,0.0027966007060520326
28.740556890064543,-0.0015480554100548716,28.54108360872089,0.002737848344075644
28.739041435542628,-0.0015154545219147053,28.54376393711527,0.002680328394379927
28.737557894783365,-0.0014835407592634908,28.546387952199154,0.0026240150838852117
28.736105595167867,-0.00145229961549731,28.548956835374646,0.002568883175491976
28.734683878276524,-0.0014217168913432943,28.551471743331323,0.0025149079566766375
28.73329209958757,-0.0013917786889550143,28.55393380855998,0.0024620652286557743
28.731929628183885,-0.0013624714036843955,28.55634413985641,0.0024103312964314227
28.73059584646435,-0.0013337817195342438,28.558703822813953,0.0023596829575431855
28.7292901498622,-0.0013056966021487426,28.561013920306543,0.002310097492589591
28.728011946568767,-0.0012782032934346432,28.563275472961717,0.002261552655173915
28.726760657263995,-0.0012512893047720297,28.5654894996244,0.002214026662684887
28.725535714851986,-0.001224942412008545,28.567656997808957,0.0021674981845549723
28.724336564201835,-0.001199150650151637,28.56977894414475,0.0021219463357944335
28.723162661895113,-0.0011739023067214305,28.571856294810935,0.0020773506661839747
28.72201347597797,-0.0011491859171428587,28.573889985962808,0.002033691151872574
28.720888485718667,-0.0011249902593029049,28.575880934149225,0.0019909481864175405
28.719787181370222,-0.0011013043484453533,28.577830036720915,0.001949102571689565
28.718709063937887,-0.0010781174323355458,28.57973817223061,0.0019081355096943753
28.717653644951653,-0.0010554189862332919,28.581606200826204,0.0018680285955952058
28.716620446244473,-0.0010331987071801052,28.58343496463409,0.0018287638078859914
28.715608999733938,-0.0010114465105353077,28.5852252881344,0.0017903235003089435
28.71461884720924,-0.000990152524696697,28.58697797853027,0.001752690395871781
28.713649540122535,-0.0009693070867058395,28.58869382610831,0.0017158475780405524
28.712700639384263,-0.0009489007382725845,28.590373604591054,0.0016797784827424778
28.711771715164055,-0.0009289242202079606,28.592018071483377,0.0016444668923227823
28.710862346694388,-0.000909368469667271,28.593627968410946,0.0016098969275688546
28.709972122079616,-0.0008902246147712845,28.595204021451732,0.0015760530407860074
28.709100638108357,-0.000871483971259579,28.59674694146099,0.0015429200092569317
28.708247500069827,-0.0008531380385292664,28.598257424389285,0.0015104829282961418
28.707412321574797,-0.0008351784950306751,28.59973615159375,0.0014787272044642918
28.70659472437927,-0.000817597195528208,28.60118379014337,0.0014476385496209332
28.705794338212776,-0.0008003861664924727,28.60260099311715,0.0014172029737800074
28.7050108006097,-0.0007835376030769226,28.60398839989673,0.0013874067795782707
28.704243756744866,-0.0007670438648332834,28.605346636453373,0.0013582365566442434
