T_above,diff_above,T_bellow,diff_bellow
24.685826017547942,-0.31417398245205774,20.99769212201578,-0.0023078779842187203
24.395938371925517,-0.2898876456224251,20.99479900955247,-0.002893112463311809
24.129141720891457,-0.2667966510340598,20.992125037165174,-0.00267397238729572
23.88351889205235,-0.2456228288391067,20.98965359730543,-0.0024714398597431853
23.65732296299275,-0.22619592905959962,20.98736934229341,-0.0022842550120216742
23.448960610683052,-0.2083623523096989,20.985258088559583,-0.002111253733826146
23.256977292039554,-0.19198331864349782,20.983306728189504,-0.001951360370078703
23.080044028930725,-0.17693326310882895,20.98150314721696,-0.0018035809725454044
22.916945601987997,-0.16309842694272803,20.979836150136403,-0.001666997080555177
22.76656998407123,-0.1503756179167688,20.97829539017014,-0.00154075996626446
22.62789886680366,-0.1386711172675703,20.976871304840383,-0.0014240853297557976
22.49999915290071,-0.12789971390294852,20.97555505645103,-0.001316248389354513
22.38201530351323,-0.1179838493874783,20.974338477089727,-0.0012165793613014841
22.27316244403135,-0.10885285948188184,20.973214017812754,-0.0011244592769728001
22.172720143944456,-0.10044230008689325,20.972174701697572,-0.001039316115182487
22.08002679689557,-0.09269334704888621,20.971214080458683,-0.000960621238888848
21.994474536117163,-0.08555226077840672,20.970326194359735,-0.0008878860989476323
21.915504628285777,-0.07896990783138591,20.96950553517198,-0.0008206591877559788
21.842603295628354,-0.07290133265742327,20.968747011944394,-0.0007585232275850728
21.775297922016332,-0.06730537361202238,20.96804591937249,-0.0007010925719050931
21.713153603915543,-0.062144318100788354,20.967397908566515,-0.0006480108059747636
21.655770011523813,-0.057383592391730076,20.966798960039373,-0.0005989485271413741
21.60277852934686,-0.05299148217695304,20.966245358745095,-0.0005536012942783941
21.553839648864898,-0.0489388804819626,20.965733671009133,-0.0005116877359618854
21.508640588940843,-0.04519905992405526,20.965260723206697,-0.00047294780243589685
21.466893122249406,-0.041747466691436586,20.964823582062838,-0.00043714114385906555
21.428331588307103,-0.03856153394230333,20.964419536437937,-0.0004040456249008173
21.39271107573309,-0.03562051257401322,20.964046080504538,-0.0003734559333992138
21.359805758158043,-0.032905317575046666,20.96370089819366,-0.00034518231087687923
21.329407369792072,-0.03039838836597042,20.96338184881903,-0.0003190493746316747
21.30132380806327,-0.028083561728802664,20.963086953794278,-0.00029489502475144036
21.275377851996822,-0.02594595606644745,20.962814384354857,-0.0002725694394207778
21.25140598610686,-0.02397186588996192,20.96256245020845,-0.0002519341464086722
21.229257320576533,-0.02214866553032735,20.962329589051492,-0.00023286115695597687
21.208792599365594,-0.020464721210938563,20.962114356873393,-0.0002152321780997113
21.18988328868626,-0.018909310679333657,20.961915418998565,-0.0001989378748277204
21.172410738985544,-0.017472549700716655,20.96173154180716,-0.00018387719140378067
21.15626541421916,-0.016145324766384306,20.961561585083597,-0.00016995672356401315
21.141346182753036,-0.014919231466123506,20.961404494940357,-0.00015709014324016835
21.127559664742996,-0.013786518010039828,20.961259297281558,-0.00014519765879938973
21.114819631315875,-0.012740033427121489,20.961125091763428,-0.00013420551812970416
21.103046451278797,-0.01177318003707839,20.961001046206597,-0.00012404555683076524
21.0921665814535,-0.01087986982529543,20.960886391438006,-0.00011465476859129353
21.082112097085954,-0.01005448436754719,20.960780416518766,-0.00010597491924002611
21.072820259078163,-0.009291838007790432,20.960682464334354,-9.795218441155384e-05
21.064233115061647,-0.00858714401651639,20.96059192751843,-9.05368159251907e-05
21.05629713160413,-0.007935983457517892,20.960508244688327,-8.368283010184996e-05
